65 255 17 22
93 268 20 24
109 215 17 20
146 270 19 24
157 207 17 24
211 206 16 22
211 364 17 25
177 176 19 25
228 265 21 25
262 375 19 26
324 380 17 20
397 377 17 20
461 368 17 23
251 213 13 21
277 223 18 23
293 269 20 25
310 211 16 21
334 221 17 22
385 214 16 21
389 292 13 14
446 196 18 26
412 289 16 22
473 283 19 23
486 200 16 19
541 209 18 22
584 214 16 21
526 381 19 19
543 307 16 20
610 312 17 23
626 272 14 17
649 270 15 19
655 294 15 21
705 289 21 28
689 269 8 17
701 256 16 25
731 267 16 22
756 306 18 19
769 261 18 24
769 192 15 23
785 205 15 21
828 227 15 16
830 196 17 23
819 295 16 26
835 298 12 21
864 289 20 26
887 295 13 18
920 281 21 24
