606 169 43 53
952 343 23 29
888 393 24 30
700 447 17 26
555 421 16 18
513 408 22 25
494 338 14 20
404 320 18 23
330 429 19 25
287 342 18 23
329 366 28 35
74 343 21 27
25 329 19 25
950 294 20 20
916 303 17 23
949 266 16 21
902 269 20 23
839 283 19 24
812 289 15 22
761 288 15 21
712 303 15 22
502 269 19 21
482 303 21 22
366 301 12 18
257 307 17 21
359 266 17 25
186 286 12 18
204 266 14 20
132 293 17 21
91 285 16 19
29 281 18 23
207 304 17 17
791 206 19 24
820 202 16 22
728 211 19 28
804 235 15 22
764 221 16 21
771 164 17 20
733 174 20 23
884 200 19 24
886 170 14 19
977 241 17 20
928 230 16 23
887 243 18 24
858 220 18 24
862 241 14 19
915 185 16 22
787 268 17 22
958 128 14 18
440 195 21 27
475 182 16 19
513 159 16 20
66 264 14 18
175 241 15 20
242 194 17 16
207 194 15 15
302 165 14 18
225 250 15 18
157 209 20 25
255 239 15 18
695 131 13 18
687 177 18 20
329 204 13 16
329 247 15 19
355 231 13 18
453 248 14 18
425 243 17 19
405 250 17 21
527 212 16 22
513 197 17 22
496 233 17 20
567 216 16 24
820 148 19 25
908 95 13 20
874 104 15 23
820 180 15 23
111 266 13 21
157 276 18 23
42 194 13 17
84 224 14 19
63 249 15 22
16 227 11 13
107 237 14 17
104 196 13 18
367 164 17 21
397 158 14 20
425 144 13 19
218 150 16 23
254 153 15 24
279 199 15 18
330 157 12 21
285 159 13 21
282 232 12 17
371 232 11 16
503 103 12 16
517 122 14 20
464 145 15 20
543 100 15 21
569 148 10 16
443 175 16 22
131 207 13 16
166 187 13 19
176 161 13 15
144 193 13 19
200 223 13 20
771 96 16 21
816 92 10 14
762 126 12 16
789 129 13 18
551 168 13 19
994 266 24 22
707 159 15 19
402 285 16 21
317 327 24 27
233 282 14 15
99 316 15 18
148 314 16 18
977 182 16 17
277 266 16 21
