222 127 11 10
308 145 11 11
107 80 11 16
123 114 12 16
67 142 11 17
55 113 13 16
194 101 12 19
165 75 12 15
260 133 15 16
336 135 15 17
342 104 13 17
314 76 9 12
371 102 15 19
396 126 14 17
446 116 14 17
436 141 14 18
473 144 13 20
356 27 13 15
402 25 16 17
493 102 10 17
531 106 13 21
560 135 16 22
609 108 12 16
640 98 14 19
683 90 13 17
681 115 12 18
652 139 15 21
609 140 15 21
667 63 13 18
720 83 18 21
725 116 18 21
773 86 18 25
706 59 12 13
744 51 13 18
693 152 14 19
729 145 14 20
962 100 15 23
980 151 20 31
180 50 10 13
825 137 17 29
872 141 18 27
858 92 15 21
814 102 14 23
926 150 16 26
935 43 14 21
831 3 14 21
382 140 12 17
435 86 12 15
890 101 14 22
875 58 15 23
