416 296 12 17
444 258 12 17
508 312 13 16
479 291 10 13
503 259 12 15
481 262 13 14
497 248 10 13
534 244 12 14
528 271 13 14
559 255 10 14
585 283 12 15
558 332 14 18
568 317 13 16
613 335 13 20
622 326 11 15
622 309 13 14
650 343 13 16
621 281 13 15
610 260 11 16
634 249 11 16
655 259 10 11
722 284 10 14
728 274 9 11
746 279 9 11
759 306 8 11
827 266 10 12
856 275 8 10
931 333 9 11
963 336 9 11
895 276 7 10
905 280 7 8
914 281 9 10
928 288 8 10
1009 325 9 10
481 94 10 13
467 90 8 10
149 216 13 14
25 338 15 23
0 198 9 25
472 268 9 13
1009 281 8 9
6 217 20 26
31 272 13 18
41 268 19 19
110 290 13 20
148 247 18 20
114 219 15 18
63 219 18 19
168 217 13 19
210 210 15 20
200 265 18 19
215 281 15 19
247 260 14 19
228 242 10 15
239 233 11 18
231 200 14 15
208 337 12 22
300 251 15 17
289 231 15 17
314 233 12 14
329 230 13 18
357 255 16 18
378 256 13 15
369 235 13 15
419 254 11 16
359 249 16 16
