62 308 11 15
276 316 9 10
223 287 7 8
846 303 6 9
155 107 24 26
494 83 26 33
578 312 10 13
601 298 9 11
579 285 7 9
635 294 9 12
786 321 9 11
831 312 12 14
766 303 10 11
791 303 9 11
740 301 9 10
858 308 10 11
40 313 15 21
89 303 11 16
190 276 6 9
170 272 7 9
151 275 7 10
212 292 9 12
242 297 6 8
231 276 7 10
322 304 9 11
381 308 11 12
410 302 10 13
427 318 9 10
452 306 10 14
480 307 12 14
494 301 10 12
541 303 11 13
471 299 9 14
474 293 7 8
691 292 5 6
690 302 10 9
736 289 6 8
733 298 5 6
897 309 8 8
920 281 8 10
867 294 7 9
