67 172 22 26
167 155 9 20
177 141 15 22
280 179 12 16
300 161 8 10
331 178 11 13
360 173 9 12
390 170 12 14
398 153 7 9
480 186 8 14
494 164 5 9
439 152 7 9
508 159 6 8
511 170 5 7
526 169 15 19
560 179 13 16
560 155 7 9
574 187 14 16
572 172 9 13
585 174 11 14
611 164 12 16
620 190 19 28
636 177 14 17
656 177 12 16
632 160 9 13
645 159 11 14
670 186 20 24
714 206 21 21
703 169 12 14
797 197 16 22
877 189 16 20
935 198 21 25
979 195 23 31
893 205 20 18
979 169 11 14
1013 154 9 10
848 174 9 12
779 175 13 18
738 162 10 11
697 168 9 13
477 139 5 6
487 140 5 6
503 141 4 5
511 136 4 6
504 136 4 4
523 135 4 5
524 153 5 7
556 139 3 4
421 158 5 6
