73 177 24 24
158 171 22 23
189 174 24 24
230 171 22 30
90 299 32 31
135 303 32 29
211 264 23 26
331 241 26 35
286 183 18 19
326 174 21 27
317 159 17 25
354 177 14 24
0 181 31 33
375 190 18 24
399 161 19 27
418 195 17 24
447 190 19 22
465 161 15 24
474 144 19 19
494 171 23 25
518 151 18 25
456 249 17 24
436 338 26 34
461 352 32 37
505 289 23 33
533 246 19 24
553 163 19 28
567 138 18 26
587 188 22 21
552 306 28 29
625 237 16 22
766 185 21 29
805 145 17 31
821 173 25 23
871 217 25 33
713 298 28 36
681 374 39 51
754 166 21 25
891 149 25 33
915 183 25 25
844 337 36 39
737 146 19 19
640 258 19 22
675 178 23 28
613 161 17 26
629 165 17 22
658 163 18 24
694 149 21 27
734 161 20 28
715 247 21 26
