333 121 50 51
608 136 62 46
400 331 54 52
32 230 13 15
91 228 13 16
55 226 13 18
111 228 12 15
202 230 10 15
774 246 11 13
828 242 12 18
848 244 12 17
906 239 12 15
868 239 13 16
61 267 8 14
3 239 11 14
13 203 12 13
35 203 9 13
88 201 13 12
128 206 8 12
160 218 15 19
162 187 10 12
154 164 7 10
154 128 8 14
137 144 8 10
118 165 8 9
127 180 8 12
91 140 10 14
87 186 13 13
43 179 8 12
12 183 12 12
34 162 7 11
24 136 9 14
9 15 10 9
43 14 9 10
17 32 6 10
60 28 8 11
91 29 10 10
24 52 9 11
1 92 8 15
45 116 11 12
92 77 7 10
55 73 11 12
146 106 8 11
100 101 9 10
126 40 8 11
121 19 8 10
141 20 9 10
72 169 12 13
177 184 11 14
176 3 10 13
213 1 10 11
225 14 10 11
245 14 8 10
275 1 14 14
336 34 8 9
357 9 8 10
268 33 11 19
349 45 7 8
379 46 6 11
354 59 7 11
378 66 10 13
321 85 9 11
312 60 8 12
276 57 10 11
238 60 10 12
206 55 9 12
236 45 9 8
200 43 10 7
166 44 7 10
265 105 8 13
231 99 9 11
180 98 10 15
203 124 9 12
175 134 13 15
218 213 7 13
242 238 11 15
146 217 11 10
189 89 12 13
55 213 7 7
127 263 12 14
188 211 10 13
421 9 8 10
394 11 6 7
399 21 9 14
433 27 7 11
323 2 5 9
391 65 9 12
420 47 6 10
425 73 6 8
407 83 8 11
394 117 8 11
407 126 10 13
457 70 10 14
456 88 8 14
487 90 9 12
429 99 14 14
502 114 8 10
512 119 13 10
432 240 12 14
450 235 17 16
485 231 10 11
499 218 10 16
633 2 6 7
671 3 8 12
654 17 7 10
612 23 7 10
701 5 5 8
732 10 8 11
760 4 7 8
756 16 8 13
691 31 12 12
717 18 8 13
685 62 10 11
756 44 9 13
627 48 6 10
710 99 10 11
732 85 9 9
748 69 6 8
769 82 8 9
204 193 8 9
230 193 9 9
239 196 8 9
808 8 7 10
807 27 8 10
836 8 9 16
874 3 9 11
904 12 7 10
971 14 7 12
987 0 8 11
991 30 8 13
941 37 8 8
934 11 8 13
965 54 8 14
992 70 8 11
956 73 5 15
973 71 6 16
995 93 7 12
957 96 8 9
977 113 8 9
913 91 8 12
952 136 7 10
996 138 7 10
966 168 9 10
953 176 10 11
935 193 11 12
917 175 8 14
899 149 10 10
871 165 9 10
834 113 7 9
841 86 8 10
887 87 8 8
944 156 8 10
926 67 8 11
884 28 9 11
773 124 9 12
809 142 7 8
817 66 8 12
781 69 8 8
784 203 8 9
797 208 12 12
782 225 10 12
802 255 6 9
823 232 9 13
883 231 11 14
936 338 18 32
980 266 11 16
963 261 10 12
984 239 11 16
1003 219 10 13
976 196 10 12
717 248 10 14
1011 160 8 11
1004 48 11 15
850 35 6 10
925 130 9 11
804 64 9 13
908 133 8 12
910 75 8 11
34 2 10 8
113 2 6 8
124 4 9 7
310 109 9 11
1015 238 8 17
51 57 10 11
17 115 8 13
24 190 9 13
74 28 10 13
729 223 11 21
844 210 12 12
888 174 8 8
