105 153 22 22
167 137 19 26
192 144 19 21
232 145 18 30
259 141 18 30
288 153 21 31
324 145 15 29
349 139 19 24
379 153 20 30
401 143 20 29
423 128 17 26
443 156 22 26
475 130 15 21
496 116 19 29
523 140 20 31
573 128 18 29
182 226 24 29
249 228 23 31
343 257 24 30
419 239 21 29
481 235 21 29
542 234 21 30
198 298 26 34
296 294 24 37
404 298 26 36
531 300 25 38
602 144 19 31
621 125 15 27
653 136 16 22
671 146 20 27
600 252 21 25
645 302 25 34
664 213 24 31
715 138 18 22
733 143 25 28
812 148 20 24
846 155 20 24
907 165 25 29
773 248 23 28
869 270 22 27
