86 279 12 16
136 321 14 19
186 327 11 16
235 326 14 15
290 325 11 15
338 327 12 20
366 298 13 16
317 294 12 16
268 299 11 15
222 305 11 16
127 294 13 16
162 264 12 16
208 265 11 15
204 248 10 13
235 240 11 17
265 235 11 17
252 260 11 15
300 260 12 17
307 237 11 16
339 241 11 17
343 263 13 17
379 243 10 16
422 242 12 15
467 242 11 16
514 241 9 17
394 270 10 16
413 300 12 18
388 328 13 15
435 335 12 15
481 321 14 18
463 293 13 17
441 270 11 15
832 282 14 16
776 268 11 17
730 263 12 16
658 289 13 17
693 325 13 20
713 289 14 17
763 299 11 15
745 328 12 18
795 330 12 16
837 329 12 16
488 264 11 16
511 296 11 16
536 321 14 20
564 296 12 18
589 267 11 16
604 245 12 16
588 326 12 17
614 300 10 12
562 245 10 15
639 250 12 16
651 237 10 14
685 236 11 17
687 258 11 17
719 237 11 16
750 234 11 17
787 242 11 17
820 258 13 17
640 327 12 16
538 264 11 15
175 298 12 13
