118 227 20 27
176 234 21 22
141 295 20 17
111 382 23 29
226 265 17 27
253 255 18 21
232 379 17 23
281 270 18 21
322 237 18 24
341 264 20 17
362 330 19 22
392 256 19 22
411 242 16 23
427 258 16 20
439 294 17 18
471 277 17 24
480 241 18 25
451 356 19 24
470 345 17 25
531 267 16 19
552 272 18 22
572 247 20 21
597 258 19 22
557 345 18 22
592 366 18 22
624 345 20 21
643 339 21 23
646 252 20 25
639 258 14 19
689 248 17 26
707 260 17 22
778 374 19 25
798 239 22 31
872 239 24 29
384 434 22 30
402 424 17 27
534 446 23 26
574 432 22 23
