162 65 9 10
186 81 11 12
174 19 10 12
172 47 10 12
133 20 7 8
108 14 8 9
288 38 8 10
321 59 10 11
538 63 10 9
511 58 12 13
613 9 10 13
562 41 8 9
663 66 8 11
596 44 9 11
727 59 11 13
940 26 7 12
862 2 8 8
888 2 7 9
908 1 10 9
230 50 41 57
358 75 38 46
129 302 44 51
297 237 42 56
491 95 39 61
477 235 44 54
605 72 42 60
703 91 40 55
856 89 41 55
683 248 45 59
816 206 43 56
368 14 8 9
324 26 9 10
288 18 8 7
276 22 9 9
290 60 8 11
478 45 9 10
468 12 10 8
525 26 10 10
578 39 10 10
604 24 10 15
463 63 10 11
415 45 9 9
426 57 8 8
781 64 10 12
686 38 8 12
706 14 11 12
805 64 8 11
752 65 10 11
835 64 8 11
859 45 7 10
835 13 8 10
783 25 8 9
814 28 8 10
817 41 12 13
750 30 10 9
920 66 8 10
937 48 8 11
901 15 7 9
902 37 8 9
957 60 11 13
973 39 9 12
980 82 11 10
990 18 9 10
115 29 7 8
