216 449 10 11
202 412 11 14
37 424 12 14
51 414 11 13
85 402 12 12
101 399 10 11
40 447 19 23
20 472 17 16
295 410 9 12
316 439 10 11
303 450 15 20
318 426 10 10
312 404 9 9
926 383 6 8
930 371 7 9
801 412 8 9
805 399 6 8
797 391 8 9
779 380 7 9
644 329 6 6
664 335 5 6
851 373 6 8
855 393 7 9
983 383 6 8
949 404 8 8
131 423 12 12
340 439 18 20
394 439 21 19
457 424 13 17
399 409 11 13
361 425 11 12
803 375 6 7
968 387 8 8
293 401 10 10
130 323 7 9
99 334 5 8
43 331 6 7
74 323 6 7
200 330 6 7
163 329 7 8
189 322 7 8
671 306 6 7
648 310 6 5
616 332 5 5
234 386 8 10
146 422 9 11
62 410 6 8
340 420 12 12
391 390 8 9
386 404 7 7
447 361 5 7
447 350 5 7
321 317 6 8
474 224 28 39
162 443 19 23
108 446 20 25
391 369 6 8
393 329 6 7
406 372 6 8
412 400 7 7
415 430 10 13
428 373 5 7
270 396 7 9
569 358 6 7
382 351 7 8
448 322 6 7
409 332 5 7
317 380 7 9
174 414 13 12
163 390 9 9
110 432 11 7
110 409 10 10
17 427 8 9
47 392 11 11
21 406 11 11
672 402 7 8
547 358 7 13
580 343 7 9
580 329 7 8
657 379 8 7
627 342 6 7
730 355 7 8
730 419 11 13
574 388 9 9
725 345 7 6
663 362 5 8
770 408 12 14
757 426 13 14
836 414 12 16
818 401 13 19
855 409 14 16
979 401 11 12
992 381 8 11
877 412 9 12
777 393 7 10
925 399 10 13
911 409 8 10
831 362 6 7
876 358 5 6
852 362 6 6
433 350 5 7
365 322 5 7
429 336 6 6
415 348 6 7
427 305 5 6
391 298 5 6
342 308 6 7
394 350 5 7
341 327 5 7
443 294 5 6
431 321 6 6
327 288 6 6
356 324 7 8
706 393 7 8
701 411 7 7
273 426 13 16
222 444 10 11
165 401 8 10
130 398 8 10
62 410 6 6
353 387 9 9
370 388 9 10
549 434 15 17
593 422 16 16
682 408 11 13
701 421 11 13
689 427 12 16
647 403 15 17
627 405 10 13
558 420 13 16
548 414 12 15
693 396 8 10
634 389 6 8
594 387 7 7
586 414 12 11
688 363 6 6
704 364 6 7
706 378 7 9
562 408 11 8
581 373 6 8
577 358 6 8
597 355 5 6
613 358 6 7
601 371 6 8
586 385 6 9
648 350 6 7
661 348 7 8
666 391 6 8
