845 442 21 35
502 490 12 20
524 467 16 20
80 514 18 43
140 534 16 37
126 481 7 10
63 519 13 14
60 541 13 15
494 169 25 35
675 139 30 39
33 533 17 21
920 612 100 71
704 574 81 102
995 496 29 51
896 454 40 28
559 498 52 75
710 508 30 32
695 462 27 23
742 476 25 29
983 451 41 41
386 584 26 35
119 645 72 38
421 535 24 19
449 494 21 26
252 548 33 38
213 541 17 22
356 493 15 19
798 464 15 22
241 481 11 13
289 508 11 14
332 516 13 14
257 505 12 16
282 475 10 10
266 483 14 15
220 473 13 14
330 488 11 11
474 531 15 28
453 613 34 49
409 507 12 16
421 476 12 20
682 473 16 18
809 459 33 31
151 488 11 14
308 528 14 17
205 475 10 12
253 488 10 10
292 562 17 20
422 574 36 36
382 490 9 13
399 474 11 16
358 479 12 15
