189 400 12 13
207 390 11 16
230 394 11 13
258 389 11 15
268 397 11 13
296 424 12 13
331 404 13 16
361 370 10 13
319 364 12 15
333 342 12 13
352 335 11 13
373 333 7 10
381 316 12 12
294 326 13 15
243 350 9 14
252 318 10 13
106 424 17 17
126 429 11 16
68 429 16 20
46 433 17 18
14 372 16 18
92 362 15 18
119 354 12 17
132 344 12 16
151 366 9 10
160 361 11 15
179 357 11 15
190 353 11 16
196 433 15 20
266 443 9 13
29 316 14 16
64 312 14 17
85 317 14 15
103 310 12 19
128 308 13 17
116 276 12 14
140 273 12 14
84 259 11 13
63 256 11 14
29 282 11 12
197 305 12 16
220 294 12 17
262 270 10 13
184 265 13 15
194 242 12 15
153 241 13 15
133 250 12 15
222 255 10 11
228 241 11 15
244 215 11 14
264 217 10 13
293 217 9 11
300 236 10 13
289 266 11 12
323 274 9 11
329 260 10 11
309 304 12 12
321 294 9 13
284 301 11 13
338 316 10 12
328 215 9 13
351 235 10 13
360 258 11 13
389 261 10 14
421 258 8 14
422 235 9 13
423 222 12 9
425 206 8 13
376 211 10 13
352 209 12 14
350 187 11 13
318 187 10 14
242 189 9 11
186 214 11 13
485 322 12 11
496 315 9 13
475 286 9 12
487 284 9 13
504 289 9 12
535 280 11 12
546 312 10 13
572 349 9 12
607 350 9 11
626 343 10 13
645 339 10 13
675 339 7 10
444 262 10 11
457 233 9 11
137 217 12 13
89 198 11 14
110 189 10 14
47 216 12 15
51 190 11 15
14 200 8 12
13 226 12 11
10 166 10 12
12 142 10 13
50 157 8 10
45 123 9 12
68 121 10 13
97 121 10 12
121 125 10 14
131 149 9 11
156 126 9 12
160 143 10 12
175 168 10 13
156 168 11 12
202 147 10 12
220 165 10 12
243 170 9 12
222 148 9 11
236 150 8 11
257 150 9 12
279 151 9 11
296 148 9 13
25 108 9 11
13 107 10 12
54 102 10 12
77 104 10 12
134 111 9 12
124 112 7 9
165 105 9 12
194 125 8 9
100 84 8 10
72 80 10 13
57 77 10 12
31 86 7 12
110 104 10 14
117 144 10 13
62 181 13 9
90 58 9 10
100 49 7 11
265 91 9 11
318 113 8 10
285 55 8 11
325 164 10 12
330 126 8 11
336 118 7 10
355 126 7 8
365 147 7 9
377 132 9 10
388 149 9 11
405 147 11 12
426 151 8 11
423 140 7 9
420 129 8 10
485 148 9 11
514 151 7 11
528 171 7 12
512 192 7 8
478 193 9 11
474 181 8 11
456 190 10 12
476 111 9 11
494 117 8 10
606 318 8 11
611 316 8 10
620 253 9 11
629 233 9 12
606 231 9 11
659 233 9 12
689 238 7 11
597 193 8 11
585 192 7 10
568 192 9 10
711 273 12 12
697 275 9 11
739 327 10 12
750 316 8 10
768 276 9 12
739 191 8 10
867 324 10 11
814 326 8 10
929 291 8 9
638 139 9 10
670 136 7 10
675 117 6 10
648 122 7 9
705 123 6 8
739 125 7 8
973 178 8 9
1 412 13 18
399 64 7 10
131 80 8 11
1009 320 8 11
217 270 11 18
