720 395 14 18
763 375 14 14
779 398 11 15
712 365 13 18
592 416 16 21
647 414 11 18
645 392 12 14
798 1009 45 52
901 961 33 45
631 927 33 41
494 953 34 41
434 976 36 45
280 1022 33 43
213 1020 39 50
214 926 33 40
129 937 27 36
123 829 32 46
507 879 36 52
764 846 33 45
599 851 29 47
647 844 32 45
618 825 31 39
581 811 36 48
612 784 27 36
546 763 34 41
733 1012 35 47
780 1021 35 43
275 838 32 45
282 788 27 35
438 890 28 47
653 996 39 50
539 1008 35 47
33 522 12 18
106 534 13 17
120 528 17 16
491 757 16 22
287 907 28 43
134 879 18 33
