801 321 74 95
608 331 53 52
492 271 41 50
538 259 27 31
424 274 31 35
377 309 59 66
159 365 74 57
84 285 37 40
272 286 15 20
240 267 26 21
302 222 12 19
341 244 12 14
326 245 10 13
139 187 21 19
138 241 12 18
83 256 23 33
370 255 30 33
448 246 27 33
571 243 22 24
539 225 15 20
439 225 9 15
386 171 11 18
635 236 15 17
656 216 12 18
683 207 9 14
606 247 15 20
762 302 26 31
709 280 20 34
711 251 26 37
734 251 17 25
741 229 14 18
771 228 14 15
811 230 18 18
811 210 11 15
800 206 7 10
751 210 12 15
709 213 11 14
875 244 14 20
815 265 42 54
946 228 19 27
881 207 13 18
898 208 6 9
914 167 10 11
497 243 21 26
851 223 13 22
939 214 12 20
