373 480 19 24
323 419 17 20
527 437 16 21
254 429 17 19
596 417 16 20
693 453 19 24
682 404 16 23
780 396 17 25
815 353 18 24
753 356 17 21
164 393 16 21
239 394 15 22
307 396 17 23
503 391 16 22
483 382 14 21
675 361 16 19
570 381 14 19
143 353 15 22
223 345 15 21
278 363 14 22
340 357 15 21
443 347 16 23
511 350 17 23
599 361 19 22
367 344 14 21
102 313 9 16
174 299 12 21
246 285 13 20
187 336 14 19
303 283 14 20
475 320 14 24
523 320 15 22
563 331 15 22
621 315 17 22
720 326 16 21
764 316 16 20
957 290 14 17
648 362 17 20
646 334 15 21
695 312 15 20
737 305 16 18
800 268 12 20
718 260 15 22
636 237 12 18
228 252 11 20
332 264 10 18
298 242 16 21
341 276 10 20
403 237 14 20
476 307 14 14
478 200 16 20
552 178 12 19
624 168 14 18
655 227 12 16
739 189 13 19
780 207 11 20
784 146 14 20
852 161 13 18
946 158 13 16
841 112 13 16
872 112 11 18
897 112 14 16
951 134 13 17
954 104 14 19
943 112 11 17
673 346 14 17
635 292 16 19
490 275 13 19
416 273 15 17
428 221 12 17
494 228 14 19
494 194 11 16
584 217 13 14
