78 43 12 15
56 36 6 7
102 36 9 10
115 35 8 11
126 37 8 11
145 39 11 13
168 50 10 11
168 32 7 11
197 34 10 13
222 40 12 15
239 12 10 11
248 14 8 9
124 16 6 6
78 28 4 6
67 34 7 8
18 158 9 11
49 155 7 9
58 154 6 8
71 152 7 7
80 158 7 8
93 153 6 7
110 155 7 7
128 152 7 9
145 157 6 8
158 157 6 7
191 159 9 11
217 167 8 8
307 44 24 35
352 42 19 16
383 36 23 35
377 48 16 22
446 62 10 15
613 68 15 22
653 68 10 15
655 73 14 17
557 88 8 9
570 84 6 8
596 67 10 13
906 12 12 9
887 27 8 10
833 88 14 11
885 117 9 9
906 98 11 15
945 104 13 18
1003 120 4 6
1003 106 4 5
986 107 4 6
971 105 5 6
980 116 6 6
968 116 4 5
929 116 6 8
800 185 11 13
867 191 15 18
901 294 14 19
898 288 10 13
820 281 12 14
797 290 7 10
765 299 5 8
860 296 5 7
933 301 5 6
878 303 4 7
856 288 6 7
806 287 4 6
1002 210 5 7
989 207 5 7
981 204 5 6
948 205 4 5
963 204 4 6
971 210 4 6
925 208 4 5
918 203 4 5
770 208 6 6
785 206 4 6
282 345 11 13
315 343 10 13
327 312 8 11
343 304 7 9
351 316 8 10
368 306 9 10
375 314 8 11
348 348 8 11
336 383 11 13
378 347 9 12
379 383 9 12
413 375 11 14
406 347 9 13
402 311 10 12
391 302 9 13
413 308 8 9
443 303 8 11
433 314 9 12
435 350 8 10
454 379 11 15
465 348 10 13
459 310 7 13
464 299 9 13
491 303 8 12
484 318 10 13
518 312 8 10
515 324 8 12
496 350 9 13
527 349 9 13
525 379 11 12
538 325 8 11
560 313 8 12
565 322 9 11
582 317 8 11
602 318 9 12
624 321 9 11
647 319 9 11
612 328 8 11
632 330 8 11
652 334 9 11
589 333 9 12
558 350 10 13
586 350 10 13
617 355 10 11
652 352 9 11
684 350 10 12
699 330 9 12
722 351 10 12
559 389 11 12
591 382 9 14
620 387 9 13
648 390 9 11
672 400 11 12
788 392 12 18
909 354 15 19
920 437 35 42
88 260 17 24
131 289 10 11
190 291 9 12
205 298 7 9
212 301 7 9
239 299 7 11
248 298 6 8
63 378 5 6
102 376 5 7
142 379 5 7
178 377 5 6
244 373 9 11
205 376 5 8
933 388 10 11
264 598 9 9
283 598 7 9
258 571 6 10
295 582 6 7
283 579 3 6
320 570 16 20
395 564 11 18
391 574 11 15
397 618 25 22
431 615 20 26
423 572 6 7
342 595 6 7
336 575 4 6
415 577 4 5
450 580 4 6
460 582 4 6
502 581 6 7
513 549 14 19
554 548 17 24
532 562 10 8
581 578 7 10
576 550 9 11
653 618 36 28
690 548 8 12
678 556 6 7
725 559 5 8
739 562 7 9
684 639 29 26
640 548 16 10
765 639 19 25
839 602 14 13
864 565 10 12
918 569 9 10
980 637 21 27
945 537 12 12
995 545 8 9
75 652 13 19
154 653 13 18
9 638 6 14
18 631 8 10
35 640 9 11
45 633 7 10
31 626 8 8
15 619 7 9
11 614 6 7
44 618 7 9
50 613 6 9
67 615 7 8
58 626 6 8
69 627 6 6
82 618 7 10
88 611 5 7
106 615 5 5
92 636 7 9
72 642 9 7
102 628 6 7
122 616 7 7
123 633 7 9
143 638 9 12
139 623 7 8
141 614 4 5
82 505 12 23
113 493 11 14
126 490 14 19
200 515 22 29
246 510 4 5
15 376 5 7
168 630 7 7
222 632 6 6
238 626 5 5
83 640 8 10
