500 290 44 59
363 313 36 47
381 232 41 59
424 215 18 42
451 203 27 42
473 193 17 28
494 183 14 28
36 296 45 55
80 227 43 54
128 225 34 44
153 221 28 39
202 202 38 42
232 194 21 30
255 184 26 36
285 170 27 33
314 158 26 32
346 152 21 32
368 138 13 20
378 117 15 21
258 107 22 18
195 131 19 28
511 110 16 21
553 98 22 26
520 163 11 22
393 42 16 18
295 95 16 19
0 172 30 42
77 179 22 28
112 157 29 36
135 161 16 25
168 135 23 31
42 100 21 25
314 96 14 18
326 93 14 19
344 89 13 17
357 85 11 18
462 53 15 19
450 91 10 15
435 95 10 12
403 42 10 19
422 47 10 16
31 47 11 12
41 53 12 14
59 49 10 12
98 50 10 11
114 48 8 10
129 44 11 13
323 53 8 8
249 26 10 8
275 32 7 13
235 36 8 9
226 34 7 9
219 35 7 9
177 41 9 10
158 46 6 10
189 34 6 11
349 47 9 13
434 31 10 11
445 32 10 10
480 54 8 11
488 48 9 14
504 40 7 7
531 107 9 11
595 127 17 16
547 60 10 13
734 120 17 19
685 61 11 19
771 39 10 12
957 244 34 46
