23 126 8 9
52 127 8 10
13 154 6 9
19 181 9 11
69 181 8 10
106 183 8 11
124 182 10 12
56 212 9 10
60 239 9 12
37 241 10 11
17 241 9 12
173 83 10 9
295 106 8 9
275 101 8 10
250 106 8 8
190 134 8 10
214 129 9 11
242 129 7 11
263 132 7 9
285 133 8 9
345 155 10 10
319 160 10 9
380 206 9 10
351 214 9 10
258 213 7 10
233 205 10 10
251 238 10 9
278 243 9 10
299 242 7 10
326 238 10 13
349 244 10 10
370 247 10 11
467 240 9 12
410 79 7 10
429 81 9 10
406 104 8 11
427 101 8 10
452 107 7 9
473 101 8 10
518 133 9 9
440 161 8 9
463 154 8 12
486 159 8 11
509 159 8 10
582 159 8 10
481 184 10 10
512 186 9 12
534 187 8 9
561 183 8 10
491 208 8 11
516 212 8 10
545 206 8 12
589 207 9 10
610 211 8 10
494 237 11 13
519 240 10 12
543 240 8 11
568 239 8 9
597 244 7 11
622 242 8 9
646 241 9 9
638 214 8 8
655 105 8 11
700 105 9 9
692 82 8 9
724 111 7 8
657 187 6 9
684 199 9 9
808 141 7 10
834 139 8 11
987 181 8 10
1005 181 9 11
1011 212 9 10
778 213 7 11
827 241 9 10
0 435 6 10
30 419 10 11
50 433 8 10
90 399 7 9
155 415 9 10
142 393 9 10
215 384 8 11
230 410 9 9
335 433 13 12
354 387 8 11
459 394 9 10
491 415 8 10
493 389 8 8
524 411 8 11
535 434 10 13
553 414 8 9
585 415 11 11
823 400 9 10
851 408 8 9
855 433 11 13
940 442 12 16
321 687 10 21
970 583 8 13
631 185 6 8
665 213 6 8
698 159 7 11
707 133 6 10
682 131 7 9
661 130 7 9
633 133 7 9
591 130 6 9
676 108 6 9
759 77 7 8
711 82 6 9
628 78 7 10
668 79 7 9
602 79 8 10
583 82 7 9
588 108 7 9
607 107 7 9
612 134 7 9
543 135 8 9
562 156 7 9
586 182 8 11
611 183 7 9
534 157 7 9
605 157 7 9
629 158 7 9
467 210 7 9
331 211 7 9
340 183 8 8
369 185 7 9
398 188 7 10
298 183 6 8
271 188 7 9
247 183 8 10
220 183 8 9
284 210 7 10
307 210 7 9
227 162 6 9
207 159 6 9
248 154 8 10
275 157 7 10
297 158 6 8
372 154 7 9
395 158 8 9
419 156 7 10
397 241 7 11
426 243 7 9
447 239 7 10
307 125 7 10
334 130 6 8
355 131 6 8
376 130 7 10
382 100 7 10
232 102 7 9
208 102 7 9
181 100 7 9
199 83 7 9
216 79 7 9
235 79 8 9
259 77 6 9
282 79 7 8
303 80 6 8
322 78 6 10
345 78 6 8
364 80 6 10
386 80 7 9
362 104 7 10
340 102 7 10
318 104 6 9
457 78 5 8
477 80 7 9
496 82 6 9
522 81 6 8
536 79 7 9
558 81 7 9
567 106 6 8
523 106 7 9
496 103 7 10
474 129 7 9
448 131 8 9
428 131 7 8
402 131 7 8
924 254 7 8
933 242 8 11
957 250 7 9
924 216 7 10
898 215 8 9
866 215 7 9
820 209 7 10
765 209 9 9
879 184 8 10
898 183 8 10
918 184 9 10
942 176 8 11
968 178 10 11
943 215 8 10
980 212 8 11
833 182 7 9
798 183 6 9
767 182 8 10
796 401 9 11
770 395 8 9
745 398 7 10
749 416 10 12
729 409 10 11
720 386 9 10
687 409 8 10
676 389 8 9
650 410 8 10
639 392 8 10
616 410 9 10
421 393 8 10
526 390 8 10
562 394 8 10
598 385 9 9
454 410 9 12
355 412 8 10
413 431 8 11
421 415 9 10
390 385 9 11
318 390 8 8
284 390 9 9
252 388 8 11
263 413 9 9
318 414 8 9
296 413 8 8
387 409 9 10
115 401 8 8
178 388 8 10
182 412 7 11
141 212 9 8
151 237 7 10
123 237 7 9
103 243 8 9
87 240 7 10
99 208 9 10
76 210 8 9
34 210 9 11
11 209 8 11
45 178 8 11
36 154 8 10
59 150 7 9
67 128 7 9
91 128 6 9
853 212 7 10
777 240 8 9
810 246 10 13
846 241 7 10
872 244 7 10
890 250 8 9
912 244 8 12
761 242 7 9
746 244 7 8
817 181 7 8
858 186 7 8
922 570 13 17
985 591 13 21
899 449 11 10
