359 406 15 19
241 403 12 17
234 393 12 18
643 402 17 21
507 402 15 19
503 375 15 18
476 376 11 20
182 181 6 10
191 197 7 11
412 322 13 16
398 328 9 15
246 382 7 15
615 376 11 14
934 469 11 17
916 456 10 16
885 446 9 16
985 419 12 19
836 424 11 16
819 403 11 18
793 404 10 18
773 382 13 13
881 395 10 21
751 370 9 11
875 308 8 14
907 293 13 18
892 360 11 16
850 354 10 13
860 278 9 16
889 284 11 9
982 296 12 16
926 303 11 10
933 320 11 15
968 313 7 13
1013 316 8 17
980 318 7 14
905 318 9 14
754 335 10 12
961 443 11 17
874 439 11 14
980 489 13 18
815 343 8 12
253 362 13 17
