134 657 14 18
69 593 17 21
330 621 13 19
164 619 18 18
218 595 14 18
401 587 18 18
325 506 11 12
396 555 11 12
448 537 13 11
346 488 11 14
367 467 11 13
395 451 11 11
551 537 11 16
545 521 9 11
399 718 24 23
606 716 24 21
902 728 19 18
738 654 18 14
246 406 9 12
202 434 8 11
187 399 8 9
231 388 9 11
167 451 11 13
155 408 10 11
50 476 14 11
17 421 11 12
55 449 11 15
100 394 10 11
47 336 8 10
19 351 10 9
101 371 9 11
151 374 7 9
170 361 7 9
200 358 7 9
121 356 8 10
81 335 6 8
106 328 7 8
133 321 7 8
939 554 12 12
964 546 11 8
6 537 18 17
160 531 15 18
140 470 11 13
343 337 7 12
381 328 10 12
422 331 7 9
470 319 6 10
447 341 4 10
435 360 9 13
459 357 8 12
482 389 10 11
501 370 10 12
493 341 10 13
522 338 7 12
589 359 9 9
619 360 8 10
589 380 8 12
543 372 7 12
616 418 8 11
642 411 8 11
665 405 8 10
635 433 9 12
577 422 9 10
554 405 8 10
558 365 12 11
697 399 7 10
679 375 8 10
721 367 9 10
738 382 9 8
751 415 8 9
705 445 15 15
781 438 8 11
762 359 6 9
733 338 8 8
701 351 7 11
784 350 10 9
774 405 9 10
789 378 8 9
888 386 9 12
868 386 9 11
904 374 9 10
900 405 10 13
872 451 8 11
837 422 9 12
838 524 10 14
879 524 11 11
768 494 9 11
792 483 10 12
738 423 9 10
838 474 12 13
967 469 11 14
941 479 10 13
900 446 7 10
922 435 10 13
934 431 10 10
985 460 11 11
1012 512 9 13
990 520 14 13
999 412 9 11
989 383 8 13
919 400 12 8
856 456 8 11
796 439 7 9
856 423 8 10
902 497 10 14
251 558 15 18
235 413 9 12
45 318 7 9
61 287 8 9
32 291 7 10
290 691 15 21
