429 329 4 5
433 325 4 5
419 323 4 5
421 332 3 4
419 327 3 5
327 442 11 15
354 427 9 13
367 429 10 14
406 433 9 12
390 422 9 12
342 390 10 14
344 362 8 11
362 384 12 9
356 362 6 11
363 367 6 10
370 371 5 8
376 368 8 12
382 374 7 9
390 367 9 13
351 346 5 7
401 345 5 7
380 342 7 9
386 334 5 6
382 324 4 5
404 335 4 5
405 329 4 6
403 324 4 5
484 424 5 7
499 423 6 9
425 417 5 7
509 432 6 10
510 422 6 9
490 432 5 8
482 435 4 7
572 344 4 5
575 382 6 6
581 391 6 8
586 392 6 8
598 410 7 9
620 373 9 10
601 367 4 5
578 358 4 6
580 352 4 6
640 365 4 6
645 376 4 6
634 389 4 7
644 392 5 6
650 390 4 6
648 400 5 7
654 405 4 6
662 404 5 7
665 397 4 7
663 391 4 5
659 397 5 7
575 435 7 9
583 438 6 9
589 439 6 8
595 446 6 7
595 432 5 7
598 439 6 7
603 432 6 7
608 439 6 7
576 423 5 7
623 439 5 7
625 432 4 6
636 439 5 7
638 429 5 6
646 437 5 6
644 429 4 6
651 434 5 6
658 435 6 7
648 424 3 4
652 423 4 5
593 387 6 5
585 384 5 5
594 393 5 5
597 400 6 7
675 395 6 9
671 394 6 7
748 426 4 5
753 427 4 6
754 393 4 6
751 437 5 4
736 428 4 6
813 348 10 36
406 314 4 6
414 313 4 6
420 315 5 6
384 294 5 7
379 280 4 5
387 328 5 6
462 322 10 16
347 333 4 5
347 336 5 5
679 379 7 9
752 175 4 5
771 346 12 16
605 394 5 7
624 366 4 5
317 348 6 7
131 321 19 20
205 346 15 18
271 332 11 17
307 355 13 17
282 355 8 14
326 375 9 13
327 363 12 15
246 349 7 10
452 328 15 19
524 334 14 21
482 371 7 11
488 392 6 8
497 372 7 11
507 377 8 11
494 356 5 6
501 358 4 5
506 354 4 5
519 353 4 5
523 356 4 5
521 365 4 5
510 374 7 8
515 358 5 5
