160 215 14 11
177 171 9 10
203 184 10 10
258 160 10 11
267 196 11 9
285 178 10 11
311 181 9 11
368 181 10 13
381 170 10 10
407 184 12 13
547 439 9 10
618 480 9 12
651 491 8 11
665 496 9 12
695 478 9 9
625 510 10 17
659 515 11 12
598 506 9 16
580 530 17 19
510 553 15 22
529 512 15 19
514 501 11 15
963 509 13 17
488 502 9 14
333 445 7 9
300 436 9 9
274 454 7 9
249 463 9 9
265 480 8 11
315 479 9 10
350 492 8 9
358 498 9 12
336 510 9 13
319 508 12 15
304 494 8 11
288 499 8 13
258 504 8 11
248 513 14 16
246 489 9 11
226 492 10 12
206 504 13 18
181 501 12 12
153 512 12 17
191 526 12 18
185 547 11 18
133 522 12 18
130 502 9 15
81 515 11 16
120 534 14 22
33 478 15 22
107 564 15 25
409 487 7 10
928 511 10 17
446 180 10 12
490 184 13 14
339 175 10 11
299 192 10 11
340 199 10 9
899 529 17 18
871 497 10 11
948 493 10 12
921 481 13 12
900 437 9 10
568 490 10 11
539 466 10 13
799 494 8 10
