3 303 19 21
5 321 22 26
22 300 26 32
65 309 30 31
118 322 22 28
146 322 23 28
182 309 25 28
153 286 20 24
222 298 18 25
242 292 26 28
248 317 21 31
282 290 33 36
314 297 25 34
380 235 18 21
364 311 21 29
383 308 23 29
405 309 22 25
384 271 17 32
463 292 31 43
506 279 13 21
518 293 23 31
549 289 34 38
595 286 26 29
379 353 23 33
430 355 24 30
449 295 24 35
627 302 22 25
646 294 34 43
694 277 20 26
711 292 22 28
725 339 22 28
777 285 23 28
778 304 23 30
792 306 26 33
836 328 11 23
870 245 24 27
857 283 26 31
882 269 24 32
920 260 25 34
928 283 25 26
954 260 27 41
956 354 28 38
1007 286 17 35
1017 290 7 31
999 264 20 26
255 452 21 22
344 463 16 26
875 515 26 40
893 559 26 39
898 590 16 38
1010 542 14 39
930 658 46 59
834 639 22 42
