312 402 19 23
227 377 19 23
62 322 18 22
175 350 16 23
93 331 8 12
576 375 20 23
638 362 15 22
533 367 19 20
510 354 14 22
462 357 15 18
768 362 21 23
882 361 17 22
871 335 14 19
688 346 16 20
743 337 13 17
932 323 15 16
875 248 9 11
883 311 11 16
840 315 11 14
775 306 12 17
692 298 9 15
617 299 12 14
649 292 8 12
727 295 10 11
498 341 13 18
510 275 8 11
471 305 11 16
488 291 10 12
542 272 9 10
387 370 14 18
275 358 14 23
266 321 17 21
141 358 11 16
44 301 11 15
113 325 9 12
1008 334 11 16
610 326 19 23
