216 101 10 11
324 146 8 11
276 154 9 10
397 164 21 28
398 106 11 17
150 150 10 11
470 165 25 33
523 168 19 33
420 123 10 14
462 139 9 13
419 141 12 13
454 146 15 20
658 149 7 10
740 138 18 21
771 160 22 28
714 145 8 11
1015 147 7 9
995 90 12 14
1010 117 14 18
312 100 15 14
275 616 10 11
270 685 13 15
190 454 8 12
592 98 8 11
607 136 8 8
209 135 16 15
12 166 21 24
31 125 11 14
88 112 10 12
169 146 18 18
103 123 15 16
157 579 9 9
178 616 10 11
29 598 11 17
38 642 11 11
40 685 10 13
107 729 14 14
240 652 11 10
368 623 12 13
343 653 12 10
331 711 9 12
353 749 16 13
439 718 16 14
454 656 11 10
543 610 11 11
519 664 9 14
568 705 13 13
664 639 11 12
626 609 8 12
737 620 9 12
776 649 12 14
776 694 14 14
822 628 12 17
738 732 16 18
833 566 11 11
911 599 13 14
965 566 12 14
857 161 21 31
911 167 19 32
944 136 22 26
869 117 16 17
812 139 14 20
725 100 12 17
763 102 8 11
777 104 9 15
797 118 10 15
473 108 10 16
487 124 12 12
531 107 8 13
361 152 10 11
358 107 10 14
372 139 22 23
44 142 15 23
231 126 17 21
10 107 13 18
358 123 16 19
