34 162 25 56
232 144 39 56
77 228 39 62
317 198 34 59
102 390 43 55
335 72 34 41
428 109 39 56
460 157 40 55
468 67 42 50
486 137 36 55
710 86 38 52
728 117 37 52
759 116 33 50
822 28 35 48
821 3 33 39
910 39 33 52
938 165 41 58
584 182 43 47
560 214 40 52
419 300 43 58
608 235 40 54
753 230 44 57
719 347 45 62
752 160 37 50
691 457 13 20
707 471 16 24
715 500 16 28
736 480 18 28
729 463 14 18
719 454 15 17
764 476 15 27
755 443 12 17
763 459 14 16
779 461 12 23
778 444 13 19
717 440 15 16
690 515 16 25
699 536 17 33
670 545 22 36
713 546 21 33
740 520 21 33
768 523 20 34
724 582 20 18
755 570 17 26
692 430 11 14
