997 202 17 20
945 194 15 23
946 172 14 19
950 159 16 15
887 175 14 16
880 191 16 19
880 219 16 24
843 292 24 28
813 183 18 18
728 297 17 25
751 305 21 29
730 173 14 19
707 158 14 19
682 128 14 16
666 183 13 19
627 129 14 19
611 168 16 19
611 280 20 26
616 322 24 26
527 328 18 23
559 275 21 26
580 165 12 18
588 148 13 16
577 130 13 18
529 134 15 16
514 159 15 19
481 122 15 18
485 154 14 17
461 155 13 15
441 139 13 16
432 119 14 17
515 288 19 28
493 261 21 24
493 242 18 13
425 235 20 22
455 272 20 22
462 312 21 25
409 307 21 26
393 258 18 25
371 227 20 27
333 275 21 27
320 239 17 26
409 148 14 19
403 137 10 11
383 114 13 17
778 192 12 21
367 173 15 16
364 130 14 17
318 128 13 16
315 147 12 16
286 114 14 15
279 139 14 16
237 140 12 16
224 151 14 15
224 110 11 18
213 122 13 16
165 109 13 14
182 94 12 16
144 95 14 18
129 111 12 14
122 125 14 18
270 223 17 22
260 238 17 24
277 272 19 24
222 218 17 24
199 229 19 26
209 264 18 26
153 219 19 24
158 255 21 24
92 218 18 24
101 236 21 25
102 94 10 16
87 101 11 15
72 99 12 12
72 114 13 15
34 118 13 16
40 101 12 13
74 272 21 22
48 222 19 25
5 269 21 26
0 185 13 20
5 99 12 15
355 149 14 18
