92 147 5 7
159 139 4 6
249 182 5 8
115 445 14 26
125 422 15 23
167 439 14 17
179 438 11 16
204 441 9 14
199 457 9 11
216 465 7 9
228 463 9 11
232 442 9 12
239 450 8 11
240 441 5 9
245 442 6 10
253 446 8 10
262 445 7 10
269 457 7 9
197 427 7 8
786 326 6 8
858 329 7 8
885 326 5 5
805 478 8 10
792 451 9 11
780 448 8 8
798 471 7 8
811 451 8 9
818 460 8 9
832 454 9 12
847 456 10 13
862 449 9 12
868 450 10 13
879 446 10 13
829 445 8 10
841 434 7 10
849 434 8 9
858 428 9 10
869 425 7 11
876 424 9 12
899 436 8 11
930 442 19 26
919 421 16 21
821 440 8 10
1014 497 10 16
890 424 11 12
301 433 15 22
265 44 7 10
716 68 4 5
184 420 7 8
166 417 7 9
171 415 9 11
224 412 7 9
216 435 6 10
168 403 7 8
203 420 6 8
199 418 4 7
200 406 7 11
207 467 7 11
332 433 11 22
334 432 13 21
343 461 6 8
486 462 7 10
558 460 7 9
595 464 5 6
655 423 15 19
676 424 16 20
694 438 16 23
757 433 17 20
512 73 17 23
485 168 7 8
528 163 7 9
856 156 5 6
939 156 5 6
983 153 5 7
756 327 8 8
768 322 8 9
775 338 6 7
217 424 7 8
