664 384 21 28
868 428 20 28
373 376 13 19
547 330 12 15
573 335 13 14
580 380 12 19
279 412 15 18
105 405 15 23
417 382 14 20
848 379 14 20
548 370 13 20
406 408 14 18
102 371 14 21
48 408 12 17
955 407 12 19
495 394 12 18
607 371 10 16
1 397 7 18
28 392 12 15
122 399 13 21
391 381 10 17
402 384 10 15
489 373 14 16
804 403 11 18
50 393 12 11
65 403 14 11
1007 372 9 14
836 386 6 15
243 408 10 15
998 424 6 19
235 363 8 13
767 384 9 14
435 374 7 20
523 386 11 16
944 402 12 17
987 375 9 13
774 407 11 17
743 393 13 18
729 392 13 20
893 378 9 13
937 375 10 12
691 383 11 17
467 368 13 15
452 379 15 22
473 392 13 17
517 408 12 15
466 444 20 23
328 372 15 21
342 374 11 13
266 388 13 17
282 371 12 14
293 382 13 15
220 392 14 17
199 409 13 15
183 381 12 18
193 379 11 16
207 369 12 16
161 367 11 16
