138 514 12 17
147 529 15 19
141 554 16 19
204 548 16 19
196 513 15 17
202 530 17 18
235 499 13 18
246 516 11 16
252 532 13 16
259 553 12 18
308 547 15 19
302 533 14 17
297 516 11 18
286 498 10 16
334 509 12 18
379 500 13 16
348 512 13 16
359 536 10 14
369 547 13 19
403 511 11 17
416 527 13 17
420 548 15 20
463 522 15 18
446 503 13 15
475 505 11 14
427 505 11 14
472 547 16 14
513 526 14 18
495 519 12 15
539 513 13 15
529 546 15 17
565 525 15 14
587 509 14 16
613 520 15 18
588 556 13 15
649 548 15 20
732 528 17 23
773 512 12 15
819 510 13 14
811 525 14 16
853 523 14 20
835 548 15 18
881 556 12 14
889 526 13 16
923 544 14 17
940 578 18 21
1009 577 15 18
