138 192 18 26
201 205 17 20
230 201 15 25
300 176 14 20
332 175 14 21
377 180 13 18
378 230 19 23
305 245 27 40
247 271 23 30
179 317 33 42
404 257 26 30
347 306 31 42
262 323 28 32
423 175 15 17
454 174 16 18
512 162 15 19
549 169 14 20
580 163 14 18
651 162 15 20
597 247 25 34
583 225 22 25
634 240 20 25
640 272 33 51
678 244 23 33
703 232 14 24
745 180 18 28
762 198 10 20
809 183 23 33
749 261 18 27
816 357 42 49
752 311 24 28
800 309 27 32
925 344 28 38
129 396 38 52
239 364 39 73
862 144 11 14
884 147 10 14
897 144 10 11
