114 510 74 68
170 434 53 57
24 365 35 32
78 347 23 29
230 389 30 38
268 359 28 32
288 322 23 29
190 283 22 28
133 322 21 23
69 282 21 22
3 298 15 24
449 476 34 42
646 399 23 33
409 380 44 44
451 358 18 24
593 326 26 22
611 359 30 28
466 329 14 21
836 421 20 26
762 373 29 31
726 335 27 21
122 262 19 24
162 264 14 15
225 278 24 20
316 302 21 21
255 263 21 21
305 248 14 18
205 238 19 19
246 236 11 13
291 232 9 13
354 292 16 22
486 303 16 18
502 280 17 24
507 233 10 16
413 253 16 23
386 273 15 20
342 237 16 20
403 210 10 13
447 221 11 13
576 246 12 18
653 261 14 21
598 228 13 16
632 229 13 15
424 200 12 13
454 201 11 14
471 220 11 13
495 210 15 15
527 204 11 16
564 225 10 15
600 300 18 24
672 246 15 18
644 204 10 14
668 203 10 13
558 197 10 14
580 185 10 14
483 192 9 13
506 199 7 11
615 213 9 12
608 196 9 12
584 200 10 9
633 180 10 11
661 190 10 10
697 218 11 11
690 184 10 12
709 196 7 15
727 200 8 9
731 213 9 14
724 229 14 17
757 228 9 16
763 207 8 12
754 192 10 12
765 174 9 10
795 170 9 9
807 200 9 13
788 219 11 14
794 251 9 14
821 238 10 18
823 219 8 14
810 181 9 11
821 169 10 12
30 120 14 14
27 146 15 17
13 188 15 13
79 180 16 14
142 180 13 12
65 148 14 14
103 145 14 13
79 116 13 13
50 95 12 11
3 93 8 8
101 28 10 10
83 18 9 9
137 17 11 10
128 36 10 10
115 49 10 12
155 33 6 11
194 29 8 9
181 36 9 9
142 72 10 10
199 93 8 11
205 80 9 9
205 40 9 9
223 56 8 10
229 45 8 9
252 40 7 10
274 40 8 9
232 74 8 11
254 78 8 9
223 119 8 10
221 138 13 11
253 91 7 10
252 117 7 9
265 144 10 10
261 170 10 12
293 170 10 10
282 145 8 10
313 138 8 10
330 110 9 10
286 102 6 8
272 65 6 7
296 65 7 9
315 81 7 9
332 93 8 9
324 78 9 9
326 72 7 7
335 61 6 11
322 49 7 8
340 48 8 9
336 6 7 7
354 13 7 7
376 13 6 7
352 32 6 8
382 47 6 8
397 40 5 7
404 50 6 7
427 37 7 7
440 49 6 7
446 25 5 7
425 18 5 9
413 20 5 7
422 63 8 7
389 77 7 8
412 89 8 8
445 78 8 9
443 69 5 6
462 63 5 7
478 77 6 9
459 93 6 9
435 109 7 9
346 83 6 5
353 94 7 9
366 111 7 9
359 140 6 10
411 139 7 9
432 136 7 11
528 158 5 8
495 152 8 9
471 158 6 7
524 136 5 7
545 129 5 6
479 132 6 8
503 131 4 6
569 152 6 8
450 164 6 8
423 161 7 8
375 165 7 8
518 114 6 8
476 115 5 7
503 96 5 7
415 81 5 4
407 162 3 5
493 14 4 5
517 47 5 8
515 39 3 5
552 37 4 5
561 38 4 5
573 41 5 6
592 39 4 6
571 50 5 5
600 106 6 6
555 65 4 5
537 54 4 5
499 37 6 5
592 76 6 7
552 79 5 6
573 77 4 7
571 96 5 8
592 92 6 6
571 64 5 8
657 149 6 7
674 152 6 8
621 128 5 6
646 127 6 7
670 123 6 7
620 107 5 6
616 91 6 8
639 91 5 6
644 38 5 6
665 39 4 5
616 76 6 7
658 93 6 6
681 88 6 6
704 73 6 6
716 88 4 7
739 88 7 9
701 95 5 6
720 108 6 8
687 108 7 8
693 125 7 9
744 72 6 7
746 54 6 7
767 45 5 8
771 58 8 7
728 126 7 7
752 121 8 9
745 107 6 7
764 110 6 7
799 44 5 7
801 55 6 8
784 88 5 5
786 104 7 7
779 126 7 7
768 146 6 9
745 145 7 8
789 146 8 9
800 122 7 9
808 103 8 9
804 85 7 8
805 70 7 9
829 83 6 8
844 72 7 7
829 103 5 8
821 121 6 9
835 141 7 7
813 147 7 9
841 176 8 11
854 187 9 11
854 172 9 12
869 178 8 10
863 143 6 7
857 120 7 7
852 100 6 7
848 87 6 7
871 83 7 7
877 99 7 9
898 103 8 8
886 123 7 9
888 139 6 11
914 126 7 8
929 116 8 9
935 142 7 7
959 146 8 9
880 173 7 8
904 168 9 9
936 168 8 9
959 177 8 9
965 168 8 9
952 185 8 10
945 195 8 10
920 183 7 8
911 183 12 10
901 182 6 9
883 184 9 10
860 211 9 13
911 204 13 11
969 211 11 13
986 193 9 13
702 248 8 14
667 230 9 12
847 240 10 16
886 232 10 16
165 2 7 5
141 1 7 6
993 171 10 11
1011 207 11 11
1017 185 7 11
1001 163 10 9
164 99 7 9
181 74 9 10
158 56 8 8
494 111 7 8
644 109 6 8
627 37 5 6
698 145 7 9
719 148 7 7
910 143 6 7
784 64 5 5
784 75 5 6
498 561 32 57
945 505 21 46
