162 251 4 6
172 270 5 6
157 296 4 5
129 276 5 6
104 278 5 6
81 268 4 4
58 258 4 5
115 242 3 3
130 226 3 4
101 225 4 4
64 229 3 4
85 302 5 4
52 330 5 6
40 298 4 5
39 321 6 6
53 320 4 5
19 277 5 6
3 258 4 5
8 284 4 5
243 248 4 5
244 284 5 6
261 326 6 8
277 299 6 6
292 281 5 7
315 297 4 6
340 279 6 8
338 376 8 9
354 284 6 5
410 292 7 8
190 287 5 5
156 280 4 5
200 312 7 9
206 341 5 8
181 362 6 8
233 390 6 9
240 394 8 9
249 415 8 12
257 430 6 11
325 436 7 12
347 442 6 10
361 396 6 12
429 417 9 7
473 450 10 12
493 401 8 10
623 555 15 18
645 633 12 17
546 514 15 18
485 552 20 13
595 263 4 7
527 267 5 7
508 290 5 6
608 338 6 9
593 387 8 10
449 183 3 4
372 215 3 6
399 186 3 3
405 199 3 4
389 204 2 3
372 204 2 3
361 209 2 4
348 183 2 3
378 182 3 4
478 205 3 5
94 202 3 6
87 206 3 4
125 201 3 5
131 199 2 4
137 201 3 3
98 215 4 7
287 186 3 5
541 192 4 6
573 199 5 6
537 213 3 6
621 344 9 12
635 368 10 12
604 430 10 11
762 216 4 6
800 218 6 6
881 225 5 6
857 223 4 6
848 229 4 6
825 222 5 6
835 223 5 7
814 212 5 6
1003 305 4 7
970 305 4 5
998 282 3 7
959 239 4 5
647 305 4 6
951 387 8 14
869 413 6 12
851 396 8 13
888 584 14 14
915 650 12 15
954 637 20 22
66 429 7 12
663 660 15 20
825 712 19 22
127 624 9 16
381 285 6 7
229 241 5 6
939 256 5 8
