217 543 4 8
177 544 5 5
167 488 4 4
349 725 9 14
489 700 14 14
512 536 5 8
417 496 6 8
540 475 2 7
806 633 7 13
707 492 5 7
750 477 4 7
659 460 3 6
763 471 4 6
872 530 3 7
986 554 5 9
846 462 5 8
880 462 4 8
934 469 4 5
965 439 5 7
962 482 4 6
1001 468 4 5
18 510 6 7
48 502 4 8
54 592 9 11
111 590 11 11
162 603 8 8
93 532 6 9
366 472 4 5
244 475 5 6
235 476 4 8
417 624 6 10
559 487 4 9
676 458 3 4
818 459 6 6
909 470 5 6
985 465 4 6
1007 436 4 6
932 430 4 6
179 285 6 6
203 286 4 6
100 288 4 5
87 286 4 5
89 297 4 5
121 293 4 6
158 293 5 6
152 293 5 6
96 509 7 10
