848 506 16 18
822 507 14 17
813 493 14 17
786 554 13 15
794 513 13 15
740 542 14 16
748 509 13 17
736 516 12 14
722 504 13 16
748 475 12 15
676 512 14 14
690 483 13 15
723 469 13 15
666 483 11 14
639 521 12 15
653 500 13 15
629 555 14 16
842 472 13 15
793 454 14 16
885 424 14 17
858 430 13 16
839 424 12 15
970 424 15 18
945 404 16 18
907 390 14 16
841 403 13 14
867 380 11 16
833 390 12 15
853 392 11 16
838 371 12 13
813 417 13 14
809 401 11 15
794 406 13 15
777 414 13 16
767 401 11 14
770 382 12 15
788 377 12 14
807 369 11 15
816 383 11 14
749 407 12 14
735 400 11 13
744 386 11 14
756 365 11 15
733 360 10 12
713 371 12 12
719 392 11 12
794 327 9 11
780 311 10 13
757 298 8 10
757 311 9 11
727 329 10 12
724 315 8 11
722 303 9 10
684 297 8 11
693 317 9 11
707 351 10 12
697 344 11 13
685 352 11 13
686 375 11 13
691 397 12 15
667 398 14 14
671 371 10 12
650 380 12 15
657 361 12 12
668 342 9 12
676 330 9 13
653 341 10 11
646 329 10 11
654 320 7 11
622 315 9 10
630 339 10 12
624 346 11 12
644 351 10 11
628 366 11 13
615 379 12 12
608 356 11 13
604 341 10 11
632 417 12 14
699 417 13 16
606 421 13 13
565 502 11 13
576 457 10 14
558 447 10 15
585 422 11 14
648 452 12 15
505 515 14 16
523 565 11 16
474 516 12 13
494 495 12 16
535 486 12 14
517 457 12 13
475 461 12 12
462 483 12 14
428 526 14 18
414 515 13 15
401 498 12 14
417 475 12 14
436 464 12 13
419 443 12 14
400 448 12 13
402 429 10 12
683 455 13 14
593 379 12 14
584 366 10 13
574 350 10 13
586 342 10 13
568 341 10 12
578 327 10 11
545 369 10 12
561 359 9 12
571 378 10 14
557 380 11 13
548 406 10 12
535 385 12 12
526 397 10 13
503 409 11 11
501 386 10 13
517 367 10 14
503 367 10 12
493 358 10 12
486 374 9 11
477 397 10 11
472 389 10 14
456 389 9 10
451 410 9 12
439 394 11 11
455 366 9 12
486 356 8 11
493 341 8 11
511 337 9 10
538 337 9 13
548 334 9 10
532 358 10 11
525 326 8 11
515 324 8 10
494 332 9 11
477 337 9 10
476 328 8 10
459 350 7 10
462 342 8 9
447 353 8 12
436 377 8 10
379 511 13 17
354 546 14 16
356 510 11 12
376 453 10 14
358 454 10 14
356 419 11 13
379 405 10 13
425 407 10 12
409 396 9 13
422 392 10 11
339 449 9 14
250 556 14 17
312 534 13 16
330 513 12 15
299 503 12 14
266 519 13 15
217 548 14 17
217 571 14 17
150 599 16 19
139 550 16 16
193 539 13 14
212 528 13 15
192 493 12 14
165 496 13 14
140 495 12 15
294 476 11 14
248 482 12 15
292 454 11 14
272 448 11 13
246 440 12 14
323 432 11 14
90 512 14 18
75 536 16 16
34 457 14 18
313 577 13 15
135 457 13 15
177 452 12 15
197 418 11 12
177 413 10 14
137 422 13 14
156 428 10 13
157 416 10 11
109 433 13 13
67 453 14 14
82 438 13 16
81 417 13 15
41 441 13 13
72 402 9 11
92 394 12 10
107 392 11 14
125 394 11 13
137 386 9 9
159 396 10 12
118 414 12 13
151 396 10 11
186 388 11 14
174 384 9 13
158 375 10 11
184 372 9 12
200 375 9 13
213 379 10 14
224 373 9 12
205 361 9 11
251 382 8 12
276 377 9 12
290 382 9 12
305 379 10 11
316 373 9 12
298 367 9 12
272 367 10 13
254 357 10 12
255 373 7 11
233 359 10 10
287 354 9 12
310 352 9 11
325 363 10 14
298 423 11 14
303 338 11 12
304 326 7 9
323 329 7 10
336 340 7 11
351 341 9 11
363 355 8 11
343 374 9 13
343 361 8 11
335 359 7 12
375 362 8 12
397 355 9 11
415 361 8 11
430 361 8 10
401 341 9 12
383 347 8 10
385 337 10 12
425 341 8 13
440 329 10 13
457 322 9 10
420 325 7 11
398 323 8 11
368 329 6 9
355 317 10 10
339 324 8 9
346 311 7 9
346 305 6 8
368 310 9 9
367 301 7 7
380 326 7 9
231 325 7 8
241 318 8 9
281 316 8 11
216 400 11 14
548 290 6 10
584 311 7 11
598 290 7 9
606 278 6 9
592 283 6 10
584 283 6 9
587 267 7 10
568 273 7 9
560 272 5 7
561 283 6 8
549 274 7 9
523 272 7 10
534 267 8 10
507 271 7 11
493 272 7 9
475 288 7 10
485 282 7 9
459 295 6 9
452 302 6 8
432 298 7 10
425 298 7 9
413 300 8 9
405 300 5 7
419 317 7 10
407 285 6 6
438 272 8 11
457 278 6 9
471 280 7 9
469 263 7 8
516 266 7 9
391 383 6 8
