596 135 48 57
908 236 11 13
955 233 10 15
960 217 12 12
988 189 13 14
978 237 14 15
801 203 13 18
851 179 8 20
783 183 12 13
755 178 12 15
825 191 8 9
881 157 12 16
759 165 11 11
802 163 10 13
837 157 7 15
833 127 11 16
805 120 11 16
763 138 11 14
768 125 10 14
744 120 10 14
972 117 11 14
939 118 11 13
948 100 10 13
968 93 10 14
1016 74 8 13
977 65 7 10
1005 43 8 11
985 21 8 10
1014 18 6 11
868 124 9 12
870 94 9 13
906 97 9 12
944 61 8 11
915 61 9 13
914 88 9 13
946 81 8 12
846 82 10 14
851 59 10 12
881 61 8 11
841 42 10 12
858 26 9 11
745 108 10 14
781 111 10 11
734 175 10 14
815 78 11 13
777 76 14 12
786 60 9 13
788 43 10 11
796 22 8 11
768 22 9 12
746 26 8 10
745 76 9 12
763 68 9 11
694 119 11 14
678 102 12 13
666 82 11 11
671 63 8 12
716 79 8 10
719 95 10 11
731 64 10 12
717 29 9 11
679 46 9 11
679 26 9 12
655 41 10 13
641 62 10 13
640 86 9 12
645 102 9 11
606 88 10 13
620 68 9 11
574 139 9 13
565 164 9 14
551 140 8 13
554 123 9 10
599 102 9 12
585 119 9 15
917 118 9 13
509 142 9 11
521 123 11 11
501 122 11 13
487 139 10 11
477 163 11 14
451 139 10 13
424 162 12 13
487 85 7 10
497 67 8 11
521 68 7 11
511 52 7 12
525 40 8 10
569 34 9 13
597 34 8 11
643 52 8 11
459 84 9 13
460 68 9 10
477 37 8 11
498 40 9 9
443 68 8 11
436 91 9 11
410 122 9 11
388 120 10 13
403 104 8 10
417 87 7 10
423 65 6 10
465 56 7 11
451 36 7 10
422 39 8 9
401 73 8 10
386 92 8 9
365 145 10 13
395 40 9 11
374 39 8 12
353 54 8 10
393 68 6 10
382 72 8 10
345 105 7 12
356 119 9 11
344 142 11 13
352 162 9 13
298 166 9 12
305 121 8 10
287 123 9 12
267 144 9 10
296 141 11 13
300 106 9 11
338 93 7 10
325 81 8 10
351 72 8 11
321 58 8 10
340 59 7 8
333 46 7 10
351 42 7 9
246 147 8 11
260 123 9 13
253 108 10 10
223 159 9 10
217 142 9 11
292 92 8 8
272 106 8 10
324 100 8 11
282 79 7 10
297 59 8 11
292 43 6 8
267 44 7 9
261 79 9 11
271 57 8 9
233 77 10 13
247 62 7 9
236 62 7 8
242 45 7 8
222 46 7 8
217 57 8 11
217 107 8 13
215 76 9 11
208 123 7 10
192 146 8 10
201 159 10 11
159 163 8 10
126 163 10 11
103 163 10 12
76 162 9 11
59 163 10 11
38 160 11 11
18 160 10 12
62 145 9 10
105 143 9 11
147 144 11 13
166 132 8 10
189 125 8 10
200 109 9 10
177 107 10 10
160 104 10 10
135 110 8 9
120 111 7 9
131 96 7 10
92 106 8 9
53 131 10 10
61 114 6 6
35 145 9 10
12 148 8 10
26 113 8 9
38 87 6 7
59 83 7 9
82 81 5 7
103 68 9 9
138 66 6 8
175 78 7 9
192 80 8 10
162 86 8 9
172 51 8 10
155 47 8 8
139 45 7 8
98 51 8 10
75 63 10 10
218 16 7 8
279 11 7 9
161 16 8 9
123 16 7 9
27 21 7 10
13 22 7 8
328 129 8 10
5 85 6 10
756 45 11 14
