214 470 9 11
455 481 8 10
472 470 8 10
489 465 8 9
588 439 8 10
579 430 7 9
43 476 9 10
372 447 8 9
345 473 7 8
253 435 7 9
415 450 7 9
392 423 9 10
450 422 5 7
597 476 7 10
564 443 5 5
597 397 7 7
521 418 7 9
279 391 6 9
302 366 6 7
213 400 6 7
224 403 5 7
122 410 8 7
195 361 5 7
398 365 5 7
634 637 17 16
472 348 4 6
489 347 5 5
517 347 5 7
988 481 10 9
310 409 6 6
309 378 8 8
345 379 8 8
348 396 4 5
383 444 6 7
319 466 6 8
414 429 8 9
384 406 8 6
248 460 6 9
360 516 5 11
297 536 11 11
158 397 6 7
125 447 4 8
91 370 6 8
83 359 4 7
74 389 4 4
48 377 7 8
150 373 6 7
460 444 6 9
568 446 6 8
555 509 9 10
481 524 6 8
522 371 6 8
153 558 9 13
172 564 9 12
319 530 7 8
311 535 5 9
238 392 4 5
379 535 8 12
724 548 6 11
697 604 11 12
674 634 12 15
687 578 10 12
657 353 4 7
