109 389 20 29
141 405 27 29
111 313 12 16
34 327 10 12
193 294 16 24
228 321 12 15
83 314 7 11
128 328 6 7
159 325 6 8
355 306 21 21
280 318 8 14
286 306 10 15
433 353 12 19
435 312 15 17
503 303 15 22
454 312 13 13
471 315 7 9
416 313 7 11
541 303 8 13
672 339 6 7
689 323 5 6
718 307 7 12
847 289 10 16
372 390 18 31
66 368 6 8
266 315 8 8
381 303 8 11
397 306 6 11
478 308 8 8
482 318 6 7
523 309 8 10
613 262 7 12
628 305 6 7
656 306 4 7
767 309 7 11
270 329 7 11
297 321 7 13
251 324 5 7
409 311 6 9
556 303 4 7
626 272 9 16
608 301 8 9
595 292 7 12
507 263 11 10
494 244 8 13
