57 213 26 35
70 235 15 23
101 238 24 34
0 267 27 42
0 328 26 47
20 331 24 40
46 324 19 26
159 427 35 44
153 265 29 37
185 244 24 33
213 273 28 36
254 278 27 34
298 294 18 29
280 302 19 27
275 153 56 41
465 297 19 25
510 282 19 22
556 333 18 20
575 340 14 17
583 297 15 22
597 281 12 18
743 309 9 17
772 292 13 17
785 292 17 22
828 319 13 15
828 342 10 15
849 326 11 12
859 316 13 15
875 331 11 14
876 314 13 16
682 123 50 55
11 226 25 36
899 317 12 14
890 342 9 12
914 322 12 13
915 351 10 10
930 316 11 12
952 314 8 12
958 318 8 11
980 313 10 13
992 314 9 11
835 109 8 12
987 355 28 28
317 272 17 24
255 256 17 21
59 305 18 25
172 361 30 26
333 290 20 27
446 285 17 27
958 340 9 12
558 291 14 16
