0 641 20 37
111 643 28 36
147 627 26 36
267 603 18 35
385 598 22 36
887 621 14 29
24 468 15 28
112 351 19 29
17 313 15 19
108 299 11 20
139 299 16 20
185 319 10 18
230 331 16 25
318 318 18 25
318 290 13 20
372 317 13 21
284 311 11 16
252 316 10 17
413 278 16 23
421 296 15 23
547 361 15 23
569 313 16 16
623 325 15 27
434 430 19 29
773 384 18 31
796 386 20 28
722 297 16 24
773 308 18 22
909 385 10 31
982 401 11 29
980 434 12 26
982 313 15 23
924 309 13 24
905 272 15 22
818 283 13 23
857 344 16 21
799 310 14 21
878 268 10 19
1004 279 11 29
314 268 15 23
910 432 11 28
846 410 15 24
387 328 19 24
428 381 21 15
718 290 15 15
861 304 17 22
