219 128 13 19
258 120 19 25
336 132 15 20
343 103 10 18
371 99 12 20
397 124 10 17
381 142 14 15
347 84 15 13
302 143 10 15
433 85 10 14
446 111 13 20
436 136 13 23
491 103 11 16
474 145 11 19
530 102 13 22
561 133 15 23
500 147 12 14
608 104 12 17
641 95 9 20
683 111 11 20
681 84 14 22
668 61 13 20
609 136 12 21
652 133 15 26
678 139 10 20
695 147 12 21
722 80 13 21
725 115 17 24
727 143 17 22
773 85 15 24
815 98 13 21
825 132 17 33
859 88 14 26
870 133 20 34
926 147 15 30
960 96 16 25
978 146 17 26
