27 157 21 27
65 140 23 29
101 162 21 26
125 168 20 25
150 166 21 30
194 160 19 26
213 136 18 27
247 169 19 25
286 157 19 26
295 138 19 22
310 162 18 27
334 169 20 23
365 151 20 27
371 185 18 25
381 139 17 20
407 152 20 25
411 181 19 26
434 222 24 36
434 131 18 23
465 153 18 25
465 200 17 23
500 189 17 26
497 148 16 24
524 168 19 24
532 151 18 20
556 165 17 26
575 151 15 18
580 166 17 25
599 164 19 26
614 156 15 23
598 149 16 17
601 251 23 30
639 155 17 22
647 159 20 27
672 153 16 25
690 162 17 25
713 163 19 28
738 160 20 25
754 168 19 27
786 151 21 25
807 162 21 29
841 161 21 26
853 179 22 28
884 156 21 29
927 163 23 29
959 164 24 30
979 88 3 4
944 85 3 5
711 86 4 5
492 78 4 5
453 82 3 5
458 84 3 5
669 87 3 3
