730 526 12 11
722 559 8 10
708 464 8 13
680 463 8 12
667 458 7 9
663 477 6 11
859 411 4 9
953 477 5 11
845 423 6 10
767 337 5 7
933 327 5 7
972 340 4 7
990 291 4 5
615 642 10 16
692 673 10 9
172 524 10 13
237 600 12 10
266 574 11 9
156 459 9 11
341 641 5 19
351 608 14 10
486 560 11 12
512 620 9 11
513 442 6 12
481 430 4 10
551 476 5 11
600 472 5 12
742 428 7 11
666 614 8 13
723 590 10 13
675 570 10 11
248 478 6 8
254 494 7 7
754 541 9 13
732 411 7 11
755 415 5 9
773 464 6 9
888 471 8 10
883 444 6 7
