196 222 13 15
206 199 9 11
237 191 8 10
262 179 8 11
273 229 11 13
311 261 13 17
358 256 12 14
394 270 11 11
454 285 12 12
303 178 10 10
328 232 9 10
350 231 10 15
339 194 9 10
361 197 10 12
400 241 8 12
446 227 9 14
490 240 10 12
390 198 10 12
405 202 11 12
398 183 8 9
409 184 7 9
421 197 8 11
431 180 7 7
456 199 9 9
439 194 7 10
470 160 8 12
493 171 8 9
491 197 8 10
464 195 8 8
833 258 9 13
800 253 10 13
755 270 11 11
715 257 11 12
720 212 8 8
698 206 9 13
679 206 7 10
661 201 7 12
641 177 9 10
602 159 7 10
590 190 8 7
635 207 7 8
647 327 11 10
616 276 11 11
580 323 10 11
530 315 11 14
544 232 9 9
570 238 6 8
521 225 7 12
534 224 9 9
548 201 6 7
559 190 6 7
541 155 8 8
518 200 7 10
516 189 7 8
898 289 10 11
595 265 7 7
629 221 9 12
