7 370 9 12
32 358 10 11
20 352 9 11
0 354 9 12
38 350 9 11
19 342 6 8
84 389 6 11
106 385 7 12
103 372 8 12
80 370 8 11
92 361 8 10
123 390 8 7
120 372 8 10
132 375 7 10
165 385 7 9
161 371 9 11
178 349 33 37
210 374 17 19
242 384 16 13
264 387 7 9
288 413 5 7
282 402 5 6
290 399 6 8
301 392 7 9
466 414 17 23
450 409 11 14
399 397 16 17
350 383 22 26
508 409 11 17
429 408 11 16
542 413 6 10
898 475 6 8
956 487 7 8
989 502 23 34
128 222 3 5
112 221 4 5
72 217 5 4
33 209 4 4
102 219 3 4
860 457 6 9
656 426 18 22
