921 392 20 28
873 335 17 25
927 290 17 22
920 248 15 21
906 200 15 23
899 161 16 19
884 119 15 20
845 155 17 22
852 199 15 19
856 247 16 19
869 293 17 18
852 389 18 24
787 387 19 23
812 342 18 23
825 293 16 22
799 236 19 23
801 194 15 19
794 124 17 19
757 153 16 20
751 188 16 22
733 240 16 22
761 295 16 22
754 338 17 22
729 382 19 22
673 383 17 22
613 379 19 26
642 353 17 21
697 342 16 25
699 294 18 22
638 290 16 22
592 241 16 23
661 218 18 23
689 177 15 22
639 168 15 19
593 160 16 23
713 154 15 20
684 116 15 17
602 106 15 19
508 279 18 16
574 287 17 23
578 341 13 19
554 382 20 23
497 394 19 25
443 388 18 24
385 373 18 28
320 375 20 25
385 334 21 20
316 330 20 24
449 330 18 26
443 289 17 22
385 276 16 20
313 275 19 20
326 224 17 23
391 231 17 19
473 251 20 21
542 244 16 21
560 206 16 22
616 207 15 21
507 205 15 20
460 206 16 20
396 191 16 15
332 183 20 20
335 143 17 21
398 151 18 19
450 157 14 21
495 153 16 21
546 161 18 23
524 106 18 18
441 110 13 15
360 114 16 19
110 377 18 28
163 354 17 20
188 377 19 22
241 348 17 24
262 374 19 24
247 286 17 20
190 296 18 22
124 283 16 22
62 295 20 23
79 234 18 22
139 236 17 20
202 246 18 22
247 238 17 22
268 185 19 24
212 199 17 22
153 187 19 23
94 180 17 23
116 148 20 22
125 109 17 23
186 104 15 22
177 147 15 17
227 159 15 21
281 139 17 24
295 113 16 16
517 339 16 20
