37 58 9 12
22 34 6 17
36 25 8 12
67 15 8 10
77 26 13 15
64 47 11 17
92 77 10 15
117 24 11 14
160 22 9 11
128 87 13 15
65 111 15 17
184 87 14 16
238 98 13 20
267 70 13 14
245 53 7 13
229 81 10 16
204 18 14 19
189 2 14 12
232 15 15 15
183 56 11 13
133 55 12 15
302 23 14 22
300 60 12 16
304 2 13 17
345 9 16 20
348 31 15 20
327 45 12 13
461 127 14 22
499 149 14 18
461 51 10 21
439 70 16 20
433 2 14 12
536 42 10 10
580 51 12 15
564 4 12 17
602 2 15 15
576 33 7 17
627 45 8 12
625 63 10 19
638 82 11 13
605 98 14 19
561 108 11 13
640 129 12 22
656 121 9 12
695 125 14 15
724 90 13 12
759 111 12 14
766 36 9 17
811 32 9 13
780 25 12 15
717 41 7 7
729 54 9 11
674 69 7 20
663 43 7 11
655 7 13 14
645 13 8 17
714 1 7 12
735 6 10 14
835 22 12 19
25 171 36 57
112 223 15 23
209 184 30 38
309 169 35 45
414 198 34 46
520 191 33 45
588 169 38 44
688 203 30 42
780 190 36 42
843 151 35 40
961 178 28 34
988 64 13 15
993 22 7 12
1010 4 8 17
980 117 11 21
421 119 7 15
541 68 11 17
694 32 12 14
76 138 15 13
116 130 13 12
9 84 13 19
857 73 11 20
918 144 9 15
323 79 11 15
294 96 13 14
353 89 14 16
355 147 15 22
403 91 12 20
387 92 12 23
402 59 10 14
374 43 15 17
400 15 14 21
439 31 12 17
496 42 14 14
463 21 10 11
483 3 11 17
513 31 15 25
538 98 12 17
496 72 17 19
448 105 13 19
