980 288 13 17
944 289 16 17
911 256 15 19
860 273 15 18
833 262 14 19
831 215 12 12
864 190 15 18
884 190 14 19
944 199 14 18
982 199 14 18
1013 202 11 18
827 199 13 15
781 199 17 17
770 270 23 28
551 242 31 39
506 199 30 40
562 195 11 14
606 213 21 36
403 226 22 31
497 177 11 16
334 196 32 36
303 216 24 32
270 156 23 26
349 171 13 16
387 194 13 14
448 195 12 14
85 256 25 29
83 205 26 23
124 155 23 28
191 216 9 13
449 49 9 12
478 49 8 10
490 52 8 11
414 43 9 12
150 10 9 10
168 9 8 9
113 32 9 10
93 34 8 8
80 28 8 11
897 214 14 17
772 185 11 15
961 189 14 21
381 68 9 12
417 76 7 11
492 209 24 35
