334 282 21 27
513 284 21 30
152 272 24 32
58 275 24 22
725 294 10 18
843 388 6 11
860 301 6 8
846 297 6 7
834 299 5 7
822 299 5 7
812 303 5 6
791 305 5 6
767 301 6 6
900 296 4 6
920 293 5 6
933 298 4 5
952 293 5 7
929 280 5 6
913 276 4 6
894 278 5 7
871 279 5 6
854 280 5 6
830 279 4 4
840 264 4 6
887 269 4 6
908 269 5 6
949 264 5 6
941 252 5 7
957 251 4 6
997 237 5 8
929 265 5 6
909 256 4 6
890 249 5 6
783 290 5 5
768 277 5 4
807 278 5 6
801 289 5 6
817 290 2 4
787 276 4 6
790 267 3 5
748 277 5 5
717 282 5 5
679 293 5 6
667 305 5 4
648 303 4 5
652 292 4 6
655 279 4 5
668 280 5 5
859 261 4 6
868 251 4 4
685 280 4 4
687 265 3 6
672 267 3 5
606 303 3 4
626 305 3 4
635 292 3 5
580 301 3 4
620 279 3 6
582 290 4 5
601 281 4 6
637 280 4 4
527 256 4 4
515 257 4 5
502 255 3 5
486 256 3 5
496 276 3 5
544 257 4 5
546 280 4 4
531 270 4 4
121 276 4 5
66 219 4 6
9 215 4 5
22 216 4 5
34 215 4 5
71 214 4 4
80 220 3 5
30 313 5 6
12 311 4 7
32 248 5 6
30 239 4 5
128 298 4 5
139 275 4 5
16 285 4 4
