28 83 19 25
72 82 20 20
111 60 18 25
166 67 16 21
145 90 16 20
37 28 14 19
130 22 15 22
0 95 8 25
0 73 14 20
55 0 18 18
99 1 17 9
160 12 16 22
201 84 18 23
175 113 15 22
206 0 22 11
134 128 19 23
101 119 19 22
20 148 15 21
17 173 17 25
207 141 17 23
248 109 19 26
263 128 15 23
174 187 18 30
129 187 19 21
207 213 18 20
167 288 20 23
249 288 20 18
80 244 14 20
75 351 24 22
112 369 20 23
194 368 21 23
249 337 20 25
275 371 20 24
37 301 18 21
42 410 19 21
37 534 23 23
76 475 23 21
153 471 21 27
284 498 20 25
294 525 20 27
156 533 24 28
126 521 23 29
353 463 18 28
360 524 23 24
396 539 23 26
226 595 23 29
359 373 21 23
401 373 22 20
46 623 22 29
161 625 26 30
414 636 25 25
712 628 23 27
234 53 16 25
291 21 16 24
316 31 17 21
337 62 19 23
345 87 20 24
282 78 21 28
365 133 19 25
411 151 21 24
389 81 18 22
387 30 17 25
399 25 17 22
449 145 18 24
440 95 20 26
452 39 20 22
449 16 20 21
379 1 18 20
541 21 19 23
474 59 16 19
494 102 19 24
544 75 18 19
583 84 19 25
613 57 19 22
624 41 17 24
626 12 19 20
703 18 19 19
678 59 19 24
651 78 19 24
713 66 21 25
775 32 20 23
754 14 20 23
803 29 17 23
775 87 19 23
772 119 19 23
791 153 20 26
607 153 17 23
498 151 20 22
461 167 16 25
677 186 19 21
853 58 19 20
841 23 19 21
902 32 19 23
932 4 20 25
966 39 18 19
1006 7 18 23
1007 55 16 21
1009 124 14 22
889 89 16 20
939 53 19 24
924 103 15 21
847 130 20 24
830 108 16 17
347 296 20 26
275 282 20 26
442 254 20 23
563 234 18 24
601 205 17 20
545 311 20 24
640 307 20 23
429 305 21 23
439 377 20 24
490 364 20 25
521 375 23 25
579 364 21 25
498 515 19 25
550 470 23 26
548 535 18 29
659 532 19 24
711 509 21 27
948 637 22 30
931 604 22 33
832 612 22 28
937 525 22 22
819 509 19 27
818 479 16 24
1000 442 24 26
692 378 23 22
679 358 16 22
746 344 19 26
765 377 21 28
849 369 20 24
862 346 19 24
917 368 22 24
941 335 21 25
852 289 22 28
750 284 20 26
709 288 18 19
781 263 20 22
805 216 19 27
767 184 19 26
846 209 22 26
960 268 19 22
1004 374 19 26
140 639 18 25
1 0 17 12
1004 178 18 32
928 301 15 23
271 669 25 11
269 238 20 23
573 309 25 19
