564 460 9 14
515 486 13 15
496 486 11 14
519 475 11 13
505 459 12 13
492 445 11 12
513 424 12 15
551 454 12 8
577 440 14 14
603 424 11 14
449 545 12 15
480 508 14 15
371 568 13 18
364 501 11 15
377 496 13 15
439 440 11 13
422 443 12 13
387 443 9 11
545 456 8 12
764 631 16 18
336 582 15 18
309 595 11 16
337 476 14 16
467 459 9 12
276 548 10 14
303 522 9 16
246 509 11 14
238 493 11 16
229 470 11 15
317 466 8 11
187 507 13 13
566 617 16 21
562 577 14 18
535 596 15 20
526 567 15 20
498 552 13 18
535 497 13 15
594 513 15 11
561 478 12 17
546 475 9 12
175 500 14 15
220 507 13 14
21 527 13 13
62 513 9 13
99 473 11 11
156 477 12 14
180 467 13 14
140 497 13 14
118 540 11 14
66 471 9 12
57 451 11 13
11 461 11 9
105 409 11 14
113 416 9 12
124 413 8 8
150 408 9 10
162 394 9 12
140 366 11 11
103 383 10 11
249 443 9 10
261 436 10 13
276 432 10 12
188 432 12 14
194 413 9 11
145 432 9 12
162 450 10 12
319 434 10 12
330 443 9 15
339 407 10 13
320 406 9 10
336 386 9 8
350 379 7 12
442 317 7 10
391 406 6 8
489 263 9 10
913 292 15 16
884 284 11 15
841 257 13 15
790 248 13 15
808 247 13 13
766 242 13 14
746 244 11 14
683 282 13 14
712 249 11 17
667 250 10 14
652 239 12 14
929 264 8 12
963 509 11 14
982 502 13 13
1003 539 13 16
1002 486 12 14
968 465 12 13
999 464 13 15
995 484 11 13
973 434 16 18
603 76 7 9
583 76 6 7
562 75 8 8
531 100 5 7
116 592 10 12
206 606 9 15
2 412 11 13
8 396 10 12
2 324 8 11
219 370 10 12
190 552 12 12
171 540 9 13
200 458 8 13
235 441 8 14
129 465 9 15
71 573 10 13
300 412 8 13
582 469 9 11
