842 519 8 9
927 515 11 14
753 585 16 17
767 483 9 14
689 490 8 11
633 473 7 10
700 448 7 8
650 438 8 9
758 451 6 8
813 456 7 11
855 453 7 7
896 446 8 11
928 437 9 10
961 437 7 8
993 443 6 7
916 409 5 7
854 406 5 7
796 403 4 7
743 396 4 6
722 399 4 7
671 396 4 6
639 398 5 6
641 373 4 5
671 374 3 5
702 375 3 6
705 383 3 6
728 382 4 4
854 393 5 6
963 395 5 4
989 395 5 6
985 417 5 6
847 361 5 6
604 390 5 6
619 374 4 5
574 463 8 10
516 454 8 9
461 435 7 11
424 432 7 8
377 414 6 9
353 430 7 10
355 398 6 8
444 386 5 7
512 395 6 8
533 427 5 8
566 424 5 10
597 432 7 8
536 381 4 6
570 388 5 6
561 370 3 6
512 367 5 6
478 382 4 5
452 376 4 6
428 375 4 4
290 425 7 8
7 446 7 9
124 336 4 6
177 476 7 12
161 418 8 9
53 427 6 8
97 447 7 9
590 371 4 6
