335 62 15 19
376 93 14 18
407 137 15 20
404 53 13 17
321 59 13 16
295 96 16 19
273 54 14 18
205 51 13 17
227 68 14 18
211 110 15 19
311 146 15 20
357 202 19 23
289 202 18 23
230 200 19 22
417 70 14 14
595 142 15 20
541 89 14 17
605 54 11 17
588 67 14 17
546 51 11 13
501 65 14 19
496 128 16 19
455 89 14 18
461 50 13 18
561 193 17 23
494 178 19 26
780 89 15 19
752 40 12 17
737 65 12 17
709 47 12 17
656 47 12 18
666 66 14 20
704 92 15 20
690 133 19 24
628 85 17 21
804 247 17 23
811 206 17 24
746 205 20 23
731 249 23 29
701 280 19 26
638 261 19 28
686 200 18 23
624 192 20 24
908 285 27 33
107 268 20 25
108 322 25 32
185 252 23 29
298 278 23 29
268 247 22 27
169 212 17 23
429 196 18 26
534 257 17 25
478 282 22 28
443 242 17 24
393 301 22 30
359 259 18 24
577 288 23 29
295 146 13 17
