60 56 19 19
39 2 17 21
90 19 16 22
144 16 17 21
118 30 15 17
202 16 19 20
163 53 14 19
98 53 15 26
9 85 13 21
59 116 17 23
45 161 14 21
18 248 30 31
115 237 24 28
211 239 21 27
308 259 25 26
403 206 30 36
261 142 19 23
283 152 18 19
353 160 17 24
238 37 12 19
251 28 20 19
266 57 14 19
357 80 14 21
489 113 20 23
545 122 17 26
512 74 18 21
544 75 17 25
545 49 17 18
562 67 21 29
465 69 18 26
503 37 18 20
596 53 17 18
574 138 15 22
555 165 13 21
497 256 29 28
581 239 27 28
707 167 40 43
654 140 18 24
533 3 16 17
596 21 17 19
684 47 15 20
665 41 14 18
660 6 14 21
747 10 18 23
795 18 15 20
814 16 17 25
850 40 20 23
807 59 17 25
739 54 18 24
832 118 21 23
867 108 16 24
798 222 33 38
870 236 29 31
911 224 16 22
991 143 20 22
941 89 17 21
917 25 22 28
1000 25 17 20
932 59 17 24
759 35 15 23
759 128 17 25
347 22 17 19
26 42 15 22
47 24 16 22
328 220 22 24
