346 398 25 33
425 395 26 33
536 377 24 22
564 398 22 28
624 393 24 30
682 413 24 32
728 398 21 28
783 375 26 31
738 499 26 28
639 515 26 33
556 511 24 31
470 517 24 33
378 522 24 26
284 513 27 33
167 512 29 31
420 265 19 25
480 268 20 22
371 215 18 18
419 221 17 19
460 220 19 21
502 213 16 22
539 215 16 21
579 219 16 20
654 221 18 21
481 242 21 24
544 241 18 24
586 237 18 21
629 239 18 23
418 246 20 20
232 211 19 23
280 210 19 24
322 217 20 26
296 403 24 27
228 402 22 26
178 401 23 30
227 338 22 29
305 351 24 30
386 366 23 26
493 370 23 28
650 357 24 26
738 319 21 27
314 314 21 26
388 312 21 27
458 311 18 28
478 301 21 26
516 321 21 25
589 311 24 29
619 294 20 24
661 297 24 28
706 268 18 21
691 242 17 21
646 263 17 24
584 258 19 24
545 287 21 25
532 269 19 24
406 298 21 27
358 273 20 24
297 270 21 26
239 314 21 26
235 285 19 25
254 235 17 25
298 247 21 21
362 240 19 24
