926 289 20 24
842 319 7 9
819 333 5 6
826 305 8 10
897 285 7 10
954 278 7 9
844 291 6 8
854 281 7 10
834 291 7 8
809 289 6 8
822 285 5 7
670 303 19 25
722 313 5 8
722 300 5 8
745 292 6 6
740 286 5 8
718 299 5 9
701 300 7 11
644 298 6 8
682 299 6 8
603 300 6 8
576 299 5 8
616 340 6 7
534 305 13 20
453 316 16 22
387 297 19 19
355 309 12 14
516 291 6 9
503 294 5 7
492 299 7 8
471 304 5 7
211 326 18 21
162 319 12 16
178 317 12 13
118 325 15 16
82 329 11 13
45 317 10 11
26 322 16 18
307 317 17 23
319 315 12 17
337 317 5 7
