242 409 26 36
301 424 12 15
152 486 12 17
102 441 13 16
116 501 16 19
58 493 15 20
26 490 15 19
326 504 14 16
326 485 12 16
360 483 13 21
392 507 14 18
378 495 12 17
431 503 13 16
467 378 34 55
583 410 28 45
779 383 40 54
809 359 11 15
765 390 9 13
751 377 11 15
710 371 10 13
703 355 11 17
660 365 10 13
996 373 15 18
979 371 12 18
872 392 30 44
1000 172 9 12
1019 166 5 11
981 170 7 10
943 172 9 12
981 150 8 11
938 137 11 13
908 150 8 11
880 160 8 10
863 146 10 11
848 160 10 11
829 139 10 11
815 131 7 9
839 115 10 11
871 110 8 9
887 120 7 10
924 111 9 12
964 128 9 11
998 125 7 11
1017 141 7 12
754 148 9 12
760 136 7 10
757 118 8 11
780 116 8 11
804 100 8 11
727 126 8 11
692 140 9 11
660 147 8 9
690 123 8 11
659 117 10 11
636 122 10 12
631 150 8 10
716 170 8 10
786 84 9 12
837 96 10 12
892 93 8 9
936 97 9 12
966 91 6 9
956 83 8 10
980 95 6 10
976 115 7 8
927 78 8 11
904 70 9 12
875 74 7 11
843 70 8 10
818 87 8 10
724 101 9 12
708 92 8 9
688 104 8 10
674 94 7 10
643 97 8 10
661 63 9 11
692 58 10 11
707 67 9 12
750 70 7 10
760 73 6 8
814 77 8 10
808 59 7 10
993 94 7 8
976 81 6 9
984 65 8 10
943 54 8 10
835 52 7 11
777 62 9 12
740 54 9 11
722 73 7 9
984 47 8 11
902 51 8 10
705 43 7 11
741 37 7 9
773 43 9 10
803 45 6 9
859 21 7 9
892 31 7 10
957 33 8 10
935 38 8 10
966 15 8 11
991 7 8 10
886 10 8 10
795 16 10 11
822 14 7 10
766 13 9 11
738 9 7 10
710 24 9 10
613 160 7 9
607 154 7 11
606 125 6 9
597 125 6 8
618 110 8 11
610 92 8 10
615 74 6 8
635 69 8 9
666 30 7 10
681 20 7 10
681 13 6 8
861 2 7 9
914 8 8 11
875 45 6 8
640 49 7 9
634 41 6 9
601 51 7 10
557 69 7 9
517 72 9 11
491 73 6 9
525 15 7 12
511 30 7 10
592 16 7 10
624 20 7 9
657 18 6 8
599 8 7 9
622 0 7 8
472 84 8 10
515 98 5 8
402 91 8 10
436 91 7 9
429 74 9 11
373 77 8 10
389 64 7 10
381 61 7 9
368 102 7 9
391 106 8 9
339 101 7 9
349 74 8 9
328 71 7 9
310 93 7 8
280 83 7 11
295 74 8 11
232 107 8 11
289 106 8 11
316 107 6 8
264 67 8 10
240 89 8 10
236 75 7 9
213 88 8 9
203 68 8 9
234 46 7 10
479 28 9 10
463 30 6 9
453 28 7 9
438 38 6 9
484 62 7 10
456 76 8 11
390 13 8 12
400 9 7 9
357 17 9 11
315 25 9 10
324 8 8 10
429 1 6 10
459 4 6 9
180 108 9 12
174 90 9 11
168 70 7 10
144 105 10 12
125 101 9 10
137 82 7 12
97 80 7 8
72 79 8 12
40 104 9 12
54 85 7 8
41 74 8 12
6 87 7 10
20 81 7 10
9 109 8 10
53 43 8 9
89 24 8 11
119 14 8 10
152 12 8 11
136 41 7 10
160 25 8 10
80 8 8 12
67 27 8 11
44 6 7 9
23 6 7 9
91 2 6 8
122 0 8 8
101 22 7 9
191 28 8 8
800 153 8 9
810 164 10 10
726 151 8 10
685 80 8 11
673 47 8 9
770 26 7 8
846 59 6 9
824 28 8 9
1016 44 8 11
901 108 10 13
426 13 6 8
550 32 7 10
562 35 8 11
262 102 9 10
95 104 9 12
34 25 8 10
8 10 6 9
15 26 7 8
106 83 6 9
472 69 7 9
755 86 11 15
