118 583 20 30
36 568 17 27
232 566 11 16
165 585 14 23
187 612 16 25
233 547 12 17
243 486 10 17
182 487 10 16
156 506 13 18
126 493 10 17
144 530 12 17
120 542 11 16
100 526 9 16
88 492 10 17
52 478 10 18
356 581 18 29
296 578 21 35
262 579 20 29
367 549 12 18
340 549 11 17
310 551 12 18
397 557 10 14
386 509 12 17
262 552 11 16
326 534 11 15
388 533 9 13
287 549 13 16
300 536 10 14
281 572 12 14
422 505 10 13
437 500 12 15
481 502 11 14
509 501 14 15
501 485 14 18
520 482 11 11
502 521 11 14
575 499 12 18
580 531 11 17
575 535 9 17
599 566 10 15
493 551 12 17
538 529 11 17
469 570 12 20
506 593 22 33
424 584 20 31
410 585 21 29
579 590 18 23
594 615 20 27
468 518 11 17
514 535 10 14
523 523 10 17
571 568 10 15
416 550 11 15
442 540 9 12
600 438 12 14
632 434 10 17
644 444 12 14
641 458 12 15
694 439 11 15
715 468 11 16
598 479 10 16
661 511 11 17
717 509 13 19
683 542 15 21
617 557 15 19
601 542 14 20
701 541 12 19
678 530 11 16
621 484 13 17
671 489 10 15
614 515 13 15
690 500 11 19
721 561 22 29
638 574 25 34
764 522 15 18
825 513 14 17
799 536 12 15
738 514 13 17
747 542 12 18
853 441 12 18
844 434 10 14
821 438 12 17
841 406 10 15
789 422 7 14
751 420 11 18
808 496 13 17
779 500 13 17
777 481 11 17
771 465 12 19
839 459 10 19
851 509 10 17
744 494 9 17
751 500 9 15
759 512 11 17
821 412 11 16
854 409 11 15
744 428 10 16
799 491 8 15
714 414 12 14
761 456 10 15
825 478 11 15
691 418 8 11
690 429 10 16
956 516 15 17
880 527 13 19
869 537 11 16
924 526 14 19
961 492 13 17
930 474 12 18
964 478 13 12
889 507 16 18
893 462 13 18
907 457 11 18
871 462 13 16
863 483 10 16
877 579 24 32
950 505 12 16
928 583 18 21
630 543 13 15
989 433 13 16
979 413 14 18
1011 416 11 16
937 428 12 16
948 412 13 18
995 383 11 18
899 438 12 14
923 417 12 20
906 422 11 15
880 419 11 17
924 402 11 14
964 387 10 14
1010 355 11 16
992 356 13 17
938 388 13 17
935 371 12 15
922 387 10 14
927 354 12 16
909 359 12 15
876 361 12 15
870 392 13 9
780 379 10 16
815 361 13 17
809 385 11 16
824 394 11 16
844 380 9 15
994 343 10 12
1008 293 11 14
958 307 11 16
981 329 10 15
1016 322 8 14
967 339 11 14
962 361 14 16
955 331 10 13
969 194 9 13
997 189 10 10
962 216 10 10
935 242 10 12
906 252 11 13
893 265 12 15
878 223 10 14
928 210 11 15
916 198 10 12
906 188 10 13
948 200 8 9
836 214 10 15
872 196 12 14
896 221 9 13
811 225 10 13
809 278 10 15
819 251 9 13
866 240 9 12
851 278 9 13
835 197 8 12
781 241 8 11
783 274 10 15
737 302 10 14
824 305 11 15
795 308 10 15
770 302 10 16
748 230 10 13
771 226 9 11
688 214 11 12
715 229 9 14
743 248 9 14
736 272 11 13
755 269 12 16
698 261 11 13
701 277 9 15
659 333 9 13
741 328 8 13
708 307 11 14
635 258 9 13
673 257 9 14
688 231 8 12
599 242 8 12
624 235 9 14
646 242 8 13
610 270 10 14
587 266 10 13
641 361 11 14
648 312 11 12
417 355 11 13
363 365 9 14
132 461 11 15
224 453 12 16
184 465 10 15
285 465 9 15
338 431 11 15
286 437 12 15
342 455 10 17
438 431 13 15
388 428 12 16
950 73 9 13
958 93 8 11
931 73 9 14
922 91 10 14
886 80 8 11
905 72 8 12
916 66 8 12
937 65 9 12
936 121 9 13
849 104 10 13
851 135 9 13
896 97 8 12
880 114 10 13
904 130 9 12
880 69 9 11
846 79 8 14
779 113 9 12
885 42 9 11
943 19 9 10
924 21 9 11
905 36 9 12
896 20 7 12
913 16 8 11
939 0 10 8
921 7 7 10
896 1 8 10
883 1 9 12
876 5 8 9
833 29 7 11
864 59 9 11
862 47 9 9
877 41 7 10
872 27 8 10
843 17 8 11
806 38 9 11
783 4 8 11
800 2 10 10
830 9 8 10
818 76 8 11
840 48 9 11
854 37 7 10
826 114 10 12
804 115 9 13
794 101 10 12
810 104 10 13
799 90 8 11
783 68 8 11
791 13 9 12
832 85 9 11
874 104 9 12
861 123 7 12
948 45 7 12
1002 91 9 14
986 121 10 13
1007 117 8 13
964 113 12 15
983 97 10 14
998 63 10 14
972 70 9 11
1015 46 9 14
996 37 10 15
1011 10 8 12
985 9 10 13
976 20 9 13
968 51 7 11
955 49 9 12
952 7 8 10
762 24 8 12
751 65 10 12
733 54 8 11
711 53 9 12
690 57 8 11
773 47 9 13
773 95 9 13
759 115 8 11
744 105 8 12
768 90 8 11
690 127 12 14
657 118 9 11
706 108 8 12
688 78 8 11
671 85 9 13
703 43 8 11
712 34 9 13
725 20 9 12
745 14 9 12
760 5 8 11
677 37 8 11
685 10 8 12
696 23 8 10
697 39 7 10
669 25 9 12
637 94 9 11
630 115 9 12
665 104 9 12
643 109 9 13
633 49 9 12
654 67 9 10
638 27 8 9
644 9 7 11
630 4 8 12
651 49 7 13
651 82 9 13
734 68 9 14
702 142 9 10
685 96 10 12
676 141 9 12
663 145 10 13
659 135 10 12
600 122 9 13
595 140 8 11
579 121 9 12
595 106 11 14
573 146 10 14
590 159 10 13
640 174 10 14
601 174 10 14
603 160 9 11
562 189 9 13
566 178 9 12
568 169 9 14
582 111 9 13
590 131 8 14
609 124 8 12
627 159 8 10
639 160 9 11
606 94 8 9
566 100 8 12
897 348 11 16
871 350 9 12
854 360 12 15
757 209 11 13
734 209 10 12
708 210 11 12
636 208 9 14
671 237 10 14
660 212 11 13
785 204 9 11
799 209 9 9
122 30 7 9
36 47 8 10
91 68 8 10
128 57 9 12
69 19 7 10
82 19 6 11
79 51 8 9
62 69 8 11
47 79 8 10
25 89 9 11
117 84 8 11
135 83 9 12
138 60 9 13
71 44 8 11
57 52 9 10
95 89 7 10
104 65 7 9
99 60 8 12
19 63 6 10
16 38 7 9
130 34 8 11
69 80 7 9
9 81 7 11
113 15 8 9
26 46 8 10
45 44 6 11
78 96 7 9
94 9 7 11
45 25 8 10
158 18 7 9
205 17 8 10
224 79 7 11
224 71 8 10
210 71 8 10
148 323 10 12
160 329 9 11
150 341 9 11
140 343 10 12
175 329 9 10
119 359 8 12
92 365 12 15
82 378 9 13
60 378 10 13
168 296 9 12
186 285 10 14
147 287 10 13
97 276 8 11
153 315 8 11
89 334 10 14
75 362 9 13
37 373 10 13
27 377 9 14
173 343 9 11
74 346 9 11
39 354 11 13
20 315 11 13
15 335 10 13
66 320 10 13
65 311 11 12
131 312 9 11
124 297 10 11
124 338 9 11
107 333 9 11
108 310 9 12
94 297 9 11
82 301 9 12
61 288 10 13
96 312 9 10
51 302 8 12
42 297 10 11
30 303 10 12
54 355 10 13
131 282 10 12
130 266 9 12
168 281 9 12
176 258 10 12
149 258 10 12
96 258 10 13
68 275 9 12
68 266 8 9
55 264 8 11
73 256 8 11
46 277 9 13
31 261 9 12
19 256 9 11
87 257 8 10
116 258 10 12
124 327 9 12
49 319 9 11
36 332 9 9
50 330 9 10
19 358 8 12
31 349 9 12
41 343 9 13
61 344 9 11
142 323 8 12
23 367 9 11
18 273 6 11
21 301 9 10
277 330 9 12
307 297 11 14
308 274 11 14
268 287 9 11
263 309 8 11
279 309 9 11
253 323 11 14
255 309 8 11
243 288 10 13
253 287 10 13
267 269 9 13
285 263 10 12
314 245 10 15
282 243 11 12
207 317 11 14
223 310 11 14
218 317 9 12
210 288 11 14
235 286 9 11
242 270 10 13
223 272 10 14
205 267 10 12
245 254 9 14
214 257 10 12
218 246 9 11
246 241 10 11
202 247 10 11
186 248 9 11
191 313 9 11
166 242 10 11
327 299 9 14
353 281 9 13
578 292 8 13
537 263 11 13
562 264 11 13
435 245 11 13
540 230 10 14
524 230 10 13
502 234 10 13
506 267 10 13
394 268 10 13
412 248 10 12
386 258 9 13
365 264 11 14
362 252 9 13
335 275 11 15
322 266 10 12
560 238 12 15
427 235 11 14
484 241 9 13
450 292 11 14
517 294 10 14
551 283 11 14
479 292 10 13
490 303 11 14
418 298 11 14
393 249 8 10
341 238 10 13
370 236 9 14
363 233 9 12
482 229 10 12
452 225 9 10
412 223 10 13
298 226 8 12
313 235 9 11
323 224 10 11
332 222 8 10
343 226 10 11
432 323 10 13
160 47 6 9
176 44 8 9
198 100 9 10
169 102 8 9
174 93 7 10
201 79 8 10
140 100 9 11
154 95 8 11
152 84 9 11
183 26 6 10
197 121 8 10
202 111 9 11
166 117 8 12
151 151 9 12
177 142 9 11
184 167 9 13
105 110 7 9
81 111 8 12
210 48 6 9
189 60 8 11
50 113 8 10
114 117 8 9
172 78 8 10
197 142 8 10
199 134 9 11
123 124 9 11
128 146 10 11
128 158 10 12
103 137 8 11
60 143 8 10
49 147 8 12
135 122 7 10
162 137 8 11
75 122 8 12
39 119 8 10
73 164 9 12
13 122 7 11
7 97 6 11
63 107 7 11
125 109 7 11
146 169 8 11
46 165 10 11
116 154 8 11
150 126 7 10
104 148 9 10
83 154 9 11
34 154 7 12
28 169 9 10
192 40 6 7
25 139 8 9
10 167 8 12
62 164 9 11
100 167 9 11
46 127 8 9
544 189 8 11
531 213 8 11
512 201 10 12
510 187 9 12
499 160 9 13
489 164 10 13
525 171 10 15
484 200 10 13
495 193 7 15
476 176 10 14
471 168 10 12
481 146 9 13
499 144 9 12
453 204 8 12
529 158 8 11
420 185 10 14
419 162 8 13
441 171 9 13
466 151 10 13
444 154 10 10
452 164 9 12
532 126 7 11
558 123 8 13
515 125 9 13
445 133 10 13
430 116 8 12
417 153 10 13
416 133 10 13
462 124 11 13
493 117 10 12
548 178 8 9
535 197 8 10
463 191 7 12
622 27 9 12
601 45 8 9
620 85 8 12
557 87 7 8
541 99 9 10
510 96 9 13
539 72 8 12
548 64 8 11
581 37 8 11
609 32 8 13
482 79 9 11
462 35 8 11
455 19 8 10
520 32 8 11
573 70 7 9
461 84 8 11
460 100 8 12
486 94 8 12
518 73 9 12
615 57 8 11
564 16 7 11
482 26 8 10
490 47 8 11
601 85 8 10
435 46 9 11
425 34 9 11
429 18 8 11
425 97 9 12
429 79 8 11
458 63 8 12
407 32 7 10
388 3 7 11
350 77 8 12
369 87 8 13
406 168 8 12
395 155 9 12
392 141 8 12
406 124 8 11
406 105 10 13
370 65 9 10
394 63 7 11
287 119 8 12
298 125 8 11
327 103 8 9
340 89 10 11
333 77 8 11
406 46 8 10
330 66 7 9
409 21 7 9
190 5 7 10
181 1 8 9
245 27 7 10
222 8 7 9
267 26 8 10
262 17 7 9
290 27 7 11
352 25 7 10
314 37 8 8
330 28 8 12
317 14 7 9
368 9 8 9
386 16 9 10
370 20 8 9
380 29 9 12
403 3 9 11
466 2 8 12
448 51 8 10
384 49 8 11
299 63 7 10
237 18 9 12
299 13 7 9
288 8 8 11
276 10 8 10
251 49 8 9
222 35 8 11
391 93 8 10
360 114 8 10
450 105 7 10
444 95 8 8
391 110 9 9
351 64 7 9
383 77 9 10
324 80 7 10
278 65 8 11
232 57 8 10
220 60 7 12
250 61 8 11
256 74 8 10
350 140 8 11
306 103 7 10
281 83 8 10
227 96 7 8
248 99 7 8
268 99 7 10
289 107 8 10
288 96 9 9
372 113 8 9
374 138 8 9
377 149 8 9
360 160 10 12
336 146 10 11
270 115 8 11
232 114 9 9
214 135 8 10
256 136 9 11
248 121 9 12
264 127 8 11
341 167 8 9
383 169 8 12
400 194 9 11
393 202 9 11
379 188 10 12
376 208 9 12
357 188 9 11
363 172 9 13
351 212 10 11
348 206 9 9
322 204 9 13
284 223 9 10
277 222 8 11
263 225 9 11
252 219 10 12
232 210 10 10
213 218 8 9
198 231 8 9
188 217 10 13
171 213 9 10
189 192 9 12
180 196 8 10
332 192 8 11
324 193 8 10
305 189 7 12
312 175 9 11
319 164 8 11
290 181 9 14
271 198 11 13
254 199 9 12
277 182 9 13
259 177 9 12
239 196 8 11
225 186 8 11
245 183 10 12
215 193 8 9
211 181 8 11
296 168 9 11
301 155 7 9
227 135 9 10
281 155 7 10
295 142 9 11
234 168 8 11
169 172 8 11
138 192 8 10
141 180 7 10
154 212 8 11
150 239 9 11
128 249 8 11
110 251 11 13
114 192 8 11
121 187 8 11
134 220 8 11
97 201 8 11
91 201 8 10
73 215 8 10
72 238 8 11
112 230 8 11
94 235 9 13
32 224 9 11
56 210 9 12
106 185 9 11
88 171 9 11
207 169 8 11
89 189 7 10
76 178 9 13
75 202 7 10
54 190 10 12
54 183 10 9
34 182 8 10
32 195 9 11
11 188 8 10
52 224 8 12
15 288 10 13
13 305 9 11
516 3 9 11
537 45 8 9
503 28 7 10
557 365 10 17
742 36 12 11
199 598 18 26
835 57 11 12
0 600 18 20
0 22 7 10
9 370 12 13
222 375 11 15
345 335 8 12
1 300 7 9
1 270 8 9
0 230 8 10
3 216 9 13
1 191 9 10
5 325 9 9
0 349 7 12
0 112 7 8
4 146 10 10
39 104 8 10
156 33 8 9
