31 467 12 16
178 363 19 26
41 392 11 13
50 464 12 15
108 469 9 14
122 468 12 14
71 389 12 15
102 392 8 13
112 386 10 13
147 380 8 14
206 385 9 13
220 389 11 15
335 374 17 22
296 443 6 12
246 389 8 11
401 442 9 12
414 442 8 8
387 444 6 9
275 384 7 10
353 392 7 9
367 405 5 6
461 350 19 25
427 405 8 10
541 395 5 6
652 373 15 18
728 368 13 21
769 377 12 16
778 376 8 13
921 582 69 74
840 402 5 5
877 395 4 5
846 395 4 5
853 395 4 5
566 431 3 5
551 435 4 6
538 434 4 7
527 436 5 7
560 400 3 7
590 433 3 6
595 429 4 7
511 395 5 7
503 396 5 7
388 399 5 6
440 395 5 7
427 443 5 9
537 396 4 7
852 508 17 31
27 406 9 9
