8 430 10 11
22 442 7 9
44 438 7 8
62 423 10 10
18 388 6 6
129 436 12 14
167 420 11 14
98 426 7 10
104 408 7 9
159 412 9 11
150 413 8 9
182 429 10 13
185 411 9 12
195 414 6 9
232 444 20 22
249 441 27 28
278 450 29 35
314 419 14 16
356 417 20 20
298 465 41 39
410 467 50 57
364 447 25 25
402 421 27 26
452 431 29 31
498 414 20 23
477 427 19 22
525 391 8 10
544 388 9 11
583 401 11 15
605 414 22 23
606 385 9 10
628 369 9 12
643 368 6 8
600 376 7 7
588 367 7 8
566 370 7 9
617 375 7 6
620 387 9 11
712 199 7 6
731 200 5 7
754 202 6 7
767 193 6 8
794 189 5 6
803 187 7 8
815 183 7 9
836 186 4 6
856 180 8 9
864 173 8 12
914 172 8 10
877 181 8 8
932 154 7 9
675 383 11 14
660 366 4 6
678 366 7 8
701 367 5 8
715 380 7 8
712 355 6 7
746 359 8 10
777 354 6 9
819 356 7 10
797 380 7 10
801 378 6 11
754 381 11 13
747 368 7 11
764 367 9 7
843 380 9 13
811 401 16 19
850 365 8 9
875 378 15 17
872 355 6 11
985 384 15 21
943 361 7 8
977 359 8 8
993 362 8 8
1012 364 12 12
464 559 61 76
537 434 37 42
576 430 16 17
634 443 47 48
684 415 21 23
718 427 32 38
767 420 29 34
826 475 66 69
881 440 38 47
650 537 101 120
897 362 7 8
895 353 7 8
816 372 7 9
803 360 8 9
796 360 7 10
119 421 10 10
14 423 6 8
