70 485 26 35
68 470 21 23
50 450 21 25
24 422 21 26
7 430 18 20
3 413 11 17
231 307 24 29
216 313 19 25
201 320 18 22
189 323 14 20
169 322 15 20
329 318 19 22
304 328 19 22
287 324 17 20
356 317 20 23
380 300 22 25
428 299 25 29
406 313 15 19
511 305 19 25
483 325 19 22
561 431 15 19
619 438 20 23
728 452 24 27
866 463 24 32
808 433 16 18
873 411 14 16
802 407 13 17
746 415 17 19
683 401 14 18
637 412 14 14
582 407 14 15
611 396 9 12
574 394 9 10
857 397 11 15
881 392 8 8
656 399 11 13
640 391 8 10
620 386 7 10
708 391 10 10
680 391 9 9
736 387 7 9
714 385 9 10
675 386 7 8
632 378 6 6
618 378 5 7
744 402 10 12
905 433 18 22
958 411 14 20
976 405 14 19
920 400 12 17
896 396 10 11
802 394 10 11
841 387 8 10
793 390 8 11
771 389 7 8
821 388 6 6
785 384 7 8
795 377 5 5
832 379 5 6
843 378 5 4
851 385 7 7
858 380 5 7
877 379 6 7
894 388 8 8
913 378 6 5
751 392 7 8
756 384 5 6
773 380 5 5
751 378 5 6
806 375 5 5
915 370 5 6
895 377 5 7
934 391 9 11
963 401 10 10
976 395 8 9
966 384 7 9
939 382 6 8
955 379 7 8
984 388 7 10
1013 383 7 8
989 378 6 8
995 378 5 6
947 375 5 5
970 373 5 6
1016 374 4 5
1010 370 4 5
591 385 6 7
599 383 6 7
581 388 7 9
573 379 6 7
584 378 5 5
602 376 3 5
613 380 4 5
640 376 5 5
651 380 5 5
658 377 5 4
623 379 4 5
703 380 5 7
696 379 4 6
676 375 5 5
713 379 4 5
694 400 8 12
721 376 4 5
731 378 5 5
741 378 4 6
553 393 9 10
566 381 6 6
550 376 6 5
760 381 6 7
745 378 4 4
849 397 7 9
925 383 7 11
779 374 5 7
102 509 30 40
