167 301 10 9
207 291 10 13
256 293 10 12
134 301 9 12
125 332 10 12
148 330 9 13
173 347 8 13
196 340 10 12
216 341 9 12
239 336 8 11
261 337 9 10
135 381 9 12
158 383 9 12
187 379 10 13
208 379 10 13
235 381 8 13
86 360 8 14
60 389 9 11
87 383 10 14
111 382 9 12
80 406 10 13
117 408 9 14
165 413 11 13
332 260 9 11
371 269 8 11
284 291 10 13
754 289 8 11
720 401 12 15
754 401 9 14
783 406 9 12
858 297 10 12
869 320 10 12
846 338 8 11
900 332 10 14
844 378 9 12
867 380 9 13
896 377 9 12
922 385 10 14
947 384 11 13
855 402 11 13
823 420 9 11
884 406 10 16
915 409 9 13
948 407 9 15
507 125 12 19
343 288 10 12
374 287 8 11
409 286 9 12
297 335 8 12
336 333 8 11
362 336 9 12
392 335 9 12
418 331 8 11
298 380 9 12
328 377 7 11
352 376 9 11
381 378 9 13
410 377 10 12
269 379 9 11
239 402 10 14
201 415 9 12
279 411 10 13
306 413 8 11
337 400 10 15
431 255 9 13
506 262 10 12
447 287 9 11
489 281 10 13
524 284 9 11
561 284 11 14
443 334 10 12
473 328 8 14
506 329 8 12
541 329 9 13
565 332 9 13
793 291 9 12
829 293 10 12
727 334 10 12
751 334 10 12
771 336 9 13
795 338 8 12
823 337 9 13
700 377 9 12
724 378 9 11
751 378 12 14
780 379 9 11
803 379 9 12
824 380 7 12
647 401 10 14
685 402 10 13
314 289 10 13
434 375 8 11
461 376 9 12
488 375 9 13
527 374 9 13
550 374 9 12
373 406 8 14
402 408 9 14
439 408 9 15
475 406 9 14
506 405 9 14
537 402 11 14
577 375 10 12
574 400 11 15
605 375 10 12
612 406 8 11
632 375 9 12
574 263 8 10
618 264 6 11
595 285 8 10
633 285 9 13
665 288 9 11
680 265 8 13
592 329 9 12
615 334 9 10
651 332 10 12
691 331 8 12
673 376 9 12
717 256 8 12
706 286 9 13
735 288 9 12
