794 547 8 14
872 375 13 15
856 369 13 16
829 372 11 16
972 346 12 20
998 356 12 13
933 335 12 15
965 318 12 15
1004 325 13 14
993 310 9 14
893 349 13 15
856 345 11 14
808 360 10 12
748 377 13 16
776 400 13 14
817 395 14 13
758 361 12 13
663 315 11 14
585 302 13 12
738 300 13 14
784 300 13 13
600 386 13 14
656 364 13 18
564 408 15 15
613 415 13 14
603 438 10 12
641 432 14 17
626 479 13 14
651 476 12 17
691 450 9 16
676 483 10 16
685 507 11 12
707 494 11 12
709 439 10 14
690 413 12 19
707 388 11 16
683 351 9 14
653 457 9 13
789 474 10 12
628 363 11 12
587 383 11 11
582 434 13 13
562 469 11 12
1019 569 5 10
1018 439 6 15
911 316 9 12
665 424 10 14
881 420 13 13
797 673 18 23
308 626 12 19
372 633 13 14
411 607 13 19
446 638 10 17
520 609 13 18
267 623 13 16
273 606 12 16
304 606 10 16
350 607 9 19
260 604 12 19
197 598 12 18
177 600 14 17
187 625 12 16
129 619 11 16
82 618 12 17
67 605 12 16
415 522 13 17
452 529 14 14
489 530 14 17
512 549 12 15
538 541 11 14
550 520 10 16
519 500 13 17
486 495 13 17
382 534 11 16
374 505 12 16
425 499 10 17
274 506 12 15
259 536 12 15
205 514 12 14
117 517 12 12
86 523 12 14
114 489 10 15
146 490 8 13
176 485 13 12
213 478 10 13
197 462 12 14
250 472 12 16
231 467 10 10
279 478 10 14
297 474 11 14
319 478 10 11
288 424 13 15
759 502 15 17
830 512 13 16
910 477 14 17
976 517 15 14
680 557 15 16
706 563 11 15
844 480 14 16
893 521 16 15
898 555 16 16
847 575 15 16
769 637 13 19
856 641 15 17
967 644 13 16
999 653 12 14
631 555 10 14
596 548 8 13
566 488 12 17
589 523 10 12
618 528 13 14
676 536 11 12
729 507 14 17
824 488 14 18
876 486 13 14
766 481 10 14
661 500 13 14
626 497 13 14
595 498 13 11
579 473 12 15
740 434 13 16
813 454 13 15
864 430 13 15
939 424 14 18
982 434 12 13
1004 469 14 17
954 481 12 13
975 496 14 14
976 475 11 11
1003 537 16 16
783 416 15 15
812 410 10 19
839 397 10 14
890 397 14 17
922 401 13 16
960 411 12 16
985 414 14 13
921 359 14 22
960 376 14 20
1008 373 13 16
935 534 14 16
943 551 11 19
978 571 11 12
787 611 13 15
773 564 14 19
763 543 12 15
796 529 12 13
0 579 6 10
684 254 11 15
730 282 10 12
760 256 11 15
802 251 12 17
835 265 10 16
905 236 8 15
930 214 12 15
993 211 12 13
886 205 10 15
854 200 11 14
853 227 10 14
837 255 11 12
860 253 8 11
638 254 13 18
590 270 13 17
515 298 12 12
495 336 11 15
451 306 12 16
436 261 11 13
473 268 9 13
502 257 10 15
492 199 12 15
458 221 9 15
525 236 12 12
567 248 9 12
597 254 8 12
620 240 12 14
740 227 11 15
761 242 12 17
820 220 12 15
775 227 12 15
734 199 12 13
799 195 14 15
820 185 10 15
866 176 11 15
939 196 12 16
975 171 11 15
944 165 12 15
678 216 12 16
704 210 11 15
697 231 11 13
663 245 10 16
596 203 11 12
629 221 10 13
659 196 12 14
638 137 13 15
680 143 12 16
715 140 13 18
820 137 11 13
905 128 13 18
1013 140 10 12
562 211 10 13
497 120 12 13
469 127 10 12
482 108 11 16
516 128 10 14
539 122 9 14
616 120 12 12
585 140 10 12
594 146 11 12
605 125 12 17
715 186 10 14
758 170 12 14
796 183 10 13
754 211 8 12
520 258 10 12
553 267 10 12
533 250 9 13
456 375 9 10
902 186 11 10
405 232 10 15
370 114 10 13
404 116 9 13
423 126 9 14
321 112 9 12
278 110 12 12
235 123 11 11
191 100 11 12
150 114 8 10
104 122 7 10
67 110 12 13
25 120 8 9
31 113 8 9
123 115 10 11
163 112 12 12
222 95 11 14
214 91 10 12
232 80 7 11
288 110 9 11
339 120 10 11
357 109 11 12
418 110 7 11
230 401 12 16
281 399 14 16
371 476 11 14
406 479 10 14
435 487 10 16
461 460 12 15
432 456 10 15
515 467 13 14
482 444 10 13
522 438 12 14
514 424 11 14
472 406 11 12
428 398 9 16
410 397 11 14
378 394 9 15
394 424 10 17
317 388 12 16
15 649 13 16
139 594 11 12
165 577 11 13
51 603 10 11
38 598 11 13
254 527 10 12
228 484 10 13
203 504 13 15
398 456 12 17
364 456 11 15
516 530 14 14
476 462 12 17
541 391 8 13
341 416 13 16
367 16 9 15
392 6 11 14
220 0 7 12
240 3 9 12
492 0 10 8
926 32 11 12
972 37 9 10
969 8 9 14
996 34 10 15
816 19 12 15
804 29 11 15
835 31 11 13
755 36 10 13
773 21 9 13
786 36 9 11
790 11 9 13
744 19 9 14
829 0 11 8
799 0 12 9
914 79 8 12
667 40 9 11
697 39 9 14
713 36 11 14
724 23 9 12
688 17 9 12
618 43 9 12
591 47 11 8
594 0 7 8
581 0 10 9
620 0 10 8
661 14 11 14
651 42 8 11
376 328 10 14
336 342 9 11
306 378 12 15
408 343 12 14
424 341 11 13
478 301 10 8
412 274 12 13
304 499 12 14
936 260 11 12
888 222 10 15
438 691 11 21
778 382 12 11
849 142 7 10
262 455 10 14
199 485 8 12
195 503 9 12
750 615 11 17
419 430 11 18
597 222 9 12
731 254 12 17
723 271 10 11
707 541 8 12
604 476 10 14
116 572 13 15
150 515 12 13
170 503 9 15
659 287 10 11
877 500 12 16
960 141 12 13
654 2 9 11
