703 532 27 34
809 482 26 38
906 416 27 34
990 387 21 32
314 476 24 25
451 427 24 32
559 385 21 28
156 374 22 20
237 335 21 23
332 323 22 24
440 289 22 21
649 353 21 32
745 334 20 22
815 298 20 26
897 256 19 28
996 247 15 19
513 270 17 20
595 231 16 24
689 205 15 20
782 204 14 19
856 173 15 20
910 174 13 16
958 120 14 17
16 421 22 27
60 292 19 22
159 239 20 24
250 229 17 23
365 218 14 17
477 185 15 19
583 174 12 15
643 161 13 17
695 145 12 16
500 135 12 14
440 133 14 16
262 164 16 18
256 128 14 17
243 79 16 18
161 64 13 17
191 111 12 14
183 140 15 17
121 118 13 19
319 117 14 18
166 207 15 21
84 222 16 23
82 166 15 21
66 106 11 14
41 131 13 17
364 151 14 18
924 118 12 17
862 111 12 16
982 97 13 15
944 91 13 14
899 90 10 18
869 86 13 17
940 69 14 17
903 71 13 14
971 75 8 13
976 46 11 19
1011 70 11 17
986 18 9 12
854 64 14 17
830 68 10 13
839 46 8 11
823 89 11 11
794 91 13 12
804 122 10 14
759 104 12 17
795 62 9 12
892 46 14 14
772 12 12 13
752 59 11 16
732 40 11 11
736 82 11 15
636 71 11 14
668 82 10 13
692 57 11 17
697 82 10 14
635 97 13 17
591 95 13 18
573 94 12 16
616 53 11 14
592 39 10 12
606 28 10 15
560 51 11 13
558 72 11 15
594 76 12 15
589 62 9 12
673 20 10 12
650 19 9 11
730 63 12 15
718 0 11 7
538 91 11 13
528 73 11 13
526 53 11 15
561 11 9 12
527 8 8 13
501 7 12 13
513 36 8 11
497 45 12 14
503 86 13 18
467 88 12 16
444 86 11 13
444 60 11 15
460 53 10 11
469 75 10 11
468 10 11 11
501 78 10 11
556 46 8 9
407 80 9 13
103 13 11 13
77 27 12 14
53 26 11 14
28 23 8 13
41 4 9 11
47 59 8 12
28 56 10 14
17 65 7 10
69 5 7 9
9 27 6 8
349 87 15 15
800 2 10 14
