237 299 26 26
172 340 25 27
122 346 28 30
163 267 21 25
120 264 14 18
182 251 17 21
293 241 19 21
245 250 17 20
209 237 9 15
198 258 13 15
57 233 17 22
72 214 12 14
75 195 11 16
120 207 12 15
135 212 12 16
145 218 11 15
150 203 10 15
180 196 11 14
206 197 10 11
191 192 11 11
312 241 14 18
331 237 13 16
378 240 11 12
392 255 13 17
423 241 15 17
441 240 16 22
465 239 12 18
464 213 11 15
404 209 12 15
359 203 9 10
229 236 12 15
282 223 10 13
263 179 9 11
249 176 11 12
285 181 10 11
195 119 9 11
324 182 11 12
347 188 11 12
367 176 9 11
381 180 7 10
391 179 8 10
426 191 10 11
425 182 10 12
476 179 8 10
488 168 7 10
501 176 6 7
495 167 6 10
503 207 10 12
486 206 11 13
492 230 13 14
499 261 15 18
537 245 14 16
530 243 12 17
562 229 12 17
585 268 17 19
628 261 17 18
669 260 15 18
602 250 12 15
576 239 14 18
590 240 11 16
637 228 13 15
673 230 13 15
702 235 14 16
728 246 14 17
749 241 13 17
768 295 15 20
776 234 11 14
689 211 13 17
637 217 9 13
611 211 15 14
773 217 10 13
738 207 10 12
759 184 6 9
562 164 8 8
575 155 6 6
576 182 7 9
585 174 6 7
669 163 5 7
791 277 17 22
823 261 14 19
840 245 15 17
864 253 14 15
897 258 17 23
941 263 14 16
973 259 14 18
1005 250 12 16
909 238 12 16
891 243 12 14
895 225 7 10
910 202 9 13
872 208 10 13
860 210 8 12
901 206 7 10
883 207 7 10
899 186 8 10
784 202 9 13
989 207 9 13
1014 238 8 12
1011 209 8 13
927 226 13 18
680 204 7 11
689 200 9 11
688 163 7 5
301 214 13 16
585 216 12 16
86 331 10 14
0 330 8 13
797 244 11 11
996 210 9 11
358 267 13 16
354 257 12 14
567 167 7 8
495 251 10 12
88 218 10 14
808 226 12 15
728 234 12 16
