129 157 18 22
238 159 16 22
290 171 17 25
324 211 19 23
326 268 18 26
272 247 17 25
220 211 18 24
178 186 16 23
198 270 19 27
251 303 25 31
146 234 18 26
103 215 18 24
114 310 20 28
866 154 17 22
897 203 20 22
856 246 20 26
823 191 20 24
797 136 19 24
756 158 18 22
771 210 18 25
735 239 19 27
937 272 20 27
970 341 22 33
881 308 23 30
827 329 22 31
804 271 19 24
703 187 16 23
758 303 19 27
696 274 19 25
719 338 22 27
667 210 20 26
601 188 16 22
622 238 20 25
631 302 22 30
554 263 19 26
550 208 18 26
567 343 21 28
495 302 21 29
495 235 20 24
489 179 17 24
435 211 16 26
439 263 19 26
383 183 18 23
383 241 19 25
438 350 19 29
377 320 20 27
304 352 20 29
65 273 21 27
164 352 19 25
38 352 22 27
