102 250 7 9
184 197 6 6
314 230 7 9
342 233 7 7
374 244 6 8
412 253 6 9
552 187 3 4
537 174 4 7
549 157 4 5
569 153 2 6
734 167 3 5
740 177 3 5
749 224 5 6
705 220 5 7
666 213 5 7
637 205 3 7
594 193 4 8
798 235 4 11
850 242 5 9
871 238 5 11
855 227 6 8
941 168 4 6
524 286 4 8
572 297 9 11
625 312 8 10
689 331 7 8
693 345 7 12
756 334 9 12
823 319 6 10
876 318 6 8
900 292 6 12
914 278 7 7
907 263 6 7
933 248 6 7
967 235 4 8
938 344 7 10
989 176 5 7
1004 227 5 7
1019 213 3 6
1017 192 4 6
38 345 7 9
111 350 7 7
146 377 9 10
180 390 7 7
224 419 11 11
263 437 11 7
313 460 13 13
368 498 11 9
461 506 11 16
567 506 12 14
631 479 11 10
685 462 6 9
700 411 11 14
705 376 9 9
720 400 7 8
440 263 7 8
478 270 7 9
688 175 5 5
600 144 7 9
635 138 5 7
765 191 6 7
896 159 5 6
720 141 4 4
761 143 4 5
