34 155 15 18
125 135 13 18
142 134 14 21
212 140 16 20
180 192 14 20
141 193 15 17
57 197 17 20
144 252 17 21
113 253 17 19
66 247 18 19
26 243 15 16
20 335 17 22
46 337 16 21
74 339 16 23
102 340 16 17
159 316 15 23
188 312 19 26
270 328 17 22
288 358 17 25
244 206 14 17
304 191 15 18
276 263 17 21
248 267 15 18
230 138 13 19
304 127 16 20
344 181 18 19
382 127 15 19
471 135 13 16
496 133 11 17
567 134 16 16
577 182 17 19
475 182 17 18
520 250 16 19
672 127 15 17
622 134 13 16
681 164 14 19
790 114 15 17
765 120 15 18
767 162 17 20
732 167 17 18
979 178 15 21
861 165 16 20
882 190 14 21
855 186 15 22
937 204 16 16
936 241 18 22
894 255 16 20
856 244 15 20
817 254 18 22
902 298 19 30
637 246 13 18
597 257 16 17
540 256 17 18
541 319 16 23
349 260 14 18
381 292 17 26
353 320 17 24
429 305 16 26
448 252 15 19
730 248 15 24
778 246 15 22
778 312 19 26
706 327 16 24
733 330 16 25
652 334 16 24
840 323 16 22
607 329 15 22
560 337 16 23
498 359 16 26
441 182 15 18
0 316 6 24
0 191 7 20
1009 253 14 18
