32 348 11 16
61 343 11 14
88 352 12 15
124 347 11 15
135 357 11 15
160 350 11 16
134 383 11 16
98 385 11 15
54 416 12 17
353 390 12 15
317 388 12 15
282 389 12 14
244 386 12 16
209 387 11 15
170 384 12 16
168 359 13 16
206 353 12 15
240 350 12 17
278 350 12 18
315 352 13 18
355 351 12 16
580 394 11 13
543 390 11 15
504 390 13 17
467 394 13 15
428 389 12 16
391 390 12 16
398 350 12 17
437 351 12 17
479 353 11 17
521 354 12 16
563 354 12 16
604 353 10 13
565 311 12 16
527 313 12 16
487 310 11 16
444 311 12 16
403 313 13 17
361 311 13 16
817 387 13 16
777 385 13 17
737 386 12 17
695 385 13 18
656 387 12 18
617 388 12 18
645 352 12 18
684 348 13 19
727 346 12 18
771 346 13 18
794 354 13 17
820 347 12 17
840 353 13 19
820 309 12 16
862 305 12 17
865 271 13 17
905 342 11 15
866 350 13 15
858 389 13 16
900 420 12 18
905 309 13 16
909 273 12 16
905 239 15 16
779 307 12 17
820 271 11 15
732 308 11 15
778 271 13 18
731 274 12 17
690 271 14 18
693 307 12 19
649 308 12 18
611 311 12 16
613 272 11 16
650 273 12 17
734 237 13 18
779 235 13 18
696 238 13 15
657 240 12 17
618 241 13 18
577 240 13 18
575 272 12 18
975 335 13 17
968 318 12 16
946 331 13 16
911 136 12 15
911 171 11 15
910 204 12 18
870 125 13 18
866 163 14 17
864 199 12 16
865 231 13 18
822 235 12 17
824 201 13 17
824 163 13 19
826 128 13 17
288 312 11 16
250 312 11 16
211 312 11 15
177 311 13 17
134 312 12 16
97 314 12 17
109 280 11 16
146 278 13 17
186 278 11 17
219 278 12 16
255 278 11 15
292 279 13 17
119 251 12 14
129 216 11 15
153 245 12 15
325 312 11 15
449 277 11 16
410 275 13 17
371 275 11 15
333 277 11 16
457 242 12 17
416 242 13 17
375 246 13 16
339 243 11 16
301 243 12 18
136 185 12 16
149 152 11 16
170 179 11 15
159 210 12 15
195 213 13 14
179 141 11 15
213 143 11 15
245 144 12 15
281 144 12 15
275 177 10 15
238 178 13 17
207 176 11 15
267 209 12 17
233 209 12 17
263 246 12 16
226 244 12 14
191 245 10 15
320 143 13 16
358 142 14 18
398 140 12 17
431 140 12 17
428 174 12 15
389 176 12 15
351 176 12 16
312 173 12 18
423 206 11 16
384 205 11 18
344 207 12 17
308 210 12 15
537 241 12 14
531 276 12 17
495 241 12 17
490 277 12 16
585 136 12 18
584 169 11 18
541 170 12 18
546 139 13 17
509 140 13 17
470 140 13 17
582 207 11 16
541 208 11 15
500 208 12 17
462 209 12 15
465 175 12 16
503 174 13 16
786 129 12 16
783 167 12 17
782 200 11 16
736 199 14 18
739 167 14 18
744 129 12 17
704 133 12 16
666 133 13 18
625 136 13 17
701 166 12 16
697 200 13 16
660 203 13 16
625 171 12 16
663 167 12 16
622 206 11 15
