91 493 6 7
118 471 9 9
194 481 7 8
224 498 10 10
236 479 8 8
222 448 8 8
188 457 6 7
197 416 10 10
241 419 8 8
129 414 8 10
75 471 9 9
91 416 11 9
58 427 6 6
69 373 8 6
151 375 10 8
187 374 7 6
222 375 9 8
256 375 7 5
93 331 7 7
112 372 6 8
128 329 8 8
167 327 7 6
198 333 8 6
235 332 7 8
270 317 9 7
112 268 8 6
148 273 6 6
182 285 8 8
212 285 8 7
240 278 8 6
277 280 8 8
130 236 5 8
161 240 8 6
192 240 6 6
222 239 7 8
254 239 8 7
288 246 8 8
147 205 6 7
175 203 6 6
211 207 5 4
241 208 4 6
270 207 4 5
302 203 6 6
166 178 6 7
193 174 6 6
223 172 6 6
252 172 6 6
280 170 6 6
308 175 7 6
175 144 7 6
403 180 7 9
482 155 7 8
539 164 8 10
633 164 6 9
575 189 6 5
542 202 6 9
489 196 8 8
430 202 6 7
367 203 7 9
345 212 8 11
389 237 7 8
331 265 8 7
329 278 6 8
343 322 8 7
398 302 10 15
421 266 8 10
491 229 8 8
491 275 8 12
563 271 8 8
580 244 7 10
598 199 7 9
633 215 7 8
643 265 6 9
607 280 7 12
572 302 8 13
626 326 8 13
488 327 10 12
582 377 8 10
489 360 9 11
481 407 9 13
395 372 9 11
733 152 5 4
765 147 7 7
794 143 4 7
823 145 6 3
742 173 9 8
775 174 6 5
803 181 6 5
835 177 5 6
749 209 6 9
778 211 6 4
808 198 7 4
844 208 4 9
757 244 7 4
791 245 6 7
820 245 10 7
855 248 7 5
734 294 7 5
770 290 7 7
798 292 7 7
829 290 8 7
864 290 7 7
709 338 7 4
742 333 8 6
781 333 7 7
815 334 7 5
848 337 10 6
885 337 7 5
714 377 8 8
754 386 8 7
785 384 9 7
824 382 6 7
864 377 7 7
902 380 6 7
726 436 8 7
766 436 10 6
806 432 10 7
838 429 8 9
917 437 7 7
748 509 7 11
859 496 10 10
725 492 5 7
794 493 6 7
695 248 4 5
729 243 4 5
700 290 6 4
355 165 6 7
428 163 6 9
129 109 8 6
257 110 8 8
375 108 9 7
615 109 8 7
856 110 9 9
499 114 7 7
875 469 6 8
954 481 8 10
971 513 9 9
158 500 10 11
161 418 9 9
22 507 9 8
36 467 11 9
205 136 7 6
236 142 5 6
260 145 6 4
290 144 6 7
317 144 8 7
180 123 5 5
216 130 4 5
242 120 4 5
270 130 5 8
331 125 4 5
297 131 5 8
367 125 5 7
407 120 6 6
450 119 6 7
538 120 6 4
571 123 5 5
597 128 4 4
633 131 4 5
675 144 6 7
707 140 4 6
678 178 6 4
711 178 4 5
686 203 6 7
722 208 4 6
668 129 7 8
742 116 10 9
