346 677 38 73
507 677 38 85
650 659 42 73
520 506 42 69
469 422 26 50
403 448 15 50
102 611 29 54
18 558 29 58
42 458 18 49
539 263 24 28
669 250 22 24
791 238 23 30
733 237 22 26
694 232 19 22
658 231 18 21
631 241 20 23
625 230 17 18
435 224 23 26
544 238 21 27
588 220 23 28
480 224 20 24
556 218 21 22
534 221 19 20
456 217 17 21
371 222 21 24
418 219 14 13
400 228 15 15
340 226 21 24
305 227 21 20
286 225 20 17
506 222 18 18
241 220 17 17
267 220 19 22
229 216 13 19
218 220 12 15
190 212 17 17
169 207 16 17
153 204 15 16
141 200 14 15
126 193 16 17
121 190 11 16
104 185 14 17
82 182 15 14
48 175 13 13
406 204 10 11
373 200 15 14
328 200 12 14
315 200 12 14
288 196 17 16
262 203 13 15
272 188 13 13
256 185 13 11
242 196 15 15
230 197 11 15
216 194 13 14
203 185 13 14
184 185 13 15
172 179 12 14
152 178 13 14
128 174 11 10
139 165 11 12
131 160 10 10
117 161 8 9
103 161 9 10
241 177 12 13
224 169 12 15
296 176 11 14
343 204 10 13
72 168 13 14
92 162 9 10
53 157 9 10
148 148 7 8
173 150 6 8
183 146 7 8
153 138 6 7
124 142 7 6
104 144 7 5
89 141 6 5
246 144 7 8
227 143 7 7
363 150 6 8
400 154 7 9
384 156 6 7
425 157 7 7
338 152 6 6
287 150 6 6
79 148 5 6
241 151 5 8
201 147 5 7
273 148 5 8
267 151 4 8
442 139 7 8
617 151 7 8
31 169 8 9
605 149 8 9
763 157 5 7
492 145 5 8
575 148 6 7
587 146 6 8
