1013 0 9 15
963 25 16 19
930 7 15 23
972 70 29 32
902 5 14 17
918 0 11 18
865 35 11 17
819 35 11 14
812 49 7 9
788 53 13 15
990 127 33 47
931 116 18 23
948 155 40 34
863 122 18 23
759 101 8 10
814 126 18 18
795 126 16 17
801 150 33 41
782 150 23 36
766 156 19 25
695 83 8 12
638 91 17 25
622 96 11 15
637 120 19 25
614 153 17 23
641 175 21 27
686 161 18 18
704 161 31 33
775 200 46 63
928 200 34 56
718 71 9 9
873 167 38 43
1005 199 19 67
711 335 52 133
538 94 11 11
549 138 20 26
579 165 22 26
576 216 28 30
564 313 31 54
414 317 37 45
519 314 37 36
281 279 35 46
272 263 24 26
128 255 20 20
199 252 69 87
91 320 57 54
345 270 22 38
5 113 13 16
85 276 11 26
94 279 9 16
836 44 9 10
