20 365 13 15
42 392 10 14
66 388 11 14
60 368 11 14
38 348 10 16
70 335 12 13
67 408 12 15
112 395 12 17
63 317 8 13
16 320 11 14
64 292 9 14
105 367 11 16
115 352 11 15
91 313 10 11
130 311 11 14
144 363 12 15
103 294 10 13
135 332 11 14
172 330 11 14
173 363 11 14
186 385 13 15
199 358 10 17
214 355 11 15
37 433 13 16
97 506 12 14
84 431 13 17
18 428 13 17
134 442 10 14
126 436 9 14
214 418 12 15
37 281 9 13
24 236 11 11
15 259 11 14
39 263 10 11
56 241 9 13
61 263 11 14
71 286 10 13
85 257 10 12
71 263 8 10
90 269 10 13
116 278 11 13
136 270 10 13
148 288 11 14
156 287 7 11
150 253 10 14
114 248 11 14
103 248 11 11
62 224 10 13
84 234 9 12
107 228 11 13
128 232 9 12
144 241 10 13
158 237 7 11
8 278 8 15
4 268 6 10
163 373 12 13
197 404 8 13
195 336 11 15
233 342 11 16
232 385 8 11
256 390 11 14
244 325 10 13
290 396 9 14
268 380 10 14
260 358 10 12
288 328 11 15
172 235 11 14
185 228 10 14
197 240 11 12
190 255 10 13
173 278 10 14
186 277 10 14
206 266 10 15
194 305 11 15
218 298 11 13
210 261 9 11
221 245 10 13
212 231 10 12
241 224 10 13
253 240 11 12
234 277 12 14
240 268 9 10
252 273 10 13
256 301 11 14
269 291 11 15
274 270 11 13
276 257 10 11
277 225 10 14
170 302 10 9
118 340 7 7
226 428 13 18
317 257 11 14
295 241 8 13
297 236 9 12
320 248 8 10
329 243 10 14
359 255 9 13
354 270 9 12
346 226 9 12
368 234 10 14
300 348 11 13
320 330 11 13
302 311 10 12
342 307 11 14
364 326 12 15
304 296 10 12
338 284 11 14
373 286 10 14
373 309 11 14
393 300 11 15
391 320 10 15
396 335 11 13
404 313 12 15
430 331 11 14
430 317 11 13
426 309 10 13
339 389 12 12
340 421 12 16
394 370 11 15
394 360 12 14
362 362 7 12
435 388 12 16
408 406 10 15
319 356 13 16
446 350 10 13
451 359 9 12
302 375 12 14
277 369 10 10
237 418 10 14
264 426 7 9
270 417 6 8
379 217 11 15
395 260 9 12
410 222 10 12
434 243 10 13
438 236 12 13
468 239 10 13
468 220 10 12
451 231 9 12
414 274 11 15
423 271 10 14
453 273 11 15
443 306 9 11
456 316 11 13
480 326 11 15
491 298 11 14
497 271 10 13
508 263 9 14
505 318 9 12
535 299 10 16
535 291 10 13
539 273 9 12
404 243 8 10
487 222 9 12
502 234 10 13
508 229 7 9
555 308 11 14
533 242 9 12
549 222 9 12
559 248 9 14
564 268 9 11
567 282 10 13
574 321 10 13
591 319 8 11
604 312 10 13
600 322 7 8
601 292 9 11
601 270 10 13
588 237 9 12
580 214 11 13
597 231 11 14
607 225 10 12
609 251 11 14
532 328 9 12
647 316 12 15
620 313 10 14
655 340 10 13
626 274 10 11
623 237 10 11
641 253 9 11
642 238 8 12
640 211 10 14
681 241 11 13
666 276 8 11
696 254 9 12
695 296 8 9
669 313 11 14
699 318 9 13
694 339 10 13
675 218 10 13
701 233 9 12
664 295 10 13
700 285 7 10
728 224 10 13
752 236 11 13
761 222 10 12
736 258 9 13
774 263 11 13
792 244 8 12
751 257 11 14
733 278 10 12
720 268 8 11
748 274 7 11
805 284 10 11
819 248 11 12
729 289 10 11
464 388 13 15
687 367 9 10
707 333 11 12
839 278 9 12
803 295 8 12
823 313 11 13
965 363 12 15
949 360 10 14
896 350 11 14
951 316 13 13
975 327 8 13
927 342 10 14
900 332 10 13
894 320 7 11
880 304 10 12
865 319 11 14
843 338 12 15
840 358 12 16
807 322 12 14
801 314 9 11
816 304 8 9
793 359 12 13
803 362 7 10
776 358 10 14
796 333 11 14
792 299 9 13
903 316 7 10
756 315 10 12
773 315 7 10
747 332 7 15
781 286 9 12
726 316 9 14
738 310 9 13
671 347 10 13
1007 361 12 14
979 380 11 12
1004 323 9 11
732 243 6 9
715 258 7 8
730 349 14 16
749 373 12 16
734 387 11 14
789 398 13 15
926 379 12 16
898 390 11 14
874 387 10 14
863 396 10 15
846 392 9 15
837 389 11 15
635 323 10 13
607 297 9 12
831 328 10 14
887 367 11 16
919 369 10 13
318 233 10 10
335 340 9 11
424 364 6 13
428 359 8 11
220 316 8 11
232 371 12 11
524 223 6 9
286 248 9 11
986 358 8 12
989 338 8 12
830 262 7 11
976 399 11 12
