466 535 7 10
422 735 9 13
533 533 6 8
583 527 6 6
635 515 10 11
682 503 7 7
918 551 9 9
811 586 8 9
994 529 7 9
1008 434 6 8
350 713 11 11
314 684 13 10
256 701 11 13
314 710 10 11
247 689 8 10
115 715 13 16
177 708 12 13
188 737 8 14
188 632 9 11
73 608 11 15
121 583 10 12
234 675 9 15
50 563 10 10
98 561 13 11
49 535 8 10
2 542 7 15
7 557 9 9
33 584 9 9
87 537 8 9
108 537 7 8
115 548 5 7
135 560 11 12
144 576 9 9
157 600 9 8
221 623 7 13
242 598 8 11
226 591 7 11
202 597 7 10
216 577 7 11
204 572 7 9
170 564 8 11
256 613 7 7
260 589 7 8
252 577 7 9
245 574 7 7
224 554 6 9
213 546 7 7
97 522 8 7
43 499 7 10
124 522 6 7
114 511 5 8
87 516 8 8
5 492 7 9
1 480 5 7
54 523 8 9
45 513 6 6
18 502 5 6
14 499 5 5
196 532 6 9
135 530 7 6
81 482 7 6
154 548 6 7
724 486 8 8
761 485 6 5
795 476 5 6
834 469 5 5
883 456 7 8
923 450 5 4
954 445 6 6
466 494 8 8
516 494 8 9
566 487 7 7
609 470 7 8
648 459 7 10
679 449 9 7
710 439 8 7
747 432 8 7
790 426 5 6
826 413 6 7
864 407 7 7
973 393 6 5
960 386 7 7
946 382 4 6
933 379 5 5
918 376 5 6
970 373 7 7
983 385 5 6
955 368 5 7
935 364 3 6
924 361 4 5
957 360 5 6
988 354 5 6
1002 357 5 7
973 348 7 6
933 350 5 6
1017 360 5 6
995 373 3 4
1004 389 6 7
886 334 4 5
895 329 4 7
797 383 6 7
794 317 5 7
877 319 6 6
869 318 5 5
877 335 5 7
1001 317 3 5
982 341 5 6
971 338 4 5
1018 331 6 7
406 469 6 5
453 452 7 6
496 449 6 6
540 433 7 6
581 426 4 5
612 424 7 5
654 415 7 7
353 439 6 6
402 430 6 6
450 427 6 6
494 420 5 6
533 403 6 6
694 411 4 6
732 404 6 5
768 395 6 6
561 397 7 8
594 398 4 5
627 386 6 5
668 376 6 7
703 375 5 5
735 369 5 4
682 348 4 5
649 357 4 5
615 358 7 7
578 371 5 6
515 378 5 6
481 381 6 7
443 391 7 6
404 397 7 6
696 307 4 6
816 341 4 5
806 336 6 7
786 317 6 7
771 318 5 5
752 305 4 6
752 294 4 5
761 296 3 6
772 300 5 5
713 299 5 5
737 292 6 6
86 674 9 12
943 330 7 7
730 288 7 7
