355 322 39 51
264 386 40 53
373 173 32 48
448 41 26 39
382 74 31 41
547 39 28 41
495 79 32 39
441 133 33 39
485 179 36 52
556 141 29 44
429 250 39 45
567 248 37 42
630 307 34 49
497 302 44 53
573 393 41 55
432 376 39 52
653 40 28 39
712 72 32 40
781 127 30 40
841 92 26 42
602 82 34 42
668 140 32 44
608 181 32 41
728 178 31 45
841 177 35 47
813 247 37 50
691 230 37 52
763 305 41 49
906 308 36 52
844 362 41 57
706 392 40 57
166 83 28 43
340 34 28 42
273 91 28 39
315 126 32 43
199 140 33 40
252 173 34 48
296 218 34 49
121 161 32 46
154 243 39 48
77 315 38 55
113 360 43 57
212 293 40 57
