993 336 14 15
994 314 15 17
939 307 10 10
913 345 10 11
854 350 18 17
888 340 11 11
911 308 11 14
888 290 15 15
831 311 12 15
854 298 9 13
823 272 8 10
801 306 12 14
809 297 11 13
784 335 21 20
749 299 11 15
742 326 10 13
730 298 9 12
708 309 9 11
695 314 10 13
655 301 9 13
682 304 8 11
620 310 6 8
606 342 7 9
591 332 7 9
577 337 6 8
568 322 7 8
604 303 6 8
569 306 6 8
550 299 7 8
599 373 8 8
625 376 8 10
540 307 6 9
530 305 6 7
515 300 6 10
589 295 6 8
626 294 5 8
508 333 6 7
492 326 6 8
507 310 6 9
508 292 6 7
483 292 6 8
470 303 6 7
463 294 5 7
413 313 9 11
59 457 28 44
209 327 18 20
277 339 15 16
444 297 6 8
452 309 5 7
341 298 5 6
356 308 6 6
326 317 4 5
316 303 4 6
319 294 4 5
310 300 5 7
481 303 5 7
385 299 5 6
386 290 5 4
369 289 4 5
379 324 5 6
374 306 5 7
285 298 5 7
270 302 6 5
274 315 4 5
345 304 5 6
105 538 30 57
670 323 11 19
403 294 5 8
