901 330 16 17
946 321 13 15
993 300 15 17
1006 288 12 13
827 305 13 14
840 289 15 15
788 292 16 20
752 312 17 19
715 327 19 19
683 305 11 16
643 308 15 17
654 264 10 10
671 292 11 11
657 296 10 10
594 346 15 15
540 334 17 20
424 392 23 21
511 311 14 19
420 321 15 16
447 328 14 16
465 285 11 12
507 285 11 11
543 272 12 13
590 260 9 12
612 298 15 16
476 273 10 10
422 274 11 13
432 291 13 13
385 296 12 13
397 280 9 12
39 333 16 15
94 373 14 20
141 328 14 19
194 337 16 16
187 294 9 11
240 317 10 13
273 324 12 14
287 296 11 15
337 296 11 14
349 341 16 20
859 370 19 23
