1001 476 13 16
890 488 13 15
852 468 15 16
781 482 13 18
806 473 16 18
723 477 18 18
662 529 13 16
596 468 13 19
639 476 13 14
612 444 9 13
514 480 16 16
515 517 12 13
467 475 13 15
431 494 11 16
442 483 11 13
413 466 7 9
187 507 14 17
196 543 13 15
120 513 14 16
127 493 15 17
105 481 12 17
1 510 11 15
2 475 15 16
5 443 11 16
97 459 13 15
40 468 11 12
222 481 12 14
233 469 10 14
255 464 8 14
189 463 9 11
529 423 8 8
488 436 7 8
428 437 8 9
404 440 8 9
311 456 9 11
51 507 12 15
26 503 12 17
37 496 12 17
148 485 12 15
205 460 10 12
