0 268 36 56
63 281 33 34
55 276 17 30
110 280 29 33
95 224 20 26
72 216 5 9
166 210 21 24
144 252 25 36
194 245 24 30
149 293 48 49
158 428 101 105
325 312 38 43
272 279 20 33
296 253 28 37
313 254 19 23
362 233 13 22
370 278 23 33
414 293 22 31
435 269 14 24
460 267 39 57
498 289 51 56
542 237 21 27
544 224 16 15
593 219 18 18
634 269 19 31
635 253 22 20
681 252 22 29
708 257 22 28
748 263 18 26
714 300 28 29
774 265 21 30
774 214 16 21
796 242 14 20
834 219 14 18
823 265 20 27
698 239 16 17
997 235 15 19
950 193 7 10
958 200 5 9
968 202 5 11
944 241 18 26
958 237 11 17
949 254 25 27
906 246 19 20
879 252 17 27
957 295 17 29
