512 285 10 14
823 342 18 20
908 412 17 21
865 498 23 27
942 281 15 22
621 368 11 20
788 328 12 16
748 285 13 17
802 295 10 19
696 161 14 15
809 119 13 15
851 168 13 13
1010 179 13 15
620 243 14 17
512 145 14 16
588 145 14 20
392 265 13 19
416 374 15 17
479 347 10 16
512 397 9 19
575 479 21 25
531 240 10 18
320 311 19 18
207 351 22 23
237 498 23 30
280 559 26 31
177 278 18 21
106 313 20 18
132 262 14 19
44 300 16 18
33 186 14 18
86 129 13 20
192 159 15 14
55 243 15 16
489 335 12 11
313 275 13 19
92 187 11 14
