22 421 12 19
35 414 11 12
59 421 12 18
9 373 6 11
54 412 9 12
81 421 8 12
92 426 4 10
98 422 12 15
113 416 8 8
138 419 12 15
156 425 7 8
167 420 9 12
177 415 12 16
218 416 12 16
259 416 12 17
294 413 12 19
326 411 11 17
366 412 12 19
404 412 12 15
395 414 10 11
423 420 9 12
442 417 11 16
459 409 9 11
472 409 9 12
479 418 11 14
496 421 7 9
515 406 9 12
521 416 12 18
557 414 12 16
547 416 10 15
598 415 12 17
628 417 9 12
637 418 14 16
665 421 10 12
679 419 14 18
713 424 11 12
728 418 12 15
771 418 13 17
807 418 12 18
841 405 10 16
853 416 11 17
877 401 12 16
905 414 13 18
924 414 7 14
934 408 7 14
939 403 10 15
972 403 11 17
999 417 13 16
1001 399 6 10
342 372 8 7
368 373 9 9
274 423 6 8
863 420 10 14
