259 406 8 5
298 399 4 6
396 400 4 5
417 416 4 8
461 389 7 10
505 418 6 8
526 388 5 8
546 360 4 8
651 370 5 6
693 363 5 8
708 362 5 6
690 423 7 6
751 386 6 7
784 356 6 7
188 353 4 6
224 353 5 6
256 356 6 5
307 351 4 4
323 325 3 4
288 323 3 3
246 325 5 3
207 324 3 2
159 323 3 2
338 366 5 4
360 356 3 4
385 356 5 6
367 329 6 5
471 364 4 5
458 357 4 5
470 329 3 5
445 327 6 7
512 320 2 4
677 364 2 5
625 335 3 4
683 332 3 3
730 331 3 4
761 331 3 5
801 364 4 4
818 365 4 6
836 361 5 6
866 366 5 6
900 361 4 6
920 369 4 4
951 359 4 8
996 365 5 6
982 336 4 3
940 338 2 5
853 332 2 4
740 370 5 4
103 358 3 5
122 361 5 5
528 321 3 3
546 320 4 4
575 323 3 3
