246 102 12 16
221 124 13 19
312 144 12 14
341 158 13 13
366 145 11 13
378 164 12 13
391 176 14 16
416 165 12 14
346 175 13 15
297 162 13 15
300 181 14 18
291 196 13 18
327 203 14 17
341 218 15 19
379 206 13 18
394 226 15 18
372 244 15 19
344 268 16 18
321 254 14 19
284 225 15 17
275 252 14 16
291 272 17 21
185 173 11 16
155 219 15 18
113 263 17 22
262 300 17 22
312 301 15 19
356 302 17 20
242 337 19 16
259 357 16 21
290 347 16 18
338 341 16 18
327 370 18 21
369 362 17 20
93 327 20 25
220 384 18 24
432 144 11 14
489 134 14 19
457 163 13 16
499 162 12 15
537 164 15 13
520 176 15 15
484 179 14 15
438 183 14 16
431 199 16 18
479 202 15 17
531 206 14 16
494 221 14 19
444 227 13 16
477 244 14 22
527 248 14 19
424 253 13 18
458 272 16 20
511 274 15 17
395 274 15 20
405 299 15 19
459 303 14 14
502 304 15 18
516 317 16 22
451 329 17 22
396 324 16 18
425 361 17 22
490 356 17 23
558 145 14 18
586 160 11 18
621 168 11 16
560 179 14 14
604 184 13 19
637 146 12 18
640 177 14 17
659 170 13 14
580 204 14 17
602 217 15 21
624 207 13 19
667 205 14 17
657 227 12 15
542 231 13 19
579 249 13 16
621 245 14 18
613 269 14 18
547 272 16 21
562 293 16 21
570 331 17 21
621 331 15 22
626 308 16 17
538 366 19 23
608 363 17 22
707 138 13 14
679 174 13 17
695 168 13 16
726 170 13 16
768 160 14 16
725 156 14 15
770 185 14 15
756 204 15 15
709 201 15 18
710 219 15 20
765 226 15 14
665 251 15 19
717 251 13 18
762 252 16 18
671 274 14 20
726 277 14 19
784 274 15 20
682 299 14 18
729 302 14 20
780 304 14 17
741 325 17 22
677 331 17 21
670 365 17 20
733 354 20 24
734 391 20 24
819 100 12 15
858 135 10 15
859 169 15 16
881 216 17 18
804 321 17 24
886 272 16 22
916 336 18 19
