747 262 29 32
604 230 35 39
643 263 27 36
352 241 30 35
281 248 31 38
308 243 23 35
188 239 29 32
457 231 23 30
475 231 28 31
573 239 30 34
563 242 22 26
720 240 27 31
32 169 11 13
58 166 9 14
83 167 10 12
109 169 10 10
133 169 9 10
159 147 12 13
218 159 8 11
260 148 9 9
289 141 10 11
240 152 10 14
207 142 12 15
109 155 12 16
84 142 13 16
57 149 10 13
25 144 10 13
10 124 11 16
32 126 10 13
101 119 10 13
110 143 12 8
222 127 9 14
137 107 8 8
38 102 10 13
11 103 12 14
205 84 8 9
240 90 8 9
186 83 7 9
157 120 9 12
200 123 13 15
115 80 9 11
95 84 7 10
394 218 31 36
795 237 8 11
833 236 8 11
858 249 10 13
911 239 5 7
950 257 9 10
890 207 8 11
869 201 10 11
841 213 7 10
823 200 8 8
807 186 8 10
781 184 8 11
110 103 11 13
126 49 9 12
161 46 8 10
193 51 8 9
225 44 8 11
25 64 8 11
977 209 9 13
986 200 7 7
973 184 10 14
969 233 11 12
944 231 8 10
1008 212 8 11
977 167 8 12
929 168 9 11
916 157 9 11
943 140 8 10
976 142 7 10
993 157 6 9
1001 168 7 14
940 15 7 8
906 12 10 7
937 46 6 9
789 57 9 10
762 46 10 10
757 26 11 11
772 0 10 10
799 19 9 8
856 21 10 11
960 1 7 11
880 12 11 11
816 40 8 9
816 22 10 12
754 7 8 13
848 3 11 13
978 234 10 14
544 67 8 12
448 15 9 13
424 12 6 7
539 0 8 8
583 39 9 9
610 42 8 10
641 27 7 11
572 64 9 9
508 95 7 8
477 85 10 9
439 88 7 8
482 37 8 10
496 32 10 13
519 35 10 13
517 53 7 9
503 53 9 9
319 191 10 12
242 222 10 12
289 216 8 12
261 192 9 13
323 221 9 10
108 218 10 10
33 235 9 12
26 217 10 12
64 241 9 9
169 209 11 12
3 168 12 13
64 130 12 12
47 61 9 10
0 22 7 9
21 21 9 10
20 48 8 10
91 20 7 9
120 24 8 10
140 21 8 9
163 22 9 9
217 27 7 9
189 11 9 10
217 13 6 9
242 0 8 8
218 0 8 6
152 6 8 8
133 7 6 8
107 7 6 7
79 3 7 9
54 5 8 9
946 202 10 12
963 199 7 10
917 216 11 10
862 155 10 12
801 212 8 10
806 202 8 11
892 156 10 13
765 122 10 11
94 35 10 13
66 44 9 14
40 38 11 12
147 36 10 11
776 91 7 8
771 108 8 11
812 116 9 8
838 126 7 10
887 112 7 10
855 100 8 7
898 39 7 10
882 28 10 8
875 69 8 12
932 72 7 9
912 71 8 7
963 70 7 11
962 57 8 9
985 55 6 8
1009 56 8 10
977 29 7 9
983 12 8 10
1001 10 8 10
945 21 8 9
22 6 8 9
116 0 8 7
167 0 6 7
134 136 9 13
211 98 8 9
173 113 9 12
192 36 9 10
793 173 8 9
819 171 7 11
859 183 9 13
885 181 8 13
897 197 9 12
926 195 10 12
819 95 7 9
