400 7 17 20
412 1 15 16
359 80 19 20
444 78 20 24
414 96 20 25
436 102 20 26
407 126 21 29
381 167 21 25
369 188 23 28
375 202 19 31
570 28 18 21
552 53 18 19
541 60 14 16
534 87 16 23
522 94 18 22
508 127 16 16
501 156 14 20
492 165 14 16
479 191 18 20
470 219 14 18
448 222 15 12
465 217 9 17
571 158 18 27
585 157 15 26
557 197 21 25
561 229 23 30
533 238 25 32
322 122 18 18
310 148 19 16
289 189 14 14
278 217 19 20
346 228 21 31
329 228 24 30
315 266 24 23
310 280 22 31
286 277 23 31
270 309 25 35
357 209 19 30
437 252 23 26
418 268 26 24
381 307 19 25
400 308 17 25
527 277 26 27
523 298 24 25
513 309 26 36
502 312 26 36
472 344 25 30
467 363 24 36
237 242 25 23
211 254 25 25
186 286 18 27
198 294 20 22
168 303 24 27
145 328 19 23
120 348 29 27
129 402 27 34
246 349 28 36
213 388 29 39
286 420 27 27
356 418 30 26
74 396 30 27
39 400 25 36
454 411 28 36
432 445 29 36
566 465 33 32
620 412 32 32
917 34 16 21
910 72 18 21
872 116 22 25
890 100 17 20
853 132 21 27
869 193 23 31
819 93 17 25
793 107 19 24
783 123 20 23
791 128 17 26
775 144 21 31
751 188 23 26
752 220 20 28
753 243 20 30
737 271 20 32
725 277 23 33
673 129 17 19
669 216 17 23
657 226 17 21
642 251 23 21
709 305 25 24
706 346 27 37
715 334 23 29
723 370 27 35
819 328 27 27
838 371 26 28
842 412 27 36
840 282 19 26
920 377 26 30
967 427 23 34
371 75 16 24
382 67 14 22
