385 396 14 18
435 398 12 21
417 443 10 16
427 486 13 21
344 311 14 14
399 309 13 15
450 305 13 16
496 300 13 15
543 319 14 18
594 317 13 14
466 352 11 18
514 353 14 18
563 353 12 20
612 357 9 14
488 398 12 15
533 399 13 15
572 404 13 15
449 431 11 19
509 440 14 20
561 445 14 18
612 443 14 21
469 479 13 21
514 484 15 19
560 492 14 20
611 494 15 17
641 315 13 14
690 310 13 15
740 312 12 16
798 304 14 17
661 343 11 13
712 342 12 16
765 337 13 15
814 340 14 17
622 390 14 20
671 388 11 14
718 383 14 20
768 394 13 15
819 387 13 19
680 442 17 21
734 443 14 22
782 435 15 20
841 421 15 23
657 489 16 20
860 310 14 19
867 343 18 21
875 393 13 18
912 388 13 22
943 382 15 18
978 377 14 24
912 427 15 18
202 309 12 12
256 326 12 13
300 321 11 13
316 350 10 13
266 351 10 14
216 346 11 15
172 357 11 14
182 393 13 17
219 398 10 16
255 398 10 14
190 437 13 16
81 385 12 15
98 392 16 20
142 393 12 18
99 426 11 18
139 424 14 16
236 434 14 18
293 433 14 17
299 402 10 17
340 389 12 15
348 433 12 18
238 483 12 20
280 486 11 21
323 485 12 20
375 490 14 19
364 352 14 15
416 353 12 13
