731 278 18 25
945 276 16 23
633 355 18 23
578 369 16 18
543 380 11 14
572 304 14 17
642 280 15 19
512 247 15 18
479 439 31 32
423 411 14 15
471 401 14 16
466 387 12 15
486 369 9 11
452 374 8 12
420 390 12 14
447 363 9 11
458 361 7 10
410 377 10 14
399 373 8 11
378 383 9 12
367 403 13 15
358 399 9 14
359 383 10 12
353 355 9 12
375 354 7 10
317 392 15 17
317 378 10 12
291 375 12 14
274 389 11 14
275 375 9 11
259 376 10 12
235 383 13 12
239 372 9 11
220 369 9 11
200 373 9 9
278 359 8 10
287 350 6 7
258 355 6 6
192 364 7 8
177 381 8 10
156 367 7 9
177 366 7 8
166 362 6 7
211 367 6 8
203 361 5 7
173 353 6 7
161 353 4 5
154 357 5 5
142 364 9 10
250 359 6 7
162 345 4 5
148 347 4 5
129 356 7 7
127 341 5 6
197 342 6 7
61 401 6 18
