26 10 7 11
33 16 9 13
39 7 8 9
56 6 9 13
68 19 7 10
62 18 6 11
18 26 6 16
20 45 9 13
27 65 15 17
19 75 11 15
68 49 9 9
89 0 9 13
109 33 12 16
124 18 9 16
148 26 9 14
154 0 11 12
171 5 6 14
178 8 10 13
195 2 8 11
187 29 8 11
188 18 8 11
55 63 17 18
74 56 13 15
85 56 10 17
80 71 9 13
88 72 6 11
79 85 8 13
59 96 12 15
33 84 10 14
34 102 11 13
26 113 13 16
38 118 13 16
23 143 11 12
40 139 13 17
54 116 10 17
50 144 11 15
51 160 12 15
21 159 12 13
36 192 14 15
58 223 11 13
69 224 8 8
92 198 14 17
101 192 12 14
74 162 8 15
108 148 13 16
87 131 9 14
91 109 11 16
115 128 7 12
137 147 13 14
130 107 11 14
125 45 10 15
140 43 12 17
148 50 6 10
103 76 8 9
143 71 10 17
158 110 15 16
183 76 10 14
171 80 8 17
182 141 11 14
192 143 11 15
202 136 12 15
212 92 9 13
175 57 9 12
172 36 9 15
220 40 10 16
235 41 9 16
246 42 9 11
221 31 8 10
212 20 9 12
203 22 7 12
211 8 8 10
229 18 6 12
232 67 9 14
196 52 10 14
250 2 11 14
282 22 10 13
285 36 8 14
259 26 7 13
296 37 8 13
306 48 8 11
292 13 8 11
314 6 8 13
353 5 6 11
351 18 9 12
366 19 9 17
373 12 9 15
386 16 10 15
343 34 10 17
384 43 9 14
371 39 6 13
392 34 10 15
274 56 9 13
290 61 9 12
317 60 8 14
317 41 9 14
272 92 9 12
308 73 9 14
335 78 8 14
323 73 8 14
335 58 9 17
388 63 9 15
252 95 8 13
262 94 8 13
244 109 13 16
248 127 14 19
232 118 11 16
281 111 9 17
300 111 10 15
197 108 12 10
164 95 8 11
171 133 11 14
142 194 9 17
137 217 12 17
156 196 12 17
158 217 12 16
178 216 11 15
209 208 14 17
198 217 11 17
140 240 11 13
181 164 11 13
202 176 12 17
211 186 9 13
213 165 11 14
212 151 9 11
246 164 12 17
267 179 11 15
256 174 11 15
251 205 14 15
228 211 13 15
262 230 12 14
280 231 15 18
283 201 11 15
299 196 13 16
304 220 12 11
230 231 11 15
215 233 11 15
293 134 9 16
314 94 6 11
304 99 8 10
323 105 7 10
379 63 7 11
336 130 9 13
335 113 7 11
410 22 8 13
444 24 10 14
432 8 9 13
459 6 9 14
454 4 5 9
484 9 6 8
496 2 6 8
467 32 8 10
483 29 10 10
496 20 8 12
529 0 8 5
537 6 8 10
534 23 9 11
542 19 9 12
575 0 11 12
605 7 8 12
598 11 7 9
590 1 6 10
574 22 8 15
557 27 11 14
576 36 9 11
594 39 10 15
608 41 7 9
620 25 11 10
630 13 10 11
629 39 11 16
667 4 8 11
659 30 8 11
670 32 7 11
658 65 10 13
668 49 9 16
631 57 8 14
631 89 14 20
660 98 7 13
640 97 9 15
668 115 7 9
647 117 7 9
653 114 7 9
191 236 6 14
171 247 11 17
143 270 11 17
202 257 9 15
215 251 13 19
241 259 15 13
262 260 9 18
308 258 10 15
285 257 8 12
320 238 8 11
265 285 15 20
260 292 9 16
220 291 16 19
197 282 13 15
211 275 11 25
235 279 13 18
247 276 16 16
164 277 12 16
104 308 18 24
67 314 16 20
37 408 15 21
29 435 15 19
26 486 12 18
161 310 14 19
148 287 8 12
187 319 13 16
270 308 15 16
306 294 13 17
343 315 7 14
355 315 14 17
363 328 12 18
381 317 6 9
399 303 13 17
393 287 16 17
406 278 11 16
416 310 14 17
154 423 10 18
157 437 8 14
164 468 10 15
209 462 16 20
233 443 16 21
185 435 9 18
208 439 15 17
237 478 13 19
248 478 8 17
280 476 12 14
262 483 12 13
309 485 12 18
324 458 12 21
337 428 10 12
332 445 14 24
370 444 12 24
378 451 12 20
400 479 13 16
382 471 14 15
420 487 14 16
433 431 12 15
463 333 12 12
463 302 12 17
556 308 12 17
592 319 9 11
476 443 11 16
493 426 9 16
497 458 11 19
457 468 14 16
470 488 15 17
545 493 17 15
546 445 15 21
563 454 10 17
576 417 8 10
572 433 14 16
583 442 11 16
601 462 10 12
630 434 14 17
615 406 10 15
622 474 16 20
617 456 10 21
647 468 11 19
609 494 10 12
669 475 17 13
695 461 16 19
696 427 15 23
749 479 11 19
759 462 16 19
743 432 14 18
747 414 15 18
766 419 12 18
801 493 12 19
816 468 10 18
822 446 13 18
833 412 16 23
851 477 9 20
897 460 13 20
882 498 15 14
917 493 12 19
877 451 10 15
933 462 15 21
954 473 13 17
995 446 15 20
1005 493 13 19
998 497 13 15
766 309 12 18
781 310 12 19
780 274 12 19
726 290 14 20
739 272 12 17
716 277 16 16
700 289 12 16
685 293 13 17
644 316 13 18
678 271 13 19
680 243 12 17
725 253 13 18
699 253 13 18
695 234 10 13
790 234 9 15
767 236 9 12
775 230 9 12
719 235 9 12
761 204 12 15
697 220 10 14
743 251 11 9
753 260 15 15
770 246 9 12
746 208 10 13
716 200 10 18
754 183 14 15
842 215 13 22
814 192 13 17
799 191 6 16
805 190 9 19
810 178 10 13
914 200 10 16
904 198 8 17
863 187 13 18
887 180 12 13
829 168 12 14
790 179 11 16
803 167 10 14
795 155 7 12
698 163 11 11
915 158 10 15
892 158 9 15
695 43 9 11
707 32 7 11
712 12 9 9
733 25 10 15
759 66 11 15
780 43 8 12
765 29 7 12
771 10 8 14
831 19 7 13
822 7 10 15
859 0 8 12
884 34 10 14
902 15 9 9
886 6 8 11
879 0 8 5
898 3 7 11
916 2 8 14
905 4 4 8
930 5 12 13
950 16 6 12
947 3 6 11
969 0 7 11
993 1 10 10
1002 20 7 11
1011 18 10 15
992 23 8 12
808 62 10 11
828 45 8 13
813 72 7 9
796 82 11 11
793 96 7 11
803 102 10 9
827 74 9 15
840 80 8 13
845 61 9 13
873 29 8 11
849 32 8 12
852 23 6 7
855 73 9 15
877 78 12 14
879 59 8 13
917 41 8 13
893 28 8 14
946 41 13 16
962 32 10 12
1004 52 10 14
995 57 8 13
974 54 15 15
954 60 8 11
962 68 10 11
932 77 11 14
916 92 8 14
917 84 9 8
867 107 10 15
874 97 9 9
870 78 7 9
824 122 9 12
789 131 10 12
784 111 10 15
695 186 10 16
815 147 8 10
813 131 8 13
843 146 9 15
855 132 9 14
863 147 7 10
879 138 10 14
879 115 12 17
923 106 9 12
950 106 9 13
958 84 9 10
980 106 11 16
992 109 9 14
991 96 13 9
995 90 10 16
1011 139 12 22
957 129 8 13
965 124 9 14
938 125 9 14
946 150 11 14
956 168 10 14
958 188 11 16
950 200 14 15
956 219 12 9
975 192 13 21
990 138 14 19
1003 179 19 20
995 220 16 9
1011 208 10 14
733 120 6 7
720 138 7 11
294 417 6 13
69 482 11 20
753 278 12 14
799 65 6 8
