716 538 42 58
624 395 43 49
589 375 41 45
865 360 33 47
776 260 43 49
939 189 40 51
999 249 25 56
984 103 24 28
871 108 29 33
920 105 22 25
920 51 17 20
757 118 24 28
803 112 20 28
819 176 28 33
655 187 25 26
670 256 30 33
641 280 36 39
952 274 36 38
473 550 39 42
512 410 46 47
452 404 37 43
377 498 27 46
307 594 52 63
483 620 39 60
336 413 36 38
211 608 42 56
204 539 40 41
185 475 29 37
102 526 31 44
27 437 25 29
54 408 23 27
67 449 32 36
19 528 38 35
111 326 21 24
153 322 20 25
199 308 22 25
68 365 23 27
28 363 18 20
68 315 13 22
246 374 18 26
146 424 26 31
116 380 25 27
367 245 21 20
373 296 29 36
386 351 26 41
546 304 31 38
567 213 25 32
404 272 27 29
456 264 28 32
494 237 26 31
433 215 20 24
413 211 22 26
320 197 11 12
345 181 9 13
293 200 8 8
247 201 8 9
6 317 16 18
901 421 45 49
596 112 9 11
563 80 9 11
544 83 10 10
523 139 8 10
815 43 9 13
855 49 14 11
886 22 9 13
910 6 12 14
865 113 22 29
590 264 31 30
630 237 24 35
410 512 31 44
104 258 18 21
107 378 17 23
352 466 23 36
