152 512 26 28
221 513 24 28
287 510 25 28
364 513 23 35
425 509 22 30
497 510 22 30
90 416 19 20
190 417 19 21
287 421 16 18
394 411 16 20
817 500 27 33
933 503 28 29
934 405 18 19
833 392 20 25
678 412 18 19
602 414 14 20
681 372 16 19
585 354 11 15
581 338 11 12
582 306 12 14
574 285 8 10
565 264 8 9
568 248 7 8
661 348 14 18
664 324 12 17
644 312 11 13
631 282 9 13
800 372 15 18
760 351 13 13
738 330 13 14
729 307 11 13
690 280 12 14
673 266 7 9
857 352 15 16
947 347 14 16
919 329 13 14
891 301 13 16
866 290 13 14
836 282 11 13
797 258 9 11
814 310 11 14
831 319 12 14
766 281 10 13
735 256 9 11
766 243 8 9
620 259 8 9
609 251 5 8
657 250 7 7
713 244 6 9
722 224 6 8
708 216 6 5
671 214 6 7
644 225 5 6
562 225 6 7
528 228 7 7
644 214 5 7
653 208 6 7
597 226 6 8
358 266 8 10
410 265 9 10
469 264 8 11
484 230 6 10
423 249 7 10
383 250 8 10
264 247 10 11
423 177 6 6
52 270 8 8
34 255 7 8
78 246 8 7
99 252 6 10
123 234 6 6
137 246 5 7
22 244 7 6
46 222 5 5
74 204 4 5
109 196 4 5
138 204 5 6
103 205 4 5
27 208 5 7
5 222 4 5
16 214 4 5
964 253 7 7
994 249 10 10
1001 265 8 10
1003 224 6 9
1003 192 7 7
970 205 6 8
961 231 8 9
956 241 8 8
934 241 10 12
909 225 8 9
902 218 7 8
883 217 7 9
845 197 5 6
858 210 8 10
902 190 6 7
923 216 5 7
987 244 8 9
949 213 6 7
960 219 6 8
937 215 6 8
908 207 6 8
923 199 9 10
495 416 17 22
47 386 17 19
140 386 16 18
218 379 15 18
338 356 11 13
402 383 15 17
503 381 16 17
507 352 15 17
419 358 12 15
244 356 14 16
175 358 14 18
87 359 17 17
135 330 14 17
205 340 14 14
175 320 10 12
278 338 13 15
361 338 11 14
436 336 11 15
507 333 12 15
511 309 12 15
442 310 11 14
367 313 12 14
301 321 11 13
233 319 11 15
218 286 11 13
281 289 8 11
345 289 8 12
517 281 8 13
563 521 22 24
637 508 23 26
741 512 24 31
311 268 7 11
335 253 5 10
327 229 5 6
366 235 6 8
406 230 8 10
360 217 5 6
404 215 5 7
388 216 5 6
445 214 5 5
483 210 8 9
447 232 5 7
598 216 7 7
567 205 5 7
607 208 5 6
698 201 6 8
738 179 4 6
755 180 5 5
802 179 6 7
783 192 5 6
812 192 6 7
831 199 5 7
523 252 5 9
526 263 8 10
672 171 5 7
568 177 7 8
598 166 7 7
617 171 7 7
640 167 6 7
388 181 6 7
462 159 6 7
432 183 7 7
520 176 5 8
522 205 8 10
558 217 7 8
527 220 8 9
879 206 9 9
866 200 9 10
426 208 7 8
785 294 10 13
