101 115 19 24
144 130 16 21
177 141 15 19
201 134 18 20
236 119 18 20
262 122 18 20
301 113 17 19
330 113 20 22
288 183 19 23
247 232 20 26
169 229 20 25
106 234 21 26
143 189 17 22
214 183 17 23
393 187 17 24
400 150 16 20
467 118 19 19
491 130 16 16
521 131 16 20
465 203 19 21
537 175 20 25
612 203 18 23
582 128 19 21
548 121 18 19
617 118 17 22
644 133 18 23
672 180 18 25
729 185 17 20
699 227 21 22
789 226 17 24
787 180 18 22
772 123 16 20
790 119 17 22
709 126 18 20
676 113 17 21
827 109 18 22
858 99 18 26
916 116 18 22
862 227 20 24
