303 477 20 27
323 419 19 26
276 416 19 28
233 415 22 29
181 412 19 27
134 414 19 26
320 365 17 25
262 368 18 25
206 367 18 25
160 379 18 23
133 366 19 24
97 359 18 23
59 331 23 29
37 358 18 23
150 305 18 24
205 307 19 24
265 308 18 25
326 309 18 25
187 62 19 24
245 71 15 20
295 71 17 21
341 72 15 20
391 78 18 21
448 76 18 22
445 121 16 21
390 119 19 25
444 166 17 21
391 167 16 21
341 118 17 22
288 121 16 22
235 119 17 21
179 113 17 22
338 165 17 24
279 165 19 24
224 163 18 24
170 166 16 20
440 213 18 23
384 209 17 21
330 210 18 25
271 207 17 22
216 210 17 24
157 208 20 24
155 258 15 22
208 260 20 24
273 260 17 23
329 263 17 22
387 263 19 22
439 256 19 23
499 76 17 19
548 74 18 19
599 73 18 21
653 71 17 21
703 74 15 19
709 116 16 20
654 119 19 23
604 120 16 19
549 119 19 21
497 123 16 21
498 168 16 18
547 166 17 21
598 165 20 23
657 162 17 23
709 164 17 21
707 209 17 25
652 208 18 24
599 210 16 23
548 214 17 23
497 211 18 22
807 70 20 23
751 69 19 21
763 112 17 22
815 116 17 23
820 160 17 20
764 163 17 22
824 207 18 22
766 208 18 23
831 259 17 22
772 262 18 24
916 325 20 25
897 352 18 25
849 367 19 24
842 416 20 27
822 381 19 26
787 364 17 24
789 417 21 26
836 307 18 25
777 310 17 24
729 367 18 24
742 415 20 27
692 420 20 25
670 369 19 24
723 306 18 23
719 256 17 26
660 256 18 24
667 309 18 24
610 309 17 24
613 374 15 23
602 259 18 26
645 423 19 28
594 424 20 29
954 331 20 28
547 263 17 24
494 260 16 21
548 312 17 23
492 312 17 24
554 372 19 27
504 374 18 25
551 428 19 26
508 432 19 27
437 311 18 22
382 307 17 21
376 370 19 25
464 380 19 23
436 373 19 27
414 429 20 28
457 428 23 29
523 478 21 29
457 478 21 30
365 425 19 28
690 485 24 30
