16 439 3 8
40 427 6 8
57 442 5 5
63 428 5 5
76 433 7 9
93 426 7 10
113 434 8 8
128 441 8 8
156 437 5 11
73 459 8 10
38 479 11 12
23 515 23 26
122 493 16 20
169 464 12 15
193 450 11 15
191 431 4 5
175 419 4 5
264 516 17 20
309 465 14 17
272 478 12 18
358 457 9 12
273 444 8 11
260 450 8 10
460 484 14 16
449 475 10 13
441 463 11 12
486 459 9 11
307 440 6 8
306 417 6 8
303 402 6 6
346 413 6 8
367 408 5 7
213 441 5 9
118 425 6 8
121 409 7 10
512 521 16 22
509 456 6 9
496 433 7 11
544 461 6 9
543 435 11 11
526 442 6 11
571 443 9 9
579 467 13 13
593 436 9 11
625 486 16 20
648 440 6 10
637 438 6 13
626 442 7 14
630 459 8 12
679 442 5 10
671 437 6 9
700 442 8 15
725 449 9 15
740 440 8 12
711 435 6 7
750 436 8 11
761 436 6 10
771 435 8 11
781 436 6 13
704 471 15 14
731 514 17 22
801 462 13 20
836 468 14 18
843 456 11 13
806 441 7 10
804 429 8 13
788 433 7 9
818 434 6 10
834 436 8 11
866 440 5 8
875 431 8 11
795 408 4 7
895 435 7 9
919 430 8 8
896 455 9 10
926 494 13 18
963 432 8 11
1002 406 6 7
988 434 8 9
980 479 14 16
1006 469 13 11
959 506 19 25
282 433 8 10
372 436 8 12
157 404 8 13
922 440 7 9
926 442 8 9
835 449 9 10
167 441 9 8
256 436 8 9
317 432 8 11
380 427 7 9
398 440 8 10
595 467 7 10
850 418 7 7
1015 438 6 9
1009 437 5 6
