209 176 29 33
243 151 34 39
172 162 9 11
86 143 8 12
41 120 7 10
80 96 6 10
46 98 6 9
161 183 7 11
141 162 7 9
98 98 8 11
130 80 6 9
83 72 9 10
58 71 7 11
23 80 10 18
7 82 8 13
167 138 8 16
173 124 8 14
175 106 10 15
118 102 9 10
184 72 8 12
157 78 11 12
103 82 7 12
185 210 11 14
217 69 6 8
124 143 6 8
133 169 7 10
139 199 10 15
147 106 8 13
111 140 5 11
140 188 5 8
115 124 7 11
129 115 7 10
321 166 7 10
302 145 7 12
334 132 7 10
304 122 8 10
228 98 7 12
375 270 10 11
385 239 11 17
464 167 37 36
356 138 7 10
411 133 9 12
440 128 9 12
443 108 6 10
430 108 5 10
415 108 6 11
387 98 9 13
387 136 8 15
360 99 8 12
279 87 8 11
289 88 9 12
315 77 7 11
480 80 7 10
474 77 7 8
630 205 32 37
668 212 33 34
900 194 34 41
884 215 21 26
570 150 8 20
655 138 4 13
705 155 10 15
681 138 6 12
693 132 8 14
731 161 8 14
758 160 12 17
785 159 10 15
810 158 10 12
854 243 7 14
873 225 8 14
847 226 6 13
871 205 7 11
801 208 8 10
816 208 6 10
241 75 7 10
362 201 16 24
320 71 9 9
584 273 14 16
793 184 11 16
717 175 6 10
745 178 7 13
767 179 8 11
548 114 8 9
525 117 11 11
756 201 8 11
643 88 8 12
620 119 11 23
596 150 8 15
629 153 10 15
600 128 10 20
588 132 15 19
697 144 10 17
641 115 14 25
347 159 9 14
419 160 9 14
388 157 12 13
369 73 6 9
331 98 8 18
941 149 14 18
1014 216 8 22
943 196 11 16
959 206 10 17
694 87 8 11
743 100 8 17
992 242 13 15
986 220 11 13
986 196 12 16
842 201 6 12
835 183 10 12
863 179 10 11
881 181 5 11
840 163 10 14
841 121 10 15
821 115 9 18
796 135 12 19
757 141 9 14
848 103 8 19
852 119 10 22
687 117 13 15
592 96 12 18
567 100 8 14
730 145 6 11
668 100 9 15
567 122 9 18
803 107 8 11
615 91 9 13
670 81 10 14
2 158 19 35
450 66 5 8
718 104 6 9
