475 535 68 96
665 399 63 58
811 448 68 63
209 423 67 62
23 335 55 41
263 394 58 74
436 319 48 47
358 329 53 51
129 250 49 46
70 336 41 39
214 244 40 42
282 250 35 39
514 232 46 37
566 167 40 49
791 211 32 33
828 300 49 52
886 260 51 54
918 262 37 51
851 121 31 33
814 109 32 36
425 122 32 33
285 177 41 37
324 165 34 39
347 136 26 36
378 161 29 34
465 94 24 25
486 95 26 26
35 160 35 39
198 114 12 19
65 73 17 24
29 49 14 22
244 23 15 21
268 15 12 19
696 92 24 22
747 65 19 24
724 95 19 22
873 107 25 29
965 67 24 27
927 143 34 34
974 0 16 22
903 0 19 15
842 8 16 23
762 0 17 24
693 0 17 17
642 10 18 22
592 147 35 32
158 55 12 26
195 622 80 57
513 97 18 20
562 91 22 29
777 178 24 24
960 123 17 23
