9 358 11 15
47 363 12 19
100 379 12 17
119 349 10 14
143 355 10 15
177 408 14 17
181 353 7 9
89 348 13 15
157 346 9 12
173 340 7 12
215 342 8 8
213 353 9 9
196 352 5 7
231 347 9 13
251 344 7 12
262 340 6 10
271 384 15 19
300 387 16 22
267 354 8 12
280 353 8 11
289 354 8 12
321 353 10 13
348 354 11 12
375 358 9 12
396 352 10 12
358 387 15 22
396 372 12 18
425 369 8 11
436 366 9 11
448 354 17 23
525 362 11 11
525 397 16 18
567 349 11 12
559 382 15 18
608 372 14 21
632 376 12 18
641 365 11 15
677 388 16 20
753 387 16 17
790 384 13 16
781 369 11 12
816 391 14 17
891 376 16 20
970 388 16 22
