83 261 27 27
17 209 22 25
47 217 13 16
97 213 10 12
118 225 9 8
132 217 13 15
159 218 9 14
9 207 6 15
227 59 21 20
292 57 21 22
318 62 11 20
329 63 11 19
342 66 14 22
181 51 16 23
394 189 7 10
402 302 21 27
388 244 17 25
418 223 11 19
481 255 25 28
567 208 6 8
558 227 10 12
553 238 8 10
545 178 4 5
644 47 24 42
696 30 22 27
725 47 9 10
603 28 11 16
775 31 14 25
721 142 32 36
647 281 27 27
706 289 22 32
585 53 16 15
908 202 30 26
844 193 16 20
985 181 14 20
970 186 10 17
988 161 7 10
997 171 9 13
962 170 8 11
976 139 4 4
965 147 6 8
805 154 13 17
806 189 10 13
836 161 9 11
846 127 9 11
461 505 33 37
152 512 21 23
200 504 19 19
279 504 19 18
335 493 10 15
338 473 15 18
355 470 8 9
21 457 11 21
532 432 19 24
421 400 20 24
502 444 10 11
516 448 8 8
904 311 25 33
947 278 13 16
961 279 10 15
982 278 11 15
1003 282 6 12
873 292 13 27
19 620 7 8
75 617 27 30
215 695 20 31
185 690 11 13
299 706 23 21
382 713 21 26
914 562 25 26
854 592 25 27
968 611 10 19
750 648 18 20
691 646 15 17
635 643 21 21
600 614 17 25
541 648 8 13
335 687 15 19
