262 222 20 21
329 224 17 23
396 220 15 22
460 218 16 20
250 311 15 21
339 319 15 22
426 320 15 22
357 348 19 26
278 355 16 21
202 359 19 22
222 382 19 22
294 377 16 23
366 378 19 25
427 364 20 23
443 384 18 21
474 419 18 25
387 407 21 24
409 418 24 28
401 464 22 22
292 410 20 25
208 411 20 27
238 435 22 24
236 463 21 28
326 473 18 24
329 435 20 24
158 432 22 30
134 459 24 27
529 222 16 21
596 224 18 22
668 226 17 22
528 307 18 20
614 302 16 22
718 304 18 24
509 349 21 24
596 363 20 25
630 384 20 22
677 366 19 24
523 378 22 25
551 412 20 24
640 409 20 25
716 420 20 25
497 434 20 26
514 456 22 29
579 442 22 25
620 466 17 24
667 439 21 22
731 392 19 24
717 460 23 27
736 223 16 21
803 218 18 21
792 302 18 21
876 301 17 18
767 377 16 21
805 382 21 22
841 366 20 24
913 367 19 23
875 409 21 24
801 406 23 25
754 436 22 27
837 437 18 27
896 462 22 24
808 461 19 28
