6 509 7 10
20 508 7 12
39 497 8 15
56 494 6 11
73 484 15 23
119 494 11 15
142 481 7 9
94 473 9 12
84 473 6 8
73 471 6 7
77 454 6 6
86 451 7 8
102 451 6 10
114 465 6 8
126 458 6 10
161 451 3 8
171 459 7 8
174 445 5 8
169 433 6 8
151 446 7 9
109 438 4 5
97 439 6 6
49 449 9 10
62 448 6 10
85 433 6 8
50 434 6 7
26 437 6 8
20 456 7 9
9 443 6 10
13 438 6 7
2 457 5 10
39 528 8 16
29 537 9 14
4 540 10 20
53 547 12 19
75 542 11 20
112 525 8 14
201 469 22 23
251 500 14 18
248 484 9 9
247 426 4 5
253 436 3 6
256 411 5 6
248 407 4 6
226 422 3 5
192 420 4 6
273 449 5 6
244 448 5 7
241 457 4 8
296 448 14 24
321 454 16 25
384 500 17 21
262 475 8 14
307 432 4 8
461 295 24 29
660 474 16 18
706 502 12 17
731 491 15 19
750 487 18 21
662 435 9 12
678 462 6 13
620 451 4 6
623 455 5 6
754 379 5 5
766 410 4 4
729 429 4 6
772 429 4 4
798 473 6 5
795 485 4 7
848 473 6 9
864 455 4 12
830 491 6 9
814 541 8 11
827 520 7 8
846 538 11 19
885 526 9 17
910 537 17 21
885 587 12 13
948 531 15 26
942 518 13 15
996 478 10 18
980 565 12 17
936 554 14 18
937 448 6 6
909 471 4 7
898 439 4 6
961 471 8 8
986 462 5 8
960 440 4 6
971 434 4 7
808 487 6 7
1012 585 12 23
1016 468 8 13
996 448 9 12
912 490 10 12
951 490 5 9
912 442 6 9
