18 376 3 5
26 379 3 4
41 375 3 4
49 377 4 4
65 372 4 5
77 377 2 4
98 373 3 4
108 372 4 4
114 378 6 9
126 378 8 7
145 369 7 11
167 371 10 11
184 367 11 14
198 362 9 10
225 376 11 13
257 368 11 13
275 372 7 9
292 367 9 12
302 367 12 14
87 372 4 5
335 373 13 17
364 360 12 17
376 364 8 12
402 356 10 15
428 340 21 27
453 354 8 10
463 371 10 12
487 362 7 10
494 371 6 10
504 362 6 8
476 358 3 4
553 349 17 23
619 357 7 12
632 359 10 12
663 356 16 19
647 352 14 21
695 352 9 14
713 345 11 15
738 358 13 16
772 334 16 23
830 365 10 14
787 360 10 14
872 337 13 22
902 347 12 16
967 342 14 20
1013 363 11 26
