24 503 8 8
54 481 5 9
59 512 8 9
169 516 9 12
112 550 9 11
207 529 10 11
263 525 6 12
316 534 7 10
369 541 8 9
423 543 7 9
488 552 10 15
380 505 6 9
436 501 9 11
466 502 9 9
485 494 5 7
492 502 6 10
507 502 4 8
353 443 5 5
330 440 5 6
145 461 5 4
518 504 6 7
544 507 4 9
570 501 7 9
579 494 6 7
601 496 9 9
622 489 5 7
587 488 7 5
562 487 7 8
533 491 6 6
541 481 5 5
617 471 7 7
626 479 5 6
665 483 7 7
682 473 5 5
700 478 5 5
725 473 7 7
715 471 5 6
752 471 5 7
743 466 4 5
775 469 6 6
792 460 6 7
811 466 4 5
774 461 5 4
762 455 6 7
834 443 4 7
882 446 5 5
894 452 4 4
920 451 4 5
851 450 4 4
843 448 4 6
861 445 4 4
872 450 2 6
743 538 7 10
841 689 16 18
757 733 20 21
713 740 14 20
931 558 7 12
954 551 9 12
971 572 10 16
904 553 10 10
923 550 10 12
890 542 6 9
834 580 9 18
934 713 15 22
903 752 16 23
873 711 17 26
917 703 16 23
794 726 15 22
792 676 14 20
838 716 14 21
967 692 16 21
808 651 10 13
754 691 11 17
746 662 10 17
994 740 16 21
1007 694 14 19
864 658 13 20
956 722 13 15
948 741 15 22
732 722 18 23
