992 349 11 15
1009 356 9 12
963 331 10 14
999 303 11 15
989 303 11 14
945 300 11 15
934 311 7 10
876 333 14 16
906 304 8 12
878 291 10 14
888 383 14 16
811 383 13 18
814 449 16 16
763 375 16 20
738 357 16 17
779 314 12 14
803 323 12 16
843 332 13 16
858 296 11 14
837 294 13 15
801 294 10 12
777 282 11 14
746 302 14 15
754 289 12 15
717 322 9 13
674 382 13 19
652 372 14 16
607 355 14 17
687 325 10 16
698 300 10 15
715 295 9 15
624 295 16 15
663 296 12 14
569 294 11 12
571 282 12 14
614 307 12 15
662 172 10 12
752 182 9 12
618 200 11 14
643 201 8 11
591 223 11 11
606 215 11 14
576 212 11 13
570 235 9 10
553 235 8 11
555 207 10 13
522 258 9 13
536 251 8 12
521 219 8 12
503 210 10 12
498 243 9 11
512 272 8 11
472 226 11 12
453 224 12 13
423 220 11 14
440 173 12 12
499 146 10 14
540 155 10 15
486 133 11 13
529 110 10 13
555 93 11 15
582 96 10 14
606 120 12 15
431 257 12 14
441 270 12 16
471 275 10 13
423 286 11 15
396 273 10 12
546 306 9 14
411 318 11 15
445 300 13 16
390 344 15 17
529 382 14 19
493 392 18 23
414 410 14 18
390 449 17 19
412 391 14 18
428 371 14 19
363 358 15 18
331 407 14 17
316 384 16 17
342 373 15 17
301 344 14 16
488 296 11 15
483 286 10 15
382 315 12 17
334 296 13 18
342 288 10 11
344 269 11 14
321 274 10 14
374 274 10 14
552 365 15 17
541 351 14 17
208 402 15 19
236 360 16 23
271 356 13 20
257 335 14 20
293 314 15 20
181 368 14 18
128 374 14 18
80 390 17 20
18 379 16 20
52 344 15 17
98 323 13 17
122 330 14 20
144 330 13 18
166 330 13 15
211 340 14 18
250 314 13 17
199 308 14 19
0 321 9 13
37 296 12 15
88 290 9 13
108 274 11 12
82 274 10 12
59 269 11 11
51 283 10 13
240 270 11 16
443 369 14 17
601 314 10 16
221 258 10 11
202 258 9 13
179 254 11 13
163 246 10 11
145 248 9 13
105 247 10 12
79 247 11 12
112 232 8 11
126 213 10 13
147 216 11 13
200 209 12 15
230 214 9 11
254 198 11 12
283 212 11 13
283 198 10 13
325 198 10 14
350 194 9 14
370 170 9 13
324 156 11 15
287 169 10 11
257 161 11 14
194 179 9 12
178 173 11 11
145 175 10 10
182 225 10 13
219 176 10 14
314 226 10 13
251 231 8 13
269 245 11 15
137 267 11 12
63 166 10 12
43 197 10 12
104 139 10 11
36 168 11 12
14 164 12 11
0 197 8 11
58 84 11 13
604 444 15 17
558 454 15 19
70 361 16 22
73 319 15 19
660 279 9 14
488 235 7 11
391 259 10 12
352 255 9 13
539 300 9 12
832 44 12 14
723 309 17 19
817 323 9 14
220 245 10 12
283 237 9 11
279 240 8 8
1014 378 8 13
202 164 11 14
