96 566 11 15
106 548 12 18
156 557 12 19
124 562 10 16
166 562 11 15
241 560 13 17
274 533 8 10
336 549 10 14
371 551 10 16
388 560 8 10
431 565 13 15
582 563 13 16
637 551 13 19
623 551 12 14
603 538 10 11
563 542 7 9
586 535 6 9
733 542 13 17
807 552 15 20
267 558 9 10
281 555 8 13
306 560 10 13
315 561 11 15
304 575 9 12
129 546 11 16
52 555 10 18
5 554 10 18
10 550 8 18
76 553 13 21
209 547 6 7
436 548 9 10
406 550 8 12
477 553 6 9
483 546 7 13
551 550 10 12
480 606 10 14
541 532 6 8
527 599 10 13
542 566 11 12
315 616 12 16
