55 188 29 34
121 165 28 36
190 178 26 31
316 197 30 32
304 125 22 31
163 98 13 19
37 116 23 25
439 196 29 36
559 187 30 37
355 164 29 32
430 154 24 32
663 162 27 32
622 143 29 35
839 162 25 35
886 151 31 41
927 150 25 37
953 149 23 35
983 147 21 32
1009 153 15 31
241 77 13 17
367 88 15 19
381 113 13 15
282 157 8 11
176 170 13 15
422 71 14 20
479 134 19 29
506 149 19 24
587 67 15 14
571 58 9 14
538 77 10 14
692 61 8 12
725 79 11 12
757 63 9 12
764 75 10 13
832 65 9 12
839 128 15 22
876 46 11 14
997 43 6 8
402 179 23 29
