454 442 20 20
502 402 17 21
573 387 14 14
383 324 10 11
362 296 13 13
299 317 14 16
237 333 12 13
230 309 11 12
1002 386 11 14
969 343 12 14
933 346 10 15
1014 324 10 13
987 282 10 13
985 259 12 14
831 364 11 12
868 326 12 16
904 297 11 12
815 338 13 16
770 326 8 11
643 232 13 15
891 281 11 16
902 229 9 11
929 256 9 12
893 258 10 12
858 242 9 14
852 218 9 11
697 275 13 14
967 150 8 13
949 205 9 12
925 189 7 8
80 309 9 10
17 217 7 7
95 222 6 9
368 194 10 12
405 184 7 10
445 179 9 9
361 183 9 9
385 162 7 8
404 154 8 8
433 157 6 8
445 154 7 8
475 159 6 7
491 152 7 8
458 147 6 8
421 148 5 7
432 139 7 7
503 148 6 7
473 142 6 7
485 137 6 8
521 136 5 6
446 137 5 6
459 130 5 6
470 129 4 7
60 173 10 7
511 143 5 6
497 130 5 5
