1 118 15 19
27 130 6 7
21 116 5 6
13 111 5 7
63 117 14 13
99 100 13 13
124 97 16 24
197 108 15 19
255 118 17 21
235 123 5 8
282 116 5 6
269 110 5 7
294 122 11 14
319 131 13 15
333 106 7 11
424 115 8 10
404 122 6 10
418 111 6 9
446 121 14 14
464 115 6 9
488 123 10 13
502 103 8 12
532 123 14 16
552 130 10 13
578 124 19 24
615 107 7 12
625 158 10 12
645 114 14 16
679 124 18 31
706 173 8 11
742 112 8 10
736 167 8 12
734 187 7 8
778 102 12 18
808 171 9 12
830 185 7 10
856 166 10 16
855 94 7 8
882 145 11 16
889 97 9 12
925 123 19 25
957 107 7 10
977 103 8 11
926 94 7 10
969 188 10 13
996 188 10 14
996 173 7 10
851 111 7 11
809 131 9 10
807 111 7 9
515 112 6 11
173 105 10 13
156 104 12 14
269 120 9 10
240 120 8 9
209 116 10 13
415 131 7 11
433 130 8 9
499 128 7 9
