250 662 11 14
275 666 11 14
364 671 9 11
301 655 12 16
315 627 10 12
336 625 9 14
356 644 12 14
384 642 9 13
374 609 10 15
442 626 11 12
485 606 9 11
476 601 8 9
535 575 9 13
491 564 10 14
445 565 10 13
436 584 10 11
511 551 9 12
520 545 9 10
444 547 8 11
447 534 8 11
490 532 7 10
537 527 8 9
486 498 6 9
516 493 8 9
547 499 7 7
565 475 7 9
553 465 8 8
542 461 4 7
499 520 6 9
467 563 7 10
560 537 8 9
579 452 6 9
692 549 7 12
759 544 8 8
771 494 7 8
816 508 7 7
922 543 18 27
678 475 7 8
636 411 6 6
690 411 5 7
703 415 5 6
704 436 6 7
642 447 5 6
667 426 6 5
665 416 6 7
665 449 7 8
520 651 10 13
871 432 5 4
856 398 5 7
906 458 6 6
922 436 6 7
935 467 7 9
810 427 5 5
618 494 5 9
587 439 5 6
796 451 5 6
787 424 3 5
780 418 4 5
804 401 4 6
799 397 4 6
804 389 6 8
815 483 5 6
708 400 5 5
986 126 30 37
965 131 15 18
956 137 14 20
259 423 8 8
256 411 6 8
138 426 7 6
152 424 7 7
121 408 5 4
119 415 4 7
134 408 5 5
142 409 7 7
198 409 5 5
153 390 5 6
124 364 5 5
136 365 4 5
161 370 5 5
172 379 6 5
148 372 3 3
188 394 5 4
244 397 5 6
268 392 6 6
212 378 5 7
226 371 4 5
255 372 5 5
243 369 4 5
232 374 5 6
202 362 5 5
211 350 5 5
147 364 4 4
148 355 4 4
177 364 5 5
287 383 3 5
296 377 4 6
277 375 5 6
262 375 6 7
256 392 6 6
307 367 4 5
266 345 4 4
302 414 6 8
16 386 5 6
47 399 7 8
12 414 7 7
2 420 4 8
31 436 6 6
45 426 6 6
27 417 6 7
37 434 5 5
80 430 6 7
64 422 5 7
61 413 5 5
68 409 5 6
72 395 5 5
72 378 4 6
93 436 5 6
96 429 4 7
105 433 7 7
63 358 5 5
57 352 4 4
18 363 4 6
92 374 5 4
85 386 6 6
125 398 5 7
131 396 5 6
175 408 6 6
152 409 5 6
198 375 4 6
186 335 4 3
195 335 4 3
255 329 4 5
261 328 3 4
0 442 8 9
2 473 7 8
37 457 9 9
68 455 6 6
85 457 5 5
205 394 6 7
116 423 6 9
657 404 5 7
291 363 5 6
146 381 5 6
