235 125 8 9
206 143 9 11
163 162 9 11
124 186 9 11
103 207 10 14
105 241 10 13
104 260 10 11
117 307 12 15
309 90 7 6
349 103 7 7
398 98 7 9
391 73 7 9
372 56 7 8
432 58 7 7
430 95 7 7
458 66 7 8
436 43 7 8
459 54 7 6
436 144 8 8
299 167 10 10
314 188 11 10
355 168 9 11
406 165 9 10
376 187 10 12
335 217 8 8
722 269 10 11
702 307 10 11
677 348 10 13
746 349 10 14
752 216 8 10
740 242 9 11
786 273 10 10
772 304 10 12
828 342 12 13
906 314 10 14
814 382 12 14
731 386 12 15
703 442 12 14
493 45 6 7
521 48 6 7
514 77 7 8
530 92 8 9
577 73 7 8
553 58 6 8
566 54 7 8
592 51 6 7
613 49 5 7
623 68 5 5
626 91 7 8
658 102 8 9
668 74 6 7
704 109 9 10
747 93 7 7
774 131 6 8
725 171 8 8
822 146 8 9
854 166 8 11
896 193 9 10
911 216 8 11
907 248 10 12
906 275 11 13
678 242 10 11
276 211 10 11
354 233 11 13
398 210 10 11
421 236 11 11
240 272 11 13
290 244 11 11
312 264 12 13
335 306 12 12
384 268 10 10
263 304 11 12
208 340 12 14
232 383 12 15
315 383 11 15
290 343 12 12
367 333 10 13
398 383 11 15
445 340 12 15
413 304 12 12
433 431 13 18
343 433 13 17
434 188 11 12
457 216 9 11
463 165 9 9
486 188 8 9
514 167 8 10
489 147 8 9
541 147 7 10
543 194 10 10
571 164 8 9
518 220 8 9
548 235 10 12
578 219 10 10
486 241 10 11
517 274 10 9
449 269 10 11
482 300 11 13
519 338 11 14
556 302 11 12
586 269 11 10
613 239 11 12
597 346 10 13
475 384 12 14
567 385 11 15
528 433 13 17
617 435 12 15
648 388 12 15
594 152 9 8
604 190 8 9
628 172 7 9
679 169 8 9
659 192 9 8
638 215 10 10
698 218 9 11
718 194 9 9
625 300 11 13
654 273 10 12
