754 371 19 22
812 369 17 24
871 369 16 17
884 426 19 22
888 468 17 24
824 466 19 23
762 471 20 25
708 473 19 27
649 475 20 25
603 486 17 24
639 429 17 24
702 431 18 23
767 430 19 24
829 439 17 22
696 372 18 27
636 372 19 21
634 314 18 24
693 314 17 21
749 315 19 22
806 312 17 19
863 312 16 21
794 258 16 23
855 254 17 22
924 365 14 19
961 350 18 26
621 263 19 22
685 256 16 26
613 215 17 22
674 214 19 24
726 208 16 24
781 211 17 22
850 207 18 23
837 155 17 21
780 160 16 20
728 165 19 20
670 162 17 21
610 168 16 18
740 260 16 19
559 166 14 17
560 216 14 21
567 261 16 22
575 318 19 18
578 375 16 21
580 438 18 23
550 480 18 26
515 375 15 24
521 435 18 22
501 479 20 27
516 317 20 20
508 261 16 25
510 213 16 21
499 165 16 25
437 476 18 26
468 431 15 25
452 374 18 23
455 312 16 23
449 262 18 23
453 217 16 19
393 371 18 23
393 316 17 21
393 256 15 20
395 213 14 22
448 169 16 23
398 164 15 23
335 168 18 17
337 215 17 20
335 266 14 16
329 310 19 23
330 367 18 24
331 431 18 23
399 431 20 25
367 468 19 24
319 474 17 24
266 472 18 24
266 425 16 25
266 369 17 21
276 314 16 20
276 263 17 20
280 215 16 18
276 163 16 24
200 467 18 24
206 427 18 22
206 364 18 23
217 312 16 19
218 262 17 20
221 217 16 25
226 168 16 18
173 158 16 21
164 210 16 21
153 259 16 20
144 309 18 24
140 365 18 23
93 323 18 27
142 429 19 26
150 469 19 26
94 461 18 25
52 336 17 24
