36 54 62 84
126 118 10 16
164 112 12 15
139 107 10 12
155 95 11 11
183 111 13 13
204 117 11 13
217 116 14 15
243 122 8 16
267 131 8 10
298 134 8 13
310 134 8 11
341 139 8 14
431 150 8 12
465 192 9 11
505 190 8 11
527 139 8 17
655 158 9 12
701 167 7 13
580 278 17 36
657 356 16 22
705 360 11 17
645 364 8 15
633 361 9 17
573 350 13 22
552 329 8 14
540 323 10 22
495 286 20 29
435 320 17 24
438 289 17 18
412 302 10 17
382 295 13 17
365 285 16 21
328 315 17 27
325 276 13 20
282 281 13 15
286 327 14 24
295 315 15 21
263 330 15 23
228 331 17 21
219 312 14 19
234 296 13 21
133 159 10 14
139 143 13 15
100 138 11 16
736 344 9 15
750 342 10 14
773 352 9 21
778 353 14 14
802 324 12 18
881 261 21 31
971 271 18 33
968 398 32 64
929 343 15 29
902 360 10 17
373 343 17 20
