94 569 7 7
82 595 9 9
60 633 9 11
130 571 7 8
170 577 7 11
160 615 6 6
100 656 9 8
146 661 6 6
197 630 10 8
235 632 5 6
283 632 10 7
279 585 9 5
314 583 9 10
318 558 8 5
279 547 7 8
242 551 6 7
243 576 9 10
210 582 7 5
215 530 7 7
195 662 10 9
244 656 11 11
296 665 11 9
399 525 6 4
434 522 6 7
414 490 5 5
475 542 6 7
433 548 6 6
479 576 7 5
505 523 7 7
539 526 6 6
495 491 8 7
505 463 6 4
424 415 4 3
547 487 4 3
574 525 6 8
560 544 6 4
608 525 5 7
624 557 5 6
654 533 6 5
670 492 5 5
708 496 6 5
666 434 5 6
650 460 5 5
543 455 6 8
538 440 6 6
661 407 4 4
465 458 5 6
711 459 6 7
604 491 7 9
23 627 9 10
0 618 9 11
598 372 3 2
586 365 4 4
601 362 3 2
593 355 3 4
613 365 3 1
627 356 2 3
642 358 3 3
658 348 4 4
695 378 4 5
626 375 5 5
531 406 6 9
509 360 6 7
509 370 5 5
476 350 5 5
503 355 5 6
451 352 5 5
470 358 4 5
447 369 4 5
753 487 7 5
694 564 6 7
715 587 7 6
737 563 6 7
757 585 8 8
743 621 10 10
783 615 10 10
821 616 7 10
854 604 7 10
888 606 8 9
888 586 8 7
852 583 6 4
817 586 7 7
792 576 8 7
812 560 8 7
835 544 8 5
789 545 8 7
773 559 7 7
831 662 7 6
862 657 7 8
790 666 8 7
735 682 10 11
43 586 7 9
116 607 8 7
163 553 6 6
564 570 8 8
886 392 4 5
831 371 3 5
48 395 4 6
104 379 4 5
174 367 3 4
