247 320 15 19
497 344 17 23
432 304 13 18
226 315 16 19
204 308 15 17
181 304 15 16
159 293 14 17
319 313 13 19
289 306 13 19
260 302 12 17
235 297 13 17
213 290 12 16
192 285 12 15
174 279 11 15
375 305 15 20
345 305 15 18
323 294 13 17
297 292 12 16
268 287 12 16
247 279 12 16
225 274 12 17
203 268 9 15
178 266 11 12
187 248 11 13
208 254 10 12
214 239 10 11
135 289 12 15
115 283 11 14
98 276 11 15
78 273 10 14
58 266 11 14
44 261 11 14
75 252 11 13
89 256 11 15
108 263 11 13
116 246 11 14
136 252 12 14
125 269 11 14
20 254 11 14
167 243 10 12
154 259 10 14
147 276 12 13
229 261 11 13
236 246 10 13
264 236 10 12
258 250 8 12
285 242 10 13
275 255 11 12
313 233 9 14
306 248 11 14
299 261 11 14
252 266 10 14
275 273 10 13
297 278 11 13
319 284 11 12
345 290 10 13
330 267 9 14
352 273 11 12
377 277 9 13
327 252 10 12
358 257 10 12
379 261 10 12
335 238 9 14
353 244 9 11
359 231 9 12
402 299 12 16
404 285 9 11
432 289 13 13
406 269 12 12
400 255 10 12
379 248 9 11
382 235 10 11
404 229 9 10
406 242 10 10
424 232 10 10
430 247 9 11
427 257 12 12
429 273 12 12
498 297 12 17
465 290 12 17
454 278 12 12
454 263 10 11
452 254 10 10
450 239 9 11
449 225 11 11
489 280 13 15
479 271 12 12
478 255 12 13
472 246 11 11
475 231 10 10
553 292 15 17
519 287 13 14
506 272 13 14
504 262 10 13
499 248 11 12
497 235 10 12
489 220 11 13
607 289 13 17
576 280 13 16
535 275 14 17
529 264 12 13
523 255 12 12
519 240 11 12
515 230 9 10
666 283 14 18
628 277 13 16
611 265 11 14
595 275 12 15
580 260 11 15
562 268 13 15
553 257 11 13
548 245 10 11
540 234 9 12
535 222 9 10
719 283 12 15
684 276 11 14
645 270 11 16
633 258 11 14
605 255 12 12
593 242 10 12
567 237 10 12
565 226 8 9
701 267 10 13
668 262 11 12
651 250 10 13
623 245 11 13
737 271 12 15
712 258 12 13
680 256 10 11
731 249 10 13
702 245 10 13
667 241 11 13
643 237 10 12
616 233 9 11
591 232 9 8
877 349 15 19
967 305 14 18
776 277 13 15
753 264 13 16
766 252 12 15
795 268 12 15
805 260 10 15
836 270 12 16
846 262 12 17
890 267 12 15
988 222 10 10
602 198 6 7
588 197 7 8
572 190 7 10
211 147 5 6
201 147 4 6
192 145 6 6
964 184 5 8
949 191 6 8
928 189 5 8
904 191 5 7
887 183 7 7
876 199 6 5
864 179 6 7
876 181 5 7
894 177 5 8
910 177 3 6
932 179 6 6
928 174 5 7
961 168 6 6
951 165 5 5
883 166 6 7
907 168 5 8
895 159 5 7
927 163 5 6
919 169 5 8
953 179 8 7
938 165 4 6
856 173 5 7
737 169 7 8
761 181 5 5
796 171 4 6
791 169 4 5
780 171 6 6
774 162 5 6
754 168 6 6
762 163 4 6
810 161 4 7
804 161 6 6
754 157 3 7
724 164 6 6
732 163 4 5
710 169 5 5
705 169 5 6
694 163 6 5
663 165 4 6
680 167 5 5
864 155 5 7
930 127 5 6
817 152 5 5
824 162 3 5
824 169 5 8
889 150 4 5
901 152 5 5
879 150 5 5
833 160 5 6
868 170 5 5
831 176 6 6
957 136 5 5
977 143 5 7
968 175 6 9
986 154 5 6
979 154 5 6
1003 178 7 7
1000 193 5 8
987 192 5 7
981 185 5 7
994 142 4 8
952 135 3 5
946 136 5 4
870 148 5 4
918 149 4 6
972 185 6 6
782 158 5 6
715 160 5 5
653 167 3 5
940 137 4 4
917 160 3 6
828 160 6 8
852 155 6 7
1016 136 5 5
1018 186 6 9
889 176 5 6
798 154 5 7
732 175 4 6
8 150 7 7
26 175 6 6
66 162 6 7
136 50 4 6
