486 345 87 122
40 49 12 14
56 65 10 15
125 23 10 15
109 46 10 9
103 76 9 12
178 39 10 13
195 9 7 10
201 77 9 12
222 52 9 13
223 32 9 13
241 67 10 15
280 42 8 9
135 383 13 16
170 392 15 19
190 379 13 17
175 425 14 19
161 425 13 18
169 451 15 15
186 483 16 19
84 465 14 18
99 463 15 17
23 458 14 17
3 459 13 17
1 475 15 19
19 477 16 17
91 503 13 17
103 498 13 19
134 486 16 22
142 476 14 18
127 505 18 22
156 499 14 21
183 532 14 19
154 538 15 21
119 534 15 18
97 544 15 18
66 544 14 18
50 548 15 19
10 533 16 19
0 500 15 20
21 507 13 18
53 465 17 21
144 456 13 19
147 563 20 23
109 563 16 22
82 562 17 21
23 634 16 20
45 641 16 20
113 598 14 16
174 592 16 19
206 555 15 19
197 646 18 23
160 626 15 21
184 621 15 21
45 729 18 24
24 748 18 22
61 757 19 13
103 742 21 25
138 743 21 21
103 689 14 23
125 702 15 23
257 737 20 29
248 735 16 22
194 728 15 15
264 686 16 22
242 654 16 23
262 645 13 21
245 637 15 19
296 649 16 18
327 661 17 21
317 648 15 21
284 675 16 21
300 699 16 21
340 690 17 20
353 720 18 19
385 741 19 23
376 661 15 21
393 714 14 20
404 661 16 22
222 604 14 18
240 619 15 17
208 635 16 20
281 607 12 21
305 605 12 18
322 619 13 19
224 578 14 18
258 571 13 18
272 575 16 20
325 563 12 17
353 592 17 22
232 540 17 20
262 550 17 20
215 498 15 19
232 502 15 19
236 519 16 18
286 532 15 18
290 500 15 17
145 355 17 23
216 450 13 18
210 389 14 16
253 470 15 18
321 393 13 17
247 449 14 18
228 380 15 17
352 400 15 19
375 420 14 17
342 421 11 14
353 381 13 15
368 572 14 19
340 515 17 21
383 546 16 20
404 588 15 19
401 616 20 24
392 425 12 18
402 386 14 17
456 402 13 17
448 427 14 14
443 405 12 15
307 317 14 16
353 332 14 16
397 337 13 16
445 322 13 15
487 318 13 14
493 292 14 16
477 275 13 17
492 258 11 15
478 241 11 13
465 259 10 14
390 258 13 14
345 262 11 13
433 298 10 11
431 247 11 12
353 237 15 15
392 242 13 11
293 246 14 16
298 270 13 15
324 280 11 12
283 22 9 11
310 27 9 12
140 94 10 14
177 103 11 14
244 130 10 12
287 126 9 11
297 125 9 11
6 55 8 9
33 113 10 13
50 123 12 12
21 125 12 14
110 139 14 15
133 116 11 15
83 130 13 12
155 161 10 12
155 148 10 11
199 158 11 13
197 181 10 13
179 145 9 11
88 177 11 14
60 164 11 11
20 157 10 13
161 185 13 15
30 210 11 15
62 209 11 15
104 202 13 14
134 195 12 14
111 188 10 13
190 198 11 16
191 237 14 16
153 244 13 16
126 260 13 16
101 250 14 15
97 222 13 16
16 264 12 12
186 267 13 17
52 278 13 14
2 283 12 14
20 297 13 14
60 305 13 19
99 319 12 17
134 309 14 17
158 293 13 16
177 325 12 15
206 318 13 15
220 350 11 14
186 356 12 14
116 346 14 17
0 352 12 15
7 365 10 16
21 430 17 15
21 384 13 17
49 395 13 15
66 380 12 17
53 379 12 14
88 404 15 14
83 423 16 18
64 440 14 16
116 450 15 17
134 436 13 18
119 422 13 19
970 208 12 13
954 183 13 16
987 185 10 12
1007 210 12 15
944 249 12 14
983 242 12 13
870 261 11 14
904 291 13 16
817 299 13 14
777 227 11 14
805 197 10 11
704 288 12 15
715 285 10 11
730 313 13 15
815 356 13 15
861 353 14 16
980 379 12 16
946 416 14 18
916 420 13 16
846 410 11 15
804 396 14 16
1003 405 16 15
999 419 14 15
992 429 15 17
961 439 14 15
991 484 15 18
897 462 14 16
928 498 13 15
577 263 11 16
570 240 12 14
630 208 10 13
540 292 11 13
564 311 13 15
600 304 13 15
602 333 14 16
646 301 12 16
646 265 13 13
609 266 13 12
618 250 11 13
653 334 13 18
685 301 9 12
654 293 10 14
594 369 14 15
651 376 14 16
676 385 10 13
700 399 11 13
686 402 14 18
621 416 14 17
598 406 13 18
572 421 11 16
699 342 13 18
640 411 14 16
652 38 10 15
663 61 8 12
694 52 9 10
731 66 9 11
750 62 9 13
774 71 10 13
760 95 11 16
358 294 15 15
376 382 13 18
251 204 12 14
239 163 10 12
261 171 12 13
296 180 11 13
294 199 10 14
269 221 12 15
356 207 10 14
323 209 14 14
335 166 11 12
377 181 13 14
423 203 12 14
391 205 9 13
422 169 10 15
440 182 11 14
446 155 11 14
400 142 11 13
409 125 11 12
453 123 10 14
352 130 8 11
367 135 11 13
382 147 10 12
320 140 11 13
427 213 11 16
341 88 9 11
342 41 9 12
397 39 11 12
455 29 9 12
401 85 8 10
430 90 11 13
478 86 10 12
503 58 10 11
492 76 10 12
521 44 8 11
556 37 9 12
603 67 10 12
618 29 9 9
629 56 11 16
630 83 10 13
622 112 9 11
617 101 7 12
604 98 10 12
543 99 10 11
554 115 12 12
508 128 12 14
543 138 10 12
584 125 10 14
501 159 11 13
488 155 11 15
489 197 11 12
475 210 10 12
536 204 13 14
539 180 11 14
564 171 9 12
545 157 11 15
587 153 11 14
612 151 11 12
604 170 11 13
588 176 10 10
599 200 11 13
588 220 13 16
738 112 11 12
760 121 9 13
774 124 11 13
664 95 10 11
650 104 8 12
689 109 9 12
690 69 10 9
657 136 10 13
636 142 11 13
731 139 10 13
719 125 8 12
697 140 13 15
781 147 11 14
763 150 10 11
738 158 9 12
681 177 9 14
686 163 10 13
668 197 11 14
645 174 9 12
647 226 12 15
722 200 12 14
740 184 12 15
693 187 8 14
708 213 10 12
694 264 13 16
708 246 10 12
755 232 12 15
775 242 10 14
771 198 13 12
891 43 11 13
927 39 11 13
964 74 14 16
997 66 10 13
911 82 11 13
914 102 10 14
871 79 11 12
963 100 9 13
991 128 11 17
952 128 10 14
962 122 11 14
945 120 10 11
936 116 10 14
908 120 10 13
890 112 10 13
871 112 11 13
840 86 11 17
805 103 10 13
804 119 11 12
816 130 9 14
847 127 10 14
863 137 11 14
938 150 12 16
967 162 13 17
986 164 13 15
894 172 12 16
841 186 15 15
827 161 10 12
828 171 11 14
867 180 12 15
890 216 10 10
911 199 10 12
932 214 11 11
898 511 15 15
994 515 12 16
966 532 16 19
825 466 13 14
882 492 13 17
820 488 14 16
842 495 14 16
830 512 13 17
797 485 14 17
770 520 15 22
807 541 11 17
877 460 14 17
825 446 14 15
813 458 12 14
865 452 13 14
790 505 15 18
722 510 15 17
708 583 14 17
716 567 16 18
770 579 14 19
796 565 13 17
819 571 15 19
858 548 15 17
740 615 13 19
681 615 17 20
675 629 17 18
667 734 17 24
675 660 15 21
720 645 17 20
714 674 19 20
742 660 17 20
763 644 13 15
747 691 17 19
723 695 17 23
698 704 15 21
711 744 20 23
650 757 17 14
796 748 18 23
785 714 18 21
809 677 18 22
826 629 15 17
831 712 12 20
852 747 13 18
977 572 14 18
920 557 14 16
890 588 15 16
929 609 14 16
965 610 16 21
936 570 13 16
958 596 15 20
895 611 15 20
869 611 15 20
1005 592 14 18
1008 544 11 15
884 660 18 17
919 663 17 20
961 638 15 21
994 645 15 19
1008 637 10 13
908 641 16 18
891 635 14 17
931 690 17 21
875 685 14 19
881 700 15 20
992 662 15 21
963 740 17 22
935 733 19 24
905 723 15 22
756 541 15 17
788 626 17 18
145 681 15 20
111 678 18 19
66 259 13 16
901 532 17 18
933 477 13 16
959 474 13 18
988 463 12 17
551 63 12 15
595 49 11 15
489 175 12 14
325 227 12 15
867 404 11 19
879 572 15 25
986 691 13 19
1017 694 7 28
600 279 13 16
526 289 12 16
754 268 10 15
893 139 10 15
