930 259 25 29
965 237 13 17
886 212 16 18
938 175 11 12
930 115 13 16
870 169 15 17
842 202 16 25
814 253 23 25
855 341 22 26
761 307 18 23
740 339 15 20
747 237 15 22
785 227 14 20
727 115 15 17
777 130 13 11
638 270 22 30
529 314 23 27
470 248 25 30
467 198 20 22
415 236 20 25
420 197 20 23
421 180 14 17
386 174 16 19
351 233 21 26
334 183 13 16
545 125 13 19
527 105 15 17
409 104 16 15
581 185 14 17
258 106 14 18
211 95 15 17
186 205 19 22
208 189 12 15
277 200 21 24
261 257 24 27
257 228 17 22
154 325 26 25
89 212 27 30
15 357 28 30
22 192 23 27
53 90 16 19
10 114 12 13
216 156 13 16
