85 358 23 33
40 382 17 25
268 358 19 23
37 357 18 21
115 349 13 20
165 366 10 19
186 344 11 21
206 343 15 18
9 270 6 10
105 273 8 11
122 277 7 10
138 281 5 10
368 340 23 34
467 355 17 21
201 291 7 9
235 288 9 9
282 284 7 9
643 346 18 22
730 374 31 41
677 342 10 12
688 342 12 12
634 335 11 13
616 341 10 11
372 300 5 7
786 344 14 16
885 353 19 20
736 338 11 13
912 330 9 10
929 327 13 13
943 325 10 14
936 343 10 12
951 347 9 12
971 345 11 15
983 340 13 19
845 332 9 12
1009 340 13 21
250 352 11 12
219 351 11 19
574 377 13 15
722 332 9 14
56 378 10 20
