784 600 9 9
851 620 11 12
893 626 8 11
960 616 6 11
930 619 8 8
975 582 5 9
934 543 9 12
757 613 10 9
944 563 8 10
963 563 5 8
359 349 4 6
378 420 6 6
341 464 8 9
68 468 8 9
549 329 5 6
572 326 5 6
531 327 5 5
67 414 5 8
21 373 4 7
50 421 5 5
92 327 4 5
99 362 5 5
890 460 6 8
895 516 6 9
908 528 4 8
939 535 6 7
950 533 6 7
873 419 6 6
886 437 5 5
909 462 5 7
877 499 8 7
952 546 7 8
975 536 6 9
982 565 7 10
40 403 6 6
26 397 5 7
52 359 5 6
109 362 6 7
57 315 7 8
94 322 7 7
39 370 6 6
75 373 6 7
126 407 5 6
