448 409 13 14
334 418 11 14
299 411 14 16
269 400 13 15
245 393 12 14
214 385 13 14
192 380 12 13
167 375 12 14
143 365 11 14
118 361 10 12
100 355 11 12
85 346 10 12
68 344 11 12
328 396 12 14
293 385 13 16
261 381 11 12
239 377 11 13
316 378 11 13
348 384 10 11
908 436 16 19
923 400 14 16
856 373 12 13
914 369 11 14
813 381 11 14
765 383 13 14
719 387 11 15
896 352 7 9
827 359 11 11
790 351 11 13
780 362 8 14
734 367 9 12
867 371 7 11
743 356 8 12
761 341 6 4
782 340 5 7
712 342 10 13
662 387 13 16
675 378 10 16
686 370 12 13
696 359 9 12
620 381 12 15
634 375 10 13
529 433 14 18
501 403 12 16
518 393 12 15
534 382 12 14
557 396 12 14
571 389 12 14
463 394 12 14
481 386 12 13
498 376 11 12
606 394 13 15
354 403 13 16
390 412 13 16
412 399 13 15
430 390 12 14
448 379 10 14
399 382 12 13
415 373 11 12
310 364 9 10
260 368 10 10
283 358 8 9
286 375 12 10
645 362 9 14
655 353 10 13
666 345 9 11
680 337 10 12
649 332 8 11
633 339 9 12
621 350 11 11
620 327 9 9
595 368 9 11
584 379 10 11
545 369 11 14
557 361 11 13
570 351 10 13
587 343 11 10
602 335 10 10
588 320 9 12
574 329 8 9
560 337 8 10
541 347 10 12
524 358 9 11
511 367 10 11
560 318 9 9
543 327 9 10
531 334 8 8
513 343 10 9
463 370 10 11
483 359 10 11
495 352 8 11
378 393 13 12
365 375 11 14
389 367 9 11
405 357 10 11
435 363 10 12
448 353 10 11
465 344 8 10
421 347 10 13
436 337 10 11
483 335 11 11
504 328 9 11
520 321 8 9
534 314 9 8
491 315 8 8
478 321 8 8
454 318 10 8
338 371 11 11
358 359 11 11
379 351 10 11
394 342 10 10
414 336 10 9
406 323 9 10
390 329 8 9
368 336 8 11
351 344 10 10
333 353 10 11
326 337 10 11
344 330 10 9
363 325 11 9
321 326 9 9
110 339 11 12
127 346 9 11
152 352 9 11
236 361 10 11
214 356 11 10
158 337 8 10
177 345 9 9
195 349 8 9
201 332 8 12
281 330 10 11
306 336 10 9
307 349 11 8
259 351 9 9
241 343 8 9
221 342 8 8
266 337 7 8
995 320 9 11
1010 311 7 9
1000 311 6 8
888 316 6 7
895 318 6 7
919 311 5 6
907 301 6 7
894 301 7 8
884 297 5 6
864 301 7 8
875 303 5 7
843 302 5 6
834 314 7 7
846 321 5 5
863 312 6 8
859 321 5 5
982 288 7 9
1005 290 8 8
970 281 8 7
945 294 6 5
952 300 5 9
824 308 6 7
1003 253 4 6
1013 246 4 6
1011 264 5 7
987 261 4 6
939 261 6 5
951 256 5 7
947 251 4 6
958 250 4 6
877 287 3 6
864 293 7 7
790 308 8 6
804 306 7 7
778 302 6 9
894 269 6 8
893 282 5 7
953 269 5 6
786 291 7 8
772 290 8 7
799 286 5 4
810 290 6 6
932 312 6 8
1000 263 8 10
729 297 6 7
750 298 6 7
712 290 7 7
796 277 5 6
830 262 4 6
833 255 5 5
836 243 4 5
854 275 5 5
901 257 5 6
857 224 5 6
688 268 5 8
697 265 5 7
707 271 6 6
706 280 6 8
755 257 5 6
795 231 4 7
871 248 6 11
878 227 4 3
680 277 5 8
672 282 5 7
822 252 5 7
810 254 4 6
752 270 4 6
846 262 6 10
969 213 5 6
964 226 5 5
969 224 4 5
866 240 6 6
1009 224 4 7
1016 213 5 7
866 217 5 6
819 231 4 7
785 266 5 8
782 239 5 7
959 296 6 7
743 251 5 7
695 233 5 6
735 239 4 6
764 234 4 5
782 226 5 6
731 279 6 8
860 253 5 7
