13 410 20 31
108 394 24 29
18 317 13 14
17 282 12 15
43 275 9 12
2 315 13 14
11 250 9 13
85 242 8 9
131 242 11 11
155 232 9 11
115 256 13 17
114 284 12 15
156 295 12 19
174 296 13 13
177 319 12 15
133 344 15 19
175 339 13 19
244 322 13 21
238 293 16 17
260 260 14 14
278 215 11 12
267 215 8 12
293 211 8 11
293 247 7 11
307 232 9 13
323 214 8 10
383 199 10 11
408 196 9 12
427 191 10 12
96 686 44 56
93 815 58 72
315 857 71 85
318 663 46 57
420 755 51 69
444 689 45 61
527 868 65 79
697 729 58 73
463 425 26 37
547 408 26 37
647 397 24 28
714 406 31 37
685 345 24 29
744 360 27 31
883 366 31 42
568 337 22 26
626 315 21 27
650 321 17 21
672 313 25 27
767 324 22 25
699 306 20 26
693 287 20 25
669 274 18 23
643 246 16 22
697 242 17 22
847 295 20 28
822 285 20 26
777 262 21 26
880 253 18 23
736 252 17 23
745 226 14 18
795 242 17 23
811 232 16 19
842 199 16 22
858 224 17 24
898 220 16 20
893 199 20 21
862 160 14 20
894 161 15 19
794 160 16 20
820 153 14 17
494 209 6 9
520 192 6 10
541 179 8 10
562 186 10 12
586 172 9 8
624 164 9 11
645 174 10 13
663 151 6 8
684 142 11 15
721 154 8 10
750 119 8 13
772 138 7 10
802 118 10 13
829 120 8 11
849 125 10 13
881 146 15 22
892 133 11 15
903 118 12 15
918 119 9 14
936 125 12 16
962 94 11 13
980 102 12 13
