150 255 12 18
209 218 13 16
223 232 13 15
270 216 11 13
271 233 13 13
306 213 8 12
325 213 11 14
314 234 12 15
291 252 11 17
245 254 12 16
195 254 12 16
171 285 13 19
219 284 13 18
260 280 12 18
308 280 12 15
139 191 12 17
122 229 11 14
146 237 11 16
110 237 13 16
99 260 12 12
76 291 12 13
128 290 10 14
136 313 14 19
92 316 13 16
181 315 13 13
235 308 13 18
211 361 14 20
52 368 17 22
114 391 16 21
163 372 18 19
271 373 14 17
361 126 9 11
809 180 11 14
830 187 11 12
850 180 11 14
821 210 11 13
773 208 14 14
762 219 11 14
805 223 13 15
853 227 11 15
894 156 10 14
872 185 11 13
901 179 11 13
923 183 11 14
871 211 11 15
903 229 11 14
927 221 11 14
907 250 11 14
863 249 11 13
886 262 14 18
933 265 13 16
770 253 12 13
795 266 12 11
811 251 13 16
840 267 12 15
795 298 12 14
842 292 14 14
895 292 13 17
819 377 14 19
873 373 15 20
932 358 16 20
947 297 13 16
238 133 9 13
281 127 8 11
298 133 9 12
176 146 11 12
212 148 9 14
257 152 10 14
297 148 9 13
208 167 10 13
249 168 9 14
292 168 10 13
332 167 9 12
331 190 10 12
304 183 11 14
279 188 12 15
261 179 12 17
240 192 10 14
225 181 10 15
195 194 11 14
190 181 10 16
172 176 11 11
150 182 10 13
171 219 11 14
183 237 12 16
550 134 8 10
557 125 8 11
590 135 8 13
569 148 9 12
593 149 9 13
604 148 10 11
466 196 10 12
465 162 9 12
500 192 11 14
539 189 8 13
574 195 11 13
562 215 10 14
598 214 9 15
571 235 11 16
527 214 10 13
491 216 10 14
491 241 11 12
533 238 12 12
338 248 11 18
355 276 12 16
384 243 13 16
403 273 11 18
450 239 10 15
432 262 13 15
438 288 10 15
412 314 12 16
423 328 15 20
453 307 12 15
437 385 16 15
472 257 12 17
516 260 12 16
555 259 12 14
595 258 10 17
605 286 13 15
564 290 11 16
520 288 11 15
474 284 13 15
491 315 12 16
537 309 12 16
588 317 10 16
572 329 14 17
519 329 15 20
473 340 14 19
495 382 15 18
546 399 13 18
597 380 15 18
611 124 10 10
625 137 10 11
628 153 10 13
644 143 9 13
666 137 9 12
682 121 8 11
752 113 9 12
754 135 10 11
729 142 9 11
705 139 8 10
688 144 10 12
710 153 10 13
742 158 11 11
671 156 10 12
616 177 11 14
606 191 11 13
649 179 10 15
667 178 11 13
694 182 10 15
713 179 11 14
739 183 11 15
626 201 11 15
639 215 13 14
666 207 12 15
684 215 12 17
709 206 12 14
728 222 11 16
597 236 10 13
630 249 12 16
651 258 15 17
674 247 11 14
699 255 14 18
722 246 14 20
744 259 13 16
621 304 11 17
656 294 13 15
703 297 13 14
750 296 15 16
652 373 15 19
705 388 16 18
763 354 15 19
770 142 9 11
801 134 9 10
817 139 9 12
860 133 10 14
855 157 10 14
813 157 9 11
387 130 10 14
412 141 8 13
430 134 8 12
440 131 8 9
447 143 10 11
428 164 8 13
347 138 8 11
339 148 10 12
376 143 10 14
381 165 10 13
355 182 10 13
395 180 11 12
421 184 11 12
440 180 11 13
376 189 10 14
376 209 10 15
422 215 11 14
454 215 11 16
363 235 12 15
411 239 11 15
283 285 9 13
274 307 12 16
317 306 13 16
365 306 12 16
330 383 15 20
384 400 15 19
497 111 10 10
466 131 9 13
481 137 9 14
509 131 8 13
772 157 9 13
764 181 10 10
785 185 10 14
