64 302 32 35
27 271 30 31
61 270 32 35
123 282 29 33
161 284 23 31
196 277 23 28
225 269 14 17
243 278 23 28
266 287 19 23
289 289 23 31
312 289 17 24
319 279 17 23
341 282 12 15
355 273 20 21
350 300 21 28
371 289 20 25
396 274 18 20
405 286 18 20
402 309 19 22
440 289 19 24
462 304 23 28
484 301 19 26
501 312 15 18
513 289 18 25
498 278 17 20
517 275 14 16
539 302 18 26
541 275 16 20
581 311 18 23
560 287 19 24
583 288 16 21
597 277 15 21
620 295 18 23
649 284 19 23
667 294 21 23
700 295 20 25
718 280 17 23
726 283 12 24
743 282 21 28
774 291 17 21
700 358 23 26
613 338 24 31
576 333 23 29
537 343 26 33
570 377 22 31
826 280 13 20
865 295 19 21
778 341 27 36
822 385 31 34
765 397 31 38
177 371 30 39
226 367 32 32
276 351 23 29
291 382 27 30
337 365 23 29
272 432 33 40
357 393 34 43
394 366 25 29
465 357 26 37
497 349 24 33
442 399 33 35
404 438 37 45
474 446 31 40
517 402 32 39
566 451 26 35
605 419 27 34
639 386 30 35
692 415 28 34
649 490 34 43
764 492 39 48
859 428 38 39
78 470 43 49
190 469 43 50
157 413 34 40
307 486 38 43
1011 308 11 14
1018 303 6 23
