253 351 10 12
156 312 9 10
104 287 10 12
305 274 8 11
259 236 7 10
344 232 6 8
370 299 8 9
426 224 6 9
459 258 8 10
520 214 7 8
496 238 8 10
641 208 7 9
613 227 8 11
592 208 7 9
649 267 8 9
742 209 6 8
695 213 7 8
866 197 6 8
797 199 7 8
793 231 8 10
854 244 8 8
977 231 8 11
869 280 9 9
560 251 8 8
501 287 10 10
505 332 10 12
569 303 9 11
661 311 10 11
632 277 9 11
707 251 7 9
741 281 8 9
732 264 8 9
771 332 9 10
185 500 15 23
604 480 12 14
731 451 13 19
972 422 15 22
876 435 14 21
998 340 11 12
469 497 14 16
616 384 9 9
889 314 9 10
787 288 10 9
