101 571 6 7
32 563 7 6
10 557 7 7
20 557 8 10
8 570 7 7
82 574 6 7
88 562 4 6
117 569 5 5
142 578 5 7
129 576 6 8
157 579 6 8
172 580 5 7
140 567 6 8
169 561 5 6
213 557 5 6
202 548 6 7
247 577 5 6
266 570 6 6
283 559 8 9
301 573 6 8
330 575 4 6
339 577 6 7
353 556 7 8
367 551 7 8
428 566 6 8
449 560 5 7
439 568 4 6
497 533 9 10
586 557 6 8
615 548 8 9
532 549 8 9
650 547 9 9
680 549 7 8
556 573 6 6
518 576 5 6
739 560 7 9
764 565 5 7
784 567 6 7
811 565 4 5
800 574 4 5
709 564 5 5
835 573 4 5
846 570 4 5
856 575 4 5
887 571 5 5
879 578 4 5
911 580 4 4
828 572 5 6
