70 39 12 13
8 95 19 27
4 117 14 25
107 128 21 23
80 81 18 25
70 67 16 20
142 79 19 26
175 87 23 26
221 53 11 12
297 72 16 25
263 102 15 15
215 130 27 29
166 154 33 36
294 138 34 39
355 119 29 32
285 64 18 24
378 44 14 23
414 46 10 13
402 14 10 13
433 16 12 15
457 32 13 19
450 55 16 25
479 79 20 28
478 119 24 34
493 135 36 43
590 44 17 20
547 47 13 16
514 41 12 16
476 26 8 13
582 15 9 8
625 49 17 19
603 67 25 27
606 106 31 29
660 113 31 38
718 35 14 19
737 17 14 18
745 42 22 28
824 22 9 15
851 9 10 17
872 4 9 10
927 63 24 25
879 106 30 34
783 95 32 31
769 146 38 46
989 115 27 30
965 46 10 13
992 42 9 14
908 8 8 12
963 6 7 8
833 93 26 26
683 26 11 18
646 25 12 13
687 5 8 9
604 7 10 13
7 163 28 35
427 58 12 19
84 186 19 25
340 68 15 14
330 65 12 15
702 1 10 10
696 6 6 10
726 2 11 12
942 0 9 7
571 29 15 17
521 42 13 18
1005 41 19 24
