0 51 14 20
41 63 16 20
78 53 15 20
125 24 16 17
144 84 14 17
163 68 16 20
147 60 12 18
185 20 13 16
210 15 14 18
217 36 15 18
221 91 12 19
206 89 13 21
241 67 16 19
0 93 11 19
63 88 17 19
98 149 19 23
161 157 19 22
198 198 19 23
91 217 21 28
57 222 19 21
62 184 20 21
28 198 21 24
23 279 26 31
108 255 24 29
156 270 27 30
0 274 19 28
96 333 36 38
198 273 31 38
72 321 30 37
206 382 37 44
0 569 36 72
11 568 43 57
82 596 51 65
291 403 39 44
247 221 26 32
289 245 21 24
330 239 19 26
343 256 24 28
368 255 26 32
392 265 28 32
428 296 26 32
468 310 25 27
444 225 23 22
495 231 22 27
382 365 27 31
234 296 27 34
480 402 38 35
312 484 37 38
370 482 36 42
421 488 38 47
472 497 37 45
523 540 39 47
632 512 43 47
713 526 50 54
762 557 50 56
931 530 44 53
917 422 37 43
850 432 36 35
564 425 35 39
509 429 39 37
616 446 32 37
760 411 30 32
607 355 27 32
667 327 24 28
688 354 30 32
519 264 24 25
554 267 24 25
632 269 26 30
146 120 14 15
170 125 13 15
197 141 15 16
212 152 16 17
224 170 17 20
256 160 16 18
284 163 19 21
232 208 19 20
217 206 16 24
320 182 18 23
342 193 20 21
366 195 24 23
333 146 16 19
400 206 25 24
412 168 19 20
437 178 19 21
278 56 17 23
356 52 16 16
338 35 16 21
313 41 15 19
269 22 16 18
255 12 12 13
308 13 14 16
464 72 13 20
436 44 14 23
382 61 15 20
361 35 15 13
297 125 15 19
511 75 14 19
514 63 15 18
491 47 15 22
576 73 12 19
608 104 16 22
628 72 14 18
689 30 16 19
680 76 16 17
742 105 14 18
807 98 12 17
876 135 18 23
884 89 11 15
957 77 14 22
1013 74 11 22
845 161 14 19
550 213 17 19
614 226 20 22
660 243 22 23
762 303 17 18
777 315 22 21
959 373 35 34
832 350 27 27
803 423 35 40
857 285 29 30
292 329 30 37
694 108 19 22
258 69 12 18
163 37 15 17
982 173 17 23
946 93 13 21
