20 155 13 16
52 145 11 13
84 161 11 12
110 142 18 20
147 147 14 17
169 147 11 13
205 168 8 10
214 155 9 8
231 191 9 9
250 122 16 17
223 149 9 7
292 148 10 12
299 141 9 12
322 130 13 15
336 133 9 12
349 116 12 14
376 126 11 16
362 123 9 10
404 116 14 18
419 125 11 14
435 117 11 16
454 109 10 17
477 169 28 38
522 107 9 10
534 114 13 15
559 108 15 19
553 160 23 32
579 112 10 14
585 129 14 15
624 119 12 13
619 114 9 11
648 94 17 21
669 106 13 17
685 106 9 13
725 105 14 17
736 136 24 27
739 99 11 12
752 93 12 14
768 94 13 21
790 114 17 23
824 76 13 20
859 82 17 24
915 95 15 14
950 96 17 22
892 130 38 45
1008 77 16 23
184 152 7 8
625 111 13 15
