29 318 25 30
109 308 19 25
156 303 20 30
206 299 17 29
299 320 16 24
104 401 11 21
98 378 16 24
87 323 16 18
66 315 14 16
311 395 20 23
365 395 18 25
533 340 27 35
620 420 16 21
359 317 19 23
381 316 21 28
406 325 17 24
446 315 15 20
413 310 18 19
421 292 15 19
333 320 14 19
323 323 12 17
377 307 13 15
481 314 17 20
498 295 17 23
510 262 13 16
481 342 28 27
558 331 18 24
788 333 18 26
769 327 16 21
769 290 16 20
829 348 19 18
866 333 14 18
871 298 16 22
846 310 13 15
923 328 13 19
293 320 12 18
532 306 8 11
435 398 19 20
956 392 13 13
1002 326 16 18
968 420 9 12
