932 426 7 10
890 412 6 7
857 452 6 7
906 448 5 6
832 433 6 7
786 398 6 8
752 387 6 4
737 379 4 5
730 374 5 6
717 370 6 7
708 360 5 7
688 353 5 4
844 315 4 5
20 583 9 14
34 569 8 12
45 557 8 11
130 563 6 9
162 600 10 11
174 549 9 12
113 558 7 10
63 535 7 9
23 644 10 14
1 480 8 9
0 498 7 10
210 566 7 6
60 518 8 9
98 473 7 8
903 637 10 12
839 623 8 13
807 632 10 10
879 617 6 10
957 614 10 10
923 609 7 9
899 584 7 10
774 612 7 11
789 646 9 12
990 526 7 11
751 582 5 10
770 580 7 9
754 605 11 13
886 587 8 11
703 648 9 13
717 636 6 8
760 634 7 11
681 598 6 8
698 573 7 10
732 561 7 8
805 521 8 10
765 522 6 11
629 561 7 8
652 570 9 8
673 539 6 9
655 533 5 8
668 527 6 10
507 621 8 10
998 729 12 17
911 692 10 13
877 682 12 14
934 663 10 12
796 713 10 11
840 692 11 13
789 705 10 15
838 662 9 12
862 723 7 12
881 732 9 14
993 703 8 11
721 668 9 14
728 602 8 9
651 609 8 13
641 595 9 11
708 598 9 12
701 535 6 9
693 529 6 8
819 541 7 11
540 550 10 9
572 519 11 10
611 597 8 10
621 585 5 8
598 571 7 10
254 721 14 16
171 665 9 11
373 513 7 11
146 532 7 9
427 624 7 12
521 461 6 7
140 748 10 14
14 737 15 15
67 562 9 11
303 651 9 10
482 686 10 16
453 680 8 12
