114 275 14 17
91 289 14 16
168 290 10 13
91 260 14 18
239 264 20 22
316 249 16 23
289 248 12 15
265 246 16 13
253 243 10 12
184 250 15 20
200 248 15 16
365 258 15 24
398 259 16 17
380 262 13 15
473 251 16 17
420 236 15 17
342 238 14 16
378 236 13 15
396 236 12 19
438 234 13 16
461 235 12 12
356 196 9 10
278 224 15 14
356 246 10 11
331 235 10 10
492 239 8 11
302 249 11 14
538 253 19 23
564 252 17 19
506 252 14 14
526 250 13 15
635 250 13 18
654 244 13 19
651 223 15 14
558 237 11 13
572 210 15 18
532 231 12 13
704 268 15 18
712 240 15 17
777 242 14 17
947 247 16 21
890 288 13 14
863 246 15 19
835 252 18 22
445 243 16 19
