920 108 12 13
907 84 12 13
884 88 10 13
863 109 12 13
841 116 10 12
852 89 11 13
863 127 12 13
890 152 12 15
904 135 11 14
932 136 12 9
940 152 11 11
967 130 10 15
976 131 12 15
982 105 12 12
1010 158 9 12
993 70 12 13
953 91 11 12
907 113 10 15
868 101 10 11
878 48 10 12
905 43 12 13
939 47 10 10
953 43 10 12
1000 24 10 12
1010 27 10 12
1016 63 8 13
999 3 12 11
957 11 10 9
928 10 11 10
881 11 10 9
862 26 9 13
848 10 10 12
828 33 11 11
818 54 10 12
805 69 10 17
818 87 12 16
706 120 8 12
738 112 11 12
755 94 10 11
780 101 10 11
798 108 10 12
774 73 11 10
788 95 10 9
773 47 11 14
741 31 10 11
747 18 10 12
722 24 10 11
713 38 9 11
704 71 11 13
710 95 10 13
737 77 9 12
677 100 10 12
686 52 10 15
697 1 11 10
655 77 10 11
629 12 8 11
604 23 9 10
576 25 9 11
581 79 11 13
611 94 12 15
649 97 10 11
627 89 10 12
580 118 9 12
569 103 11 10
535 98 10 11
550 123 9 13
477 6 9 12
528 6 10 12
569 1 10 10
528 24 10 11
546 38 10 11
565 82 9 11
513 82 10 11
485 83 10 11
474 98 10 13
508 100 10 13
520 162 10 15
563 144 9 11
500 142 9 14
478 125 8 11
494 128 7 11
553 163 9 11
483 160 10 13
460 139 9 12
791 5 7 10
777 1 8 11
934 30 8 11
313 85 68 64
228 60 9 11
233 35 9 8
281 48 9 10
295 45 10 11
301 11 7 9
241 8 9 12
202 21 8 9
169 15 10 8
158 30 10 12
160 44 12 14
193 66 10 11
200 52 9 8
225 48 8 10
149 70 11 10
124 43 10 14
114 65 11 13
115 87 10 11
146 88 8 8
93 143 20 27
88 48 9 8
73 108 11 10
48 88 11 12
63 45 11 12
71 33 8 11
89 37 9 9
56 11 10 11
37 9 11 12
30 30 9 10
20 132 12 13
61 142 11 11
0 12 8 13
275 35 9 10
899 64 8 11
995 44 10 14
592 7 9 13
535 146 8 13
