967 86 19 25
930 55 16 17
1006 31 18 23
966 9 20 17
881 18 15 19
828 232 39 63
807 175 22 26
769 116 24 26
783 207 22 34
735 169 22 29
694 121 21 28
692 218 22 32
670 173 22 27
696 42 19 27
644 54 18 22
678 12 18 19
620 5 19 25
576 56 18 20
529 87 24 23
516 50 19 22
547 21 16 20
494 16 19 24
625 218 27 34
542 229 24 24
497 229 22 25
363 96 37 38
460 95 17 18
447 45 21 30
434 11 19 23
372 56 18 21
330 46 20 28
290 92 17 22
263 222 23 35
311 3 20 21
260 17 19 25
257 49 17 22
193 9 18 25
116 31 43 48
23 49 19 28
12 77 22 36
5 128 15 29
156 88 16 21
79 16 15 15
9 188 17 27
6 240 21 22
