726 172 10 10
947 178 11 16
881 185 9 13
865 195 10 12
811 105 9 11
830 97 7 9
709 86 8 13
812 119 11 11
924 109 10 12
899 146 8 11
886 159 9 11
909 177 11 13
968 178 12 13
946 168 11 11
911 165 10 10
951 138 8 13
943 99 9 10
962 92 9 13
785 114 13 17
819 78 10 10
784 68 10 8
889 64 10 11
864 67 10 9
851 34 7 9
819 38 9 9
792 16 9 12
695 171 11 13
657 144 11 13
679 137 14 14
755 62 11 11
409 86 53 64
213 111 27 29
162 170 13 14
558 189 10 12
576 181 10 12
564 165 8 8
531 184 11 11
125 189 11 13
38 198 10 9
61 187 9 9
168 138 9 11
642 79 9 11
646 107 11 9
532 118 7 10
518 87 9 12
795 168 43 56
712 192 9 12
739 180 11 12
725 144 11 11
706 139 10 12
720 163 7 11
988 188 12 11
656 174 10 18
759 145 8 11
694 144 7 11
716 108 7 9
85 185 7 10
90 174 7 9
82 159 7 11
179 148 6 10
922 189 9 13
1010 180 11 14
977 159 11 13
1008 132 8 11
903 195 11 12
535 160 9 12
