923 537 23 24
936 456 25 35
993 435 30 40
1000 401 24 32
974 370 25 30
1002 297 22 34
983 265 22 28
935 280 22 24
926 233 22 30
999 182 23 23
860 189 22 28
845 286 25 23
854 345 23 24
924 362 24 32
935 321 23 26
793 315 23 22
776 273 26 26
725 247 23 24
706 270 23 29
744 338 21 27
691 363 26 30
758 460 26 34
835 461 30 34
846 528 30 30
841 560 30 37
687 461 24 30
799 151 23 24
550 252 54 62
601 161 21 26
542 168 24 23
843 221 20 20
444 421 28 30
363 451 23 29
110 417 28 35
79 318 26 30
106 269 25 35
55 374 26 27
8 276 25 35
55 217 28 31
78 198 23 28
118 235 25 30
201 241 23 23
213 209 21 26
152 190 25 26
174 151 25 29
197 126 20 25
142 116 18 20
160 105 23 27
105 101 26 28
111 144 27 32
26 162 19 27
39 132 20 25
70 79 24 25
89 51 21 25
58 38 20 20
21 47 23 25
30 89 19 25
265 177 20 24
253 122 21 28
231 45 19 27
152 50 22 25
122 46 20 19
288 87 21 25
308 55 17 20
377 59 16 21
394 120 19 23
336 125 21 24
318 171 21 24
296 198 21 23
277 243 20 25
359 250 21 20
372 206 24 21
422 155 20 23
432 60 24 22
432 89 21 24
478 75 20 25
528 51 20 22
333 218 19 23
420 228 23 26
446 206 20 25
511 208 20 25
502 154 20 23
533 220 19 22
334 14 19 25
239 10 24 27
185 22 20 21
388 17 22 21
456 15 19 24
554 90 24 25
561 49 18 24
547 118 22 27
621 53 18 25
588 34 20 20
650 196 18 21
522 271 24 22
943 119 20 24
890 83 22 28
770 30 20 27
939 61 19 23
905 30 22 23
946 27 16 19
1002 89 20 24
1008 56 16 27
1005 126 19 28
823 24 19 28
673 88 22 27
706 3 23 24
963 92 19 21
1007 4 17 21
884 44 21 27
806 66 20 22
263 504 24 29
227 513 29 28
166 466 27 31
187 399 28 37
208 356 29 30
226 308 26 36
170 323 26 32
172 276 23 27
271 284 23 26
328 277 23 32
329 344 23 33
409 306 25 29
424 286 23 29
0 196 10 28
647 101 19 29
688 123 22 28
869 333 19 30
908 440 19 24
