902 261 28 29
847 227 24 28
775 213 25 31
726 223 26 32
832 272 27 34
844 338 29 37
747 318 24 26
674 225 24 32
671 199 24 28
628 220 22 29
616 261 26 30
703 354 29 31
804 383 25 39
599 313 26 32
444 256 24 37
466 248 21 31
501 229 21 28
558 231 22 30
529 270 26 32
517 311 27 33
460 327 28 36
382 352 29 44
383 225 25 32
378 264 25 37
308 253 31 41
436 239 7 8
420 235 7 7
104 214 35 43
175 227 34 42
150 195 31 33
224 220 29 37
242 210 24 35
226 304 31 47
163 349 35 51
115 270 34 50
793 482 32 41
681 501 31 29
608 458 31 42
60 249 7 7
85 247 7 7
