954 3 70 150
874 58 14 23
887 10 13 16
848 17 13 17
864 50 17 17
872 124 18 23
897 108 17 16
920 138 15 19
937 115 13 16
916 86 12 19
824 152 15 15
849 167 15 20
784 138 15 23
768 70 13 18
760 30 13 13
792 48 12 13
804 37 9 14
802 5 16 15
755 134 12 16
741 109 13 15
784 76 16 22
835 40 14 15
799 104 13 17
825 100 13 19
845 104 11 17
763 164 14 20
719 138 11 15
694 176 12 20
650 163 42 57
669 117 14 18
708 95 16 16
703 59 13 17
690 32 11 16
718 37 10 14
614 88 14 16
590 97 12 20
585 77 12 15
621 68 11 15
550 110 14 17
601 184 15 25
578 170 16 19
569 127 13 17
596 124 16 19
629 113 11 17
546 169 13 24
629 145 14 20
702 203 14 17
815 195 14 16
516 120 11 17
470 172 33 43
513 203 14 20
506 51 11 15
499 71 10 12
492 59 10 12
432 159 11 16
381 168 12 16
351 189 27 36
447 182 24 33
409 70 13 15
498 16 9 12
583 56 10 14
486 112 12 17
392 136 10 13
393 106 11 17
407 91 12 16
443 48 12 17
452 26 8 14
351 81 10 13
370 69 8 12
391 52 10 13
408 44 10 10
402 18 9 14
522 33 11 11
429 133 12 12
340 135 12 18
421 183 13 19
401 182 11 15
617 210 12 19
595 14 9 11
495 34 12 12
865 15 9 14
741 167 12 18
271 220 25 29
179 221 20 25
126 218 18 23
72 205 20 23
207 208 10 18
270 186 8 15
264 207 8 18
305 184 9 16
313 202 12 16
307 131 12 12
332 105 10 12
226 161 12 16
182 146 15 17
187 132 10 13
204 106 10 9
253 144 10 14
254 134 9 12
304 168 9 14
300 103 9 15
259 169 11 12
486 128 11 16
498 133 12 14
619 169 12 14
650 62 10 13
154 172 10 14
32 177 11 14
47 164 9 12
60 145 11 12
72 146 14 10
103 141 10 12
88 131 10 10
70 118 9 14
117 111 9 11
139 116 10 13
158 116 12 12
254 90 10 11
284 133 14 20
11 111 9 12
6 100 10 12
25 101 10 11
42 105 9 12
44 146 10 16
48 128 7 10
83 118 9 10
320 93 10 15
271 84 9 13
269 35 7 12
219 80 10 11
170 85 10 13
175 40 9 10
311 43 8 11
329 31 9 11
337 54 10 10
265 8 8 10
211 48 8 9
330 11 11 12
344 21 8 11
361 41 12 13
367 21 10 9
379 11 7 10
398 7 9 10
283 48 9 11
85 83 7 9
51 88 9 8
112 20 8 9
128 65 8 11
506 1 11 12
558 45 11 13
664 3 13 15
418 6 11 13
722 48 11 15
256 16 10 14
223 132 12 14
55 217 8 15
124 188 9 11
632 126 13 19
309 66 13 14
251 64 9 14
