964 305 16 21
960 349 15 19
884 348 15 21
907 304 15 21
857 299 15 18
827 274 14 16
799 291 14 18
759 266 16 20
734 289 14 18
765 355 13 18
822 349 16 20
708 349 14 22
695 261 13 19
671 285 13 20
630 255 15 18
653 343 14 19
605 283 13 19
603 348 14 18
569 256 13 17
506 351 13 19
556 353 14 19
542 284 14 18
511 250 15 18
449 253 15 17
475 283 13 19
410 285 13 15
452 356 15 20
399 346 15 20
343 349 14 17
355 285 14 19
338 257 14 18
383 253 16 18
283 261 15 19
299 287 15 18
287 352 15 19
244 296 13 16
237 265 15 17
234 355 15 18
181 352 14 17
194 302 15 20
200 264 13 18
145 306 15 18
122 342 16 20
54 343 14 19
