459 78 61 73
815 176 19 21
712 73 15 17
650 92 15 17
629 73 15 15
681 64 17 17
661 42 14 17
630 48 14 16
593 46 16 16
581 65 18 17
703 28 14 14
677 24 14 15
584 20 15 16
689 87 14 15
706 124 14 16
743 99 15 16
769 105 14 15
798 122 16 21
801 74 16 16
823 94 16 19
815 146 16 15
763 161 16 16
718 151 16 17
419 64 15 15
413 21 15 16
370 145 18 20
365 182 19 24
338 127 17 17
551 38 14 20
715 50 15 18
990 179 15 19
943 165 12 15
902 180 15 20
869 149 15 17
829 129 15 17
869 55 14 16
920 131 14 16
860 102 14 13
936 66 12 13
803 29 14 12
770 24 13 13
727 14 12 11
850 12 14 12
903 54 15 18
867 191 14 15
177 25 17 19
212 38 14 15
216 62 13 15
102 113 19 18
106 86 16 17
73 60 13 17
96 56 16 19
75 33 19 13
28 2 20 17
165 5 14 16
74 143 20 22
216 126 11 19
260 116 16 20
255 87 15 19
52 89 16 17
3 86 11 23
126 2 15 13
297 90 18 23
254 193 15 16
205 185 16 18
163 194 15 18
112 185 18 19
39 192 16 19
18 162 16 16
211 99 13 18
162 64 13 14
323 112 13 21
304 181 20 24
632 28 11 14
457 13 15 16
962 98 15 19
