276 181 22 23
287 152 19 21
349 39 20 21
325 34 13 15
360 154 18 22
384 68 19 27
424 38 16 24
405 5 16 21
502 9 20 25
505 69 18 25
476 52 17 20
439 71 12 25
461 102 15 24
428 136 20 27
519 109 26 28
560 72 19 25
537 39 21 23
464 15 15 18
233 150 16 21
643 161 14 16
641 198 19 24
566 192 20 22
501 142 21 24
736 130 21 24
608 41 18 22
772 102 19 25
809 73 19 22
791 140 20 24
762 185 21 29
137 75 15 20
126 102 17 26
60 78 17 23
58 114 17 22
6 78 16 19
40 12 19 20
95 18 18 15
153 9 18 22
183 106 17 19
199 106 18 23
143 145 18 24
80 150 19 23
22 146 18 24
13 201 17 24
276 8 17 24
294 49 17 21
246 104 18 22
304 74 17 21
335 110 17 25
870 66 17 22
868 99 21 27
841 55 14 12
580 11 18 16
974 37 20 22
924 63 20 26
994 106 21 25
944 144 21 27
884 149 16 24
875 2 20 19
933 1 18 19
1015 3 9 23
523 188 40 39
151 287 28 30
