646 438 42 45
690 362 39 41
638 293 34 41
593 374 35 35
514 313 33 44
507 398 35 46
454 439 34 42
403 430 39 46
430 305 30 32
289 153 28 32
303 204 33 40
345 174 31 36
410 180 34 38
481 191 33 36
578 171 30 40
564 156 20 23
539 196 19 22
533 154 18 27
384 140 21 26
679 165 18 23
705 151 15 21
731 168 11 25
237 182 29 40
166 199 30 36
140 182 34 42
765 128 23 22
814 39 19 19
877 66 13 20
947 74 14 14
992 82 17 18
996 112 20 22
952 130 17 15
950 172 15 23
881 190 17 20
992 34 15 16
679 109 17 25
624 93 16 20
568 99 20 22
564 81 15 16
453 120 19 22
446 77 17 20
363 60 18 21
289 80 18 22
247 70 15 20
236 83 14 18
198 132 18 23
251 209 24 34
500 139 20 22
169 70 17 23
22 246 20 25
33 272 18 24
24 285 19 27
