676 5 11 10
639 14 8 7
696 5 12 7
774 113 10 12
752 67 10 11
714 42 8 7
761 27 9 11
774 12 12 10
612 103 12 13
603 88 13 13
575 89 13 11
583 108 12 12
813 105 15 14
846 123 12 12
843 194 13 13
917 129 11 14
878 126 13 13
885 83 10 9
846 109 10 10
801 86 12 11
857 97 7 9
835 97 9 8
932 54 11 13
881 17 12 13
839 70 11 12
802 12 13 14
947 70 13 13
916 86 12 12
923 108 10 13
963 88 14 11
938 99 11 10
984 74 12 14
963 56 11 11
985 55 11 11
967 152 12 13
963 117 14 13
958 136 11 10
984 134 12 13
939 149 12 12
1009 57 12 14
968 3 11 8
996 4 12 9
780 56 13 11
811 127 13 12
952 176 11 11
854 174 13 11
384 16 13 12
141 3 13 11
559 7 16 14
518 103 14 12
967 20 8 10
661 152 44 49
775 160 23 24
494 143 33 36
433 171 26 38
99 180 13 16
50 175 12 18
14 175 16 22
7 121 13 20
39 126 16 18
38 103 15 15
11 75 11 16
35 73 15 19
60 94 16 19
94 95 15 20
100 72 11 18
120 82 13 15
121 106 14 15
145 107 15 16
144 80 12 16
162 84 10 11
167 100 16 17
174 160 14 13
154 180 13 14
202 161 14 13
251 158 13 16
273 188 13 12
312 187 14 13
327 186 10 11
300 158 15 14
309 126 11 12
266 115 12 13
246 102 14 16
231 106 13 16
226 87 11 11
252 86 11 12
250 63 12 12
246 48 10 9
188 82 12 13
207 63 10 10
167 56 13 14
185 65 13 11
149 57 12 12
123 37 11 10
102 34 11 14
60 30 12 14
278 86 12 13
290 79 11 12
312 71 10 14
323 68 12 14
41 30 11 12
64 12 14 14
173 20 11 15
196 21 13 13
211 26 12 12
287 28 13 12
261 7 11 12
222 64 12 13
161 1 14 13
156 19 12 9
127 21 13 12
110 4 11 9
19 29 9 12
11 9 12 9
147 34 8 10
90 14 9 8
274 47 16 13
303 11 9 11
324 15 10 11
355 12 10 12
312 35 10 11
337 30 11 12
423 76 12 14
346 111 13 14
342 97 13 11
371 117 12 11
469 98 11 14
432 114 12 14
382 79 12 13
403 39 9 11
407 57 10 12
382 57 12 11
360 33 14 15
408 16 11 14
457 42 11 14
470 12 12 12
428 2 12 13
394 119 12 10
390 86 11 11
478 77 9 13
419 38 12 10
549 37 11 14
582 55 13 16
654 31 8 10
524 17 10 11
503 17 13 10
489 2 10 10
487 40 11 12
513 48 11 11
524 62 11 11
491 67 8 8
551 81 11 10
643 100 11 12
568 125 11 12
547 125 11 12
674 63 9 10
663 47 11 11
615 7 9 10
584 14 9 7
617 29 8 8
712 65 11 12
710 84 13 10
770 87 13 14
754 105 10 10
718 147 12 11
617 127 15 18
712 7 10 12
739 8 10 10
678 23 10 9
364 150 12 14
