597 114 20 26
458 221 48 48
527 133 12 12
484 136 14 12
448 130 13 14
290 123 10 14
194 114 12 16
227 96 12 16
138 90 12 16
102 119 14 12
251 76 12 14
259 117 11 13
276 99 10 14
212 81 10 11
170 43 10 13
211 46 10 10
57 50 11 16
70 129 11 12
343 13 13 14
189 18 11 16
154 15 13 16
443 86 11 15
516 93 11 15
484 89 12 13
497 69 11 12
562 135 13 14
443 45 13 14
454 21 11 13
421 24 11 11
556 89 12 14
641 62 6 10
819 83 11 13
901 129 10 14
888 164 10 10
909 96 12 15
686 35 9 13
742 59 10 12
959 114 13 17
1012 154 11 16
887 63 13 17
669 138 11 11
576 108 9 11
567 65 11 13
535 61 9 9
433 137 10 12
409 89 9 14
