889 268 38 51
754 263 37 51
639 264 37 49
513 266 36 49
801 163 36 45
694 172 35 40
574 166 38 46
464 162 38 44
364 151 33 45
279 171 32 43
356 272 39 56
228 274 35 49
181 179 36 47
127 275 40 51
592 51 17 25
567 51 13 21
626 67 11 14
609 56 10 16
655 72 15 16
727 85 14 13
885 63 14 15
797 70 8 8
160 81 12 12
165 124 9 10
167 43 9 9
142 43 8 9
118 43 7 8
90 43 8 9
66 44 8 9
69 83 11 12
67 126 6 8
65 160 7 7
92 159 7 9
114 160 10 8
141 159 8 8
166 158 8 9
63 195 9 6
90 195 7 7
115 193 8 8
142 193 7 7
165 193 8 8
246 43 9 10
278 44 9 9
246 80 8 11
280 80 8 10
246 119 8 9
278 119 8 11
246 157 9 11
344 120 8 9
310 118 8 10
310 80 9 10
343 80 8 9
343 43 9 10
311 41 9 11
342 158 10 10
