550 228 43 60
533 158 27 28
661 140 24 23
760 96 32 41
540 63 15 16
581 80 21 22
580 48 17 15
601 25 16 20
514 25 18 18
417 56 17 20
410 90 16 19
460 124 18 21
410 25 14 18
362 56 18 19
364 25 15 22
319 49 17 20
273 18 18 17
320 25 16 16
164 115 18 18
172 149 17 20
125 76 19 25
150 44 16 19
113 8 17 24
95 49 14 16
73 77 18 22
30 80 16 17
40 57 14 19
55 23 14 15
5 17 17 18
54 155 17 20
198 82 15 19
4 152 8 23
61 121 13 15
343 88 17 19
524 5 12 15
421 2 16 15
560 28 16 18
562 4 18 17
606 88 15 18
507 51 20 14
869 128 17 19
204 143 46 49
72 147 26 28
996 144 15 18
946 146 16 16
898 87 16 20
918 91 17 17
951 92 17 18
963 65 12 17
990 58 10 17
971 91 16 17
903 32 12 17
878 49 15 19
833 91 18 18
829 30 16 20
948 34 12 17
984 33 14 15
820 11 13 16
907 12 12 15
971 16 15 13
933 9 16 18
1011 9 12 15
671 87 16 23
691 97 15 18
715 89 15 20
734 98 17 23
637 59 16 19
646 103 19 16
517 96 19 21
508 69 18 17
