509 281 20 18
563 321 25 30
543 367 22 24
538 402 27 28
632 406 18 23
685 431 23 30
704 426 19 26
748 394 22 33
790 385 19 31
761 502 22 28
788 493 18 28
812 475 22 31
857 458 23 35
965 487 22 28
985 397 18 30
942 393 20 25
792 348 24 27
747 288 17 23
707 289 20 32
688 295 15 28
641 305 22 31
608 308 20 27
864 251 19 32
931 243 18 27
956 306 22 28
947 325 16 26
998 232 18 29
660 347 14 19
625 348 20 23
98 94 304 330
463 154 20 27
438 186 19 24
544 63 19 29
30 106 17 24
8 175 26 30
5 19 18 18
497 372 20 41
545 61 19 30
698 173 14 18
623 187 17 24
759 6 15 21
477 33 16 24
932 14 13 21
998 9 16 15
955 121 19 22
909 168 21 22
862 187 21 27
