725 173 22 25
617 193 21 21
508 242 26 33
521 188 17 21
548 200 14 17
566 197 15 17
661 197 19 22
764 108 26 27
728 108 27 22
674 92 19 28
519 120 17 18
478 127 14 17
541 84 12 20
611 82 16 18
628 82 14 20
644 79 16 19
666 72 18 18
21 159 21 23
93 32 12 16
21 51 10 11
637 122 16 18
500 91 15 15
467 85 16 18
551 17 14 16
755 20 16 20
705 25 18 20
946 119 19 21
921 10 15 18
383 29 12 13
341 33 15 16
813 172 20 27
563 80 14 18
576 78 17 18
470 158 14 16
532 49 13 13
411 26 11 15
327 23 12 12
358 163 13 15
353 128 11 17
417 169 14 18
543 124 20 23
65 2 11 12
73 39 12 16
