627 480 90 92
668 353 37 51
789 519 47 66
750 460 30 52
930 357 36 50
755 318 34 45
737 308 23 32
492 388 35 44
370 356 34 43
418 350 33 44
452 350 39 40
642 272 33 42
632 304 25 29
581 419 32 46
926 260 29 49
801 242 25 34
760 250 24 35
726 152 27 34
942 214 23 42
887 219 22 39
922 233 21 28
922 203 23 27
807 280 33 48
895 396 31 41
738 347 31 45
820 102 20 26
726 120 19 23
702 110 24 28
679 153 21 19
779 165 28 27
939 116 17 21
949 394 49 57
914 357 29 49
962 194 27 46
993 250 31 53
973 233 40 57
994 162 30 44
941 457 43 59
962 496 61 68
968 153 17 31
942 65 13 31
970 99 20 27
70 685 51 52
46 687 38 47
122 490 24 28
32 460 28 29
365 315 16 27
375 270 19 28
723 267 18 37
528 264 29 32
532 197 17 21
489 231 23 32
553 131 18 23
741 223 19 23
578 186 18 27
766 106 17 23
729 95 16 19
632 378 33 34
