778 227 43 43
698 161 49 59
608 141 42 49
509 126 37 55
389 239 43 46
303 234 48 63
319 108 18 23
477 110 25 25
877 174 24 33
816 118 29 37
850 101 20 18
760 105 20 20
760 151 19 38
955 128 35 34
1013 101 9 21
954 65 12 15
990 49 10 14
954 46 9 12
811 86 15 17
850 63 8 13
899 75 10 13
903 63 9 8
766 76 12 13
773 62 11 16
785 60 9 9
752 72 8 10
721 66 8 11
684 70 17 18
665 63 10 12
656 61 7 14
372 85 20 25
395 75 14 18
407 88 17 20
462 106 15 20
514 64 8 8
415 69 12 13
379 61 11 11
348 65 12 15
247 67 10 12
214 107 13 22
157 129 28 34
121 131 38 43
68 151 33 33
53 109 16 23
34 80 7 15
96 69 7 10
143 65 10 12
154 73 8 13
436 73 14 18
628 60 9 12
638 64 8 10
702 61 9 14
760 53 8 10
