503 121 40 53
608 109 41 54
384 119 41 60
343 159 15 21
922 177 7 8
952 169 6 9
905 154 5 9
927 90 7 9
935 126 5 7
925 125 6 8
942 156 6 8
950 126 5 7
142 100 43 60
46 200 8 11
16 204 7 9
123 336 45 59
259 104 42 56
229 129 6 9
285 336 42 61
454 348 44 57
637 361 41 60
822 125 43 59
719 106 43 63
875 167 9 10
902 172 6 7
924 161 6 8
979 152 8 9
995 152 7 10
1007 146 5 8
999 168 6 6
973 118 7 9
902 119 7 9
867 111 7 11
944 89 5 7
935 102 6 7
1004 112 6 9
1016 116 6 8
1004 84 6 8
976 100 6 8
955 104 6 7
906 101 6 9
858 84 7 9
845 96 6 8
831 97 6 7
817 99 5 7
815 83 7 9
879 64 6 8
911 81 7 8
903 74 5 8
989 64 6 8
983 50 7 10
1012 66 6 8
859 67 6 8
835 69 5 6
853 59 5 6
922 54 5 7
938 48 6 8
922 69 8 8
900 48 7 8
813 63 5 6
802 36 6 7
859 37 7 7
887 49 7 9
1005 29 8 9
982 33 7 8
852 50 7 8
835 28 5 6
874 99 6 7
872 147 8 10
967 82 8 9
928 26 8 10
965 25 5 7
869 38 8 9
881 31 8 10
680 109 6 9
712 109 6 6
668 125 7 9
691 144 6 8
691 158 6 7
664 143 6 8
666 73 6 9
686 77 6 8
706 82 8 11
729 76 7 9
724 61 7 7
703 70 8 9
603 64 6 7
620 63 6 7
580 72 7 8
571 122 6 7
551 152 7 9
573 150 7 7
551 93 6 8
558 74 5 7
595 57 5 6
612 48 6 7
642 73 5 7
639 59 7 9
669 31 6 8
702 26 6 6
726 25 6 7
660 110 6 7
456 162 8 9
435 158 6 9
458 151 6 7
485 155 7 9
438 134 7 9
478 125 6 8
497 109 6 8
511 103 6 7
454 102 5 6
493 82 6 7
488 63 7 7
467 71 7 8
427 85 6 7
470 95 7 9
509 56 6 7
508 68 6 7
509 87 7 9
523 85 9 13
567 53 5 7
576 58 7 11
484 32 6 8
464 35 6 7
424 37 6 7
447 34 7 8
555 26 5 6
522 27 5 7
541 4 6 7
526 1 7 7
431 102 9 10
405 84 9 9
384 104 6 9
366 84 6 7
403 74 6 7
364 54 6 7
490 97 8 10
450 67 6 7
337 18 6 8
401 16 7 9
376 18 6 9
356 124 6 8
224 111 7 10
202 117 7 9
194 99 7 8
233 97 6 8
218 75 6 7
240 62 7 9
262 58 6 7
281 60 7 8
278 33 5 6
235 57 7 8
218 57 6 7
194 53 6 8
176 46 7 8
171 44 6 7
153 51 6 7
145 59 6 7
170 65 5 7
204 19 6 6
239 18 7 8
264 49 5 7
243 46 6 6
222 43 7 9
241 126 8 10
125 116 7 9
96 120 7 10
109 161 7 9
124 156 6 7
105 105 6 7
135 77 6 8
79 43 9 10
54 42 8 8
18 49 7 8
4 56 7 8
29 26 7 8
30 39 6 7
4 37 6 8
8 20 7 8
34 20 7 9
61 9 7 8
89 35 7 7
28 5 7 8
67 50 7 8
54 70 7 6
112 73 5 9
103 11 8 9
974 152 6 10
954 74 5 7
707 49 6 7
706 39 5 6
41 48 7 10
976 211 7 11
999 223 7 9
