581 126 77 73
467 190 71 90
195 127 45 59
113 157 28 39
65 210 24 36
294 160 24 33
256 100 21 33
818 73 23 40
797 121 24 35
728 49 24 32
394 215 21 33
361 144 18 29
429 132 24 31
412 80 26 35
454 60 22 30
496 61 17 31
516 103 22 34
67 82 25 37
156 16 23 36
286 40 22 31
394 15 24 33
947 4 30 35
907 11 29 30
856 1 34 35
868 75 30 36
862 129 24 30
963 120 32 39
962 220 28 39
342 67 28 35
513 24 23 27
58 170 28 30
205 52 24 32
254 49 29 38
444 18 26 34
546 21 25 34
780 2 22 32
692 2 23 32
7 49 22 28
10 88 29 31
1 161 24 35
998 44 26 34
991 144 26 37
999 197 25 37
878 225 24 32
751 82 26 33
