577 465 11 11
526 484 10 14
541 468 11 13
738 565 8 13
709 538 10 13
747 536 9 16
998 70 9 14
916 92 10 16
892 94 10 14
845 61 8 13
892 77 8 12
922 66 9 16
874 46 9 13
845 13 10 14
961 66 11 15
985 44 8 12
899 602 13 16
807 660 9 15
851 642 12 16
859 627 10 15
831 636 8 12
18 649 10 16
57 640 11 17
99 646 12 17
1007 593 12 15
929 596 11 12
969 534 12 16
609 438 12 15
662 466 12 14
674 446 12 15
872 541 11 16
855 513 10 13
890 526 10 13
901 495 11 15
901 425 11 15
907 394 11 18
911 380 11 12
938 360 10 12
901 351 11 15
954 379 11 12
996 375 10 11
1010 346 11 15
978 330 10 14
953 328 11 11
917 328 10 13
871 381 11 16
837 373 11 16
815 352 8 13
825 323 10 13
870 329 11 12
858 352 11 12
941 297 11 13
887 275 10 16
842 268 12 14
918 270 9 14
978 302 11 17
990 267 9 13
968 248 9 13
921 222 9 14
891 241 8 15
952 218 11 13
1003 250 10 11
483 592 12 18
284 328 11 16
312 293 11 14
278 291 11 15
267 302 10 13
561 195 9 10
675 235 8 12
571 136 9 14
589 112 8 12
614 91 8 14
562 92 10 14
532 123 9 14
550 105 9 13
524 87 9 13
538 67 10 13
442 264 10 14
453 247 10 16
499 249 9 12
416 245 10 15
427 218 10 16
482 201 11 15
430 197 12 14
524 154 10 16
399 293 13 13
403 267 10 13
358 266 11 13
374 249 10 13
118 185 11 14
100 166 11 13
176 171 9 13
180 154 9 12
109 171 9 12
124 143 10 15
252 197 11 14
208 197 10 11
232 190 9 12
279 164 9 10
203 218 10 15
168 125 11 15
138 110 8 11
177 101 10 14
201 110 9 12
126 77 10 15
187 84 7 12
331 170 10 16
315 153 10 15
308 128 12 13
282 123 9 14
268 101 10 14
186 50 10 15
145 56 8 12
105 60 9 14
115 40 9 11
136 28 10 13
149 35 10 11
174 31 9 12
518 202 11 12
358 545 12 16
380 590 10 12
716 641 12 16
684 615 11 14
695 671 13 9
737 629 11 14
197 428 11 15
152 418 10 15
169 404 11 14
209 391 9 15
226 380 8 14
148 384 11 14
170 361 10 15
202 358 10 14
240 350 12 17
221 311 10 14
183 310 11 12
169 332 10 14
142 306 11 17
129 294 9 13
125 355 11 15
134 332 10 13
159 283 10 14
238 286 9 11
320 432 11 14
313 365 10 12
297 352 10 13
273 365 8 13
269 385 9 13
279 418 9 12
410 380 10 14
301 392 11 13
248 532 9 13
296 412 10 14
252 403 9 16
409 340 10 14
373 339 10 15
379 316 10 14
351 382 8 12
341 322 10 12
302 321 10 12
498 631 11 17
521 655 11 16
524 607 10 13
456 571 8 13
414 568 10 15
539 621 11 15
571 602 12 16
612 615 10 14
571 551 10 14
603 549 12 15
659 94 10 13
718 148 10 15
706 197 10 13
788 46 8 11
748 37 10 15
705 31 11 14
827 488 14 15
684 323 10 15
668 304 9 12
696 279 8 13
718 260 9 11
677 275 11 17
585 339 10 16
235 128 10 14
217 140 8 10
988 502 13 13
943 496 13 14
968 469 11 16
964 448 10 16
976 434 10 14
931 432 11 15
951 418 9 18
943 402 11 13
256 82 12 15
217 80 9 12
203 89 11 11
303 79 9 15
288 56 9 16
233 59 10 16
267 132 6 9
468 38 12 17
364 44 10 13
382 46 10 12
412 51 10 12
411 31 8 11
429 40 9 12
398 27 10 11
345 85 9 13
307 39 8 12
276 28 9 11
254 18 9 11
230 32 9 12
383 156 9 14
356 195 10 11
367 173 9 12
347 154 10 12
445 156 8 12
488 167 8 10
492 131 9 12
447 114 10 13
456 122 10 15
427 131 9 13
489 84 10 14
511 95 9 11
444 77 9 12
468 65 9 11
503 63 9 12
578 59 7 14
512 37 11 14
488 13 8 14
543 41 8 13
608 60 10 12
588 36 11 13
629 32 10 14
561 23 10 12
580 52 12 17
530 12 11 14
600 18 9 12
641 22 10 13
652 6 9 13
611 5 8 8
387 124 10 14
352 126 10 13
355 108 6 11
384 106 9 12
420 108 9 14
249 259 11 15
255 242 10 13
220 238 9 12
606 298 10 13
562 259 13 16
544 229 10 15
638 326 12 13
543 298 11 14
508 336 13 16
492 319 9 13
516 288 11 15
506 280 11 15
526 248 10 15
567 206 8 13
410 91 7 11
325 264 10 14
287 259 10 12
334 247 10 13
295 244 10 13
351 217 10 12
317 215 7 11
274 216 10 13
293 199 10 12
322 195 9 12
390 192 9 15
401 167 11 13
775 141 9 13
758 119 10 14
806 116 9 13
738 277 10 14
759 259 10 14
808 255 9 13
593 526 11 17
567 503 10 13
972 513 11 15
847 568 10 15
801 541 12 17
806 531 10 14
608 481 10 16
616 459 10 14
635 453 10 12
695 671 13 9
185 386 11 17
379 90 10 14
188 243 10 12
238 219 9 14
178 212 9 13
215 264 9 15
44 294 10 14
137 270 9 11
106 256 11 13
144 252 8 12
133 238 11 13
118 236 11 14
89 242 9 12
97 217 12 14
140 215 9 11
158 232 11 15
34 200 8 11
32 213 9 13
12 201 8 10
165 198 12 14
983 396 13 15
1015 452 8 14
66 90 11 16
50 119 10 13
26 94 9 13
54 80 9 13
61 51 11 12
17 0 10 13
64 166 10 14
23 163 10 10
217 14 9 10
175 1 11 12
352 11 8 14
575 359 12 15
553 366 12 13
504 353 12 16
655 370 11 15
692 349 10 14
607 394 10 14
584 413 11 15
725 334 12 16
703 308 12 14
716 321 13 14
761 300 10 14
792 296 10 13
790 314 12 15
763 344 12 16
759 328 10 13
665 247 12 12
599 253 12 11
776 230 10 12
616 217 12 14
805 140 11 13
824 134 11 11
844 123 12 12
841 90 11 14
894 139 10 14
914 139 10 13
965 139 10 12
1005 139 10 15
953 112 12 14
966 93 9 13
836 8 10 12
92 328 10 16
86 284 10 15
58 297 10 14
60 283 11 11
65 263 10 12
55 239 10 12
36 340 11 14
26 318 13 17
50 396 11 16
71 375 11 15
335 377 12 18
331 405 11 14
15 293 9 14
15 225 8 13
32 434 12 16
57 466 12 14
19 468 11 16
42 496 12 16
49 519 13 16
20 513 13 15
77 493 12 14
94 481 10 13
104 453 9 12
122 451 11 15
131 503 10 15
89 513 15 18
97 544 11 14
64 539 12 16
36 541 10 15
50 568 10 12
140 518 10 15
164 474 11 15
224 504 11 14
217 520 13 16
203 483 11 12
235 494 10 11
235 436 9 12
119 427 14 16
81 415 12 14
15 394 11 14
7 331 7 13
154 609 13 14
189 603 13 16
178 641 12 15
144 633 13 15
111 616 13 13
125 589 12 14
46 610 13 13
3 587 11 15
178 564 14 16
184 550 12 14
141 544 10 15
219 646 10 13
34 598 11 14
19 550 11 17
255 449 11 15
272 446 11 13
300 451 11 16
262 500 12 12
299 515 12 12
314 542 11 18
278 550 9 12
347 502 12 13
318 476 10 13
348 457 11 15
355 429 11 12
363 413 10 13
410 456 11 15
387 435 12 12
398 410 12 12
373 378 11 13
393 359 11 15
435 433 10 13
456 455 11 16
402 482 12 12
435 498 12 13
424 496 10 12
410 545 12 15
453 542 10 16
445 390 9 13
451 359 11 13
347 365 11 12
484 333 12 16
443 315 12 13
410 322 11 12
174 512 13 16
522 503 12 15
490 548 12 15
497 538 11 16
639 510 12 13
664 537 13 16
648 563 11 13
633 578 14 16
656 608 13 13
493 443 13 14
554 530 11 17
559 440 11 11
511 420 10 13
639 422 12 15
687 399 13 15
696 426 11 12
708 463 11 14
685 508 14 15
713 508 12 14
697 566 12 14
719 581 13 16
759 581 12 16
794 567 12 15
782 537 11 16
767 517 12 16
778 469 12 14
786 448 10 14
784 420 9 12
735 417 12 16
750 394 12 15
796 397 10 13
598 581 11 13
335 652 13 17
380 655 12 17
444 649 10 16
483 639 14 17
442 620 12 16
383 614 12 15
307 620 12 15
244 658 13 15
264 624 11 16
227 590 12 15
275 590 13 16
332 592 10 17
355 597 12 15
428 599 10 13
581 629 11 15
631 629 13 15
640 668 13 12
696 650 11 13
715 611 12 16
759 650 11 18
756 604 12 17
795 594 11 12
791 614 14 13
832 588 12 15
937 638 12 18
972 653 10 17
961 669 12 11
946 567 13 16
964 593 12 14
991 574 12 16
1012 649 11 14
711 442 13 15
728 386 12 14
767 373 12 12
805 372 9 14
834 432 11 15
853 435 11 14
874 448 10 12
873 464 12 16
825 472 12 14
837 398 11 14
870 404 11 13
736 378 12 14
703 359 12 13
479 466 10 13
926 314 13 15
833 307 15 15
821 184 10 12
1006 199 12 13
964 213 9 11
448 13 10 11
1001 103 11 14
973 362 9 12
534 557 13 16
1 485 14 19
7 619 11 13
38 185 9 10
8 177 11 11
12 86 9 11
