133 318 26 36
391 491 15 18
413 447 13 18
364 453 14 18
320 455 17 23
740 508 14 19
785 506 16 20
720 494 14 19
692 496 15 21
471 463 13 18
990 553 16 16
956 555 21 22
986 524 17 17
1004 521 15 20
986 504 13 15
959 507 12 14
940 492 14 19
923 501 11 16
957 531 11 13
980 437 17 23
1009 424 14 18
984 461 14 13
958 461 14 14
940 456 14 19
963 476 13 16
975 489 12 15
990 488 15 16
934 478 14 16
906 472 15 19
899 468 12 17
901 446 13 17
902 429 13 17
917 536 15 23
918 526 10 13
896 502 14 15
885 516 16 15
884 493 14 17
870 514 14 15
845 518 13 17
827 520 16 17
844 501 18 18
832 493 16 20
863 471 12 20
852 472 12 19
872 451 17 14
887 462 11 16
822 473 16 18
796 466 14 15
801 483 13 11
830 423 11 17
853 416 9 15
797 415 14 17
790 443 15 17
760 452 12 14
778 480 17 21
766 468 8 15
758 497 13 16
769 508 15 15
689 473 12 20
741 482 17 19
671 506 13 14
682 517 13 12
600 498 15 17
513 498 18 21
496 469 13 18
480 503 14 13
503 501 10 12
389 464 11 17
314 436 13 14
267 456 13 18
230 473 14 18
277 485 12 15
292 509 11 18
215 478 13 18
207 457 9 14
187 471 11 17
224 453 14 17
217 444 11 13
285 443 12 15
266 424 10 12
335 393 10 13
317 394 9 13
321 422 8 10
382 437 9 12
382 422 10 12
371 432 10 12
186 434 10 12
220 419 11 13
200 431 10 14
202 418 12 13
58 457 13 14
39 468 13 13
75 474 12 13
171 451 11 13
170 468 11 15
157 415 13 15
146 428 11 16
158 435 9 11
68 443 12 15
10 473 11 11
25 471 10 13
13 452 14 14
45 441 10 13
24 438 9 12
62 431 10 12
31 424 11 11
51 429 9 12
78 431 9 12
31 448 11 13
50 416 9 11
12 422 9 14
66 411 8 10
37 417 10 13
72 403 9 11
11 405 9 8
3 416 7 7
