829 280 13 19
859 268 12 15
843 289 14 18
604 550 11 22
556 561 19 20
597 531 13 22
563 502 18 20
541 601 16 18
497 469 12 19
726 281 15 22
700 287 16 20
785 272 15 18
736 253 14 21
450 47 12 16
454 101 10 12
464 100 13 19
234 598 14 21
89 691 16 26
141 629 20 29
121 615 19 28
49 636 17 21
108 92 12 17
105 116 10 14
118 144 13 14
88 157 12 13
120 255 14 17
69 230 13 15
96 220 12 15
108 170 13 13
96 190 12 15
48 133 15 18
60 127 13 16
27 163 11 14
56 180 15 16
17 208 14 17
49 104 12 17
7 99 11 16
19 30 15 17
84 39 18 21
97 57 11 11
105 14 13 14
91 0 10 10
128 212 13 13
72 83 12 20
95 105 12 14
674 281 12 16
979 468 16 19
980 432 12 20
952 443 13 18
927 445 12 18
888 509 14 18
840 484 14 21
838 529 11 22
852 543 13 22
813 461 18 23
985 353 16 21
968 338 15 20
941 354 14 19
905 344 16 21
998 265 12 19
983 177 15 20
988 99 15 21
987 51 11 19
961 51 13 18
943 102 12 17
934 46 12 18
921 86 11 14
999 26 12 12
915 11 12 15
955 21 9 14
963 23 11 13
884 96 8 18
874 121 11 17
839 116 11 15
798 105 12 19
887 30 11 15
878 45 13 16
875 417 15 19
786 343 14 22
760 401 18 21
777 480 11 16
733 460 9 20
741 435 12 20
712 439 11 19
716 463 11 16
741 501 13 15
688 566 16 23
636 542 15 22
643 523 18 19
629 514 12 25
654 487 15 24
624 473 15 22
735 195 14 16
740 146 8 15
740 170 13 19
746 107 11 12
719 58 13 17
677 68 11 16
502 637 13 20
480 599 18 26
469 568 13 22
396 650 15 24
418 608 14 26
431 562 16 21
397 555 19 21
382 605 14 21
556 488 14 17
504 495 16 20
484 437 14 22
453 407 15 23
423 457 18 23
318 540 18 18
351 562 20 19
436 101 10 11
385 48 10 11
399 123 10 12
380 114 13 17
355 87 11 11
354 51 11 12
322 57 11 13
301 38 10 14
253 37 12 14
275 70 8 12
286 105 13 12
312 161 14 14
298 137 13 15
313 113 12 17
337 114 13 14
340 121 12 15
334 149 13 14
264 117 15 18
250 138 12 14
235 113 13 16
217 59 13 14
208 37 11 11
158 25 11 14
143 97 13 14
121 45 11 15
200 185 13 17
207 148 13 12
200 119 10 13
175 129 14 17
175 115 12 11
145 117 14 16
141 209 13 15
336 581 18 28
321 638 14 21
110 492 14 20
89 497 16 19
79 474 15 20
47 462 18 23
0 457 8 19
93 436 13 19
41 418 17 19
33 403 15 20
135 426 16 21
138 406 18 27
162 381 14 16
100 368 13 17
62 359 12 17
25 352 16 21
60 313 15 18
50 277 17 18
83 260 12 17
51 254 13 14
6 280 14 15
111 309 14 17
0 309 8 17
472 138 15 15
507 165 14 15
373 144 12 15
637 110 12 17
597 90 14 19
637 70 13 16
634 39 9 18
601 73 10 14
584 41 11 14
573 85 13 17
549 72 12 14
552 52 11 15
560 103 12 14
538 88 11 15
534 92 9 13
527 112 11 13
496 118 11 14
494 80 11 18
521 50 9 14
505 46 11 13
465 41 14 20
466 67 12 14
0 276 9 15
145 308 14 17
120 275 15 15
166 310 14 16
223 293 15 17
177 303 14 17
166 264 12 16
188 260 13 15
210 263 12 14
258 260 14 16
289 267 13 16
273 262 10 10
312 260 13 14
300 223 12 15
308 215 13 16
335 207 12 12
271 177 12 17
375 672 14 20
300 659 14 22
222 673 17 26
273 626 19 25
267 591 14 21
230 534 13 22
381 198 12 18
454 170 12 14
376 167 12 15
416 163 12 14
444 155 12 17
330 460 15 18
371 452 15 22
407 461 15 24
368 417 17 20
331 417 16 21
297 399 15 20
244 414 14 18
196 393 13 21
219 447 17 21
238 472 13 18
299 452 13 20
310 431 14 20
305 475 16 24
267 504 16 21
178 493 13 20
183 442 12 19
223 433 16 18
600 265 13 15
630 256 14 19
572 254 13 18
521 259 15 17
495 255 14 16
155 531 19 23
127 522 15 19
107 519 15 21
49 523 18 23
15 524 16 22
48 587 18 29
117 585 15 19
127 559 17 21
158 482 12 21
903 279 14 19
7 552 16 26
