51 330 22 33
73 394 23 31
99 276 23 31
129 322 21 33
151 399 22 31
177 270 21 27
311 395 23 28
280 331 22 31
231 388 23 31
210 315 22 34
245 257 20 30
320 262 21 27
346 318 21 30
946 337 22 31
923 388 23 32
883 261 20 29
873 320 23 32
816 257 22 28
804 324 22 30
750 267 20 27
846 394 23 31
728 334 20 25
768 397 21 29
678 256 20 27
605 247 20 29
387 252 21 29
421 311 21 31
459 248 22 29
391 404 22 28
466 392 24 33
528 248 20 33
496 321 21 30
544 397 22 30
574 312 21 28
622 398 21 30
698 387 23 31
657 327 21 28
