303 300 22 25
131 271 16 17
728 104 20 23
715 98 16 21
645 120 20 19
642 155 24 25
636 144 16 20
677 150 16 18
881 106 32 45
986 121 36 27
959 76 27 32
957 54 24 27
480 248 18 22
418 236 14 22
432 233 20 29
497 210 17 23
438 285 24 26
386 246 12 14
356 244 16 20
336 276 32 40
309 264 17 26
340 212 15 18
363 213 24 23
379 326 44 45
212 227 15 19
266 291 21 28
198 309 23 30
161 244 17 19
556 174 17 23
810 166 38 54
351 335 29 38
818 236 50 66
588 289 149 180
406 384 65 76
249 450 109 129
127 398 86 101
31 359 71 76
97 307 16 19
154 321 18 18
227 240 21 28
