239 150 43 50
127 190 32 35
30 174 26 31
402 157 27 28
458 172 27 35
545 137 47 52
765 154 24 28
834 136 32 40
884 170 42 48
936 184 17 31
840 93 8 12
979 171 9 13
1001 163 8 9
982 133 9 11
982 114 12 15
198 175 19 22
307 175 20 25
371 172 19 25
670 56 9 11
719 15 10 13
548 43 8 8
751 17 7 10
284 21 9 14
121 16 9 12
267 59 8 10
154 33 9 11
335 116 10 13
335 58 10 13
483 163 24 31
978 2 8 13
7 134 13 16
33 111 12 14
68 70 10 14
102 69 12 14
176 108 10 12
95 46 8 11
771 30 9 11
219 29 8 12
321 93 8 10
427 33 10 19
443 108 10 13
464 107 14 14
867 55 11 11
797 58 11 11
743 107 12 11
752 77 13 12
41 45 12 13
333 173 13 21
188 42 10 14
179 76 10 12
298 61 8 10
282 44 8 12
