918 214 22 24
898 153 21 23
892 98 19 21
826 82 21 25
751 82 16 20
830 130 23 27
842 209 25 24
755 204 23 25
760 266 28 28
851 273 29 27
755 137 19 22
675 152 21 24
669 101 19 23
612 26 23 25
611 103 24 26
613 148 22 23
607 207 23 27
682 197 21 26
537 151 22 24
534 37 19 24
532 102 20 22
463 128 21 26
466 77 18 22
464 29 18 24
397 51 18 22
409 103 18 24
388 149 19 25
458 195 21 26
533 224 20 20
373 217 23 23
329 75 24 23
317 153 19 24
263 86 23 21
250 156 24 25
241 215 25 26
308 211 21 26
287 258 24 28
166 199 25 25
175 146 21 22
212 107 18 19
150 101 21 19
120 165 26 23
919 445 33 31
870 382 27 28
789 368 26 26
793 425 31 32
705 449 29 28
709 343 30 32
681 268 25 27
943 378 29 28
516 261 25 30
533 335 29 30
441 273 23 29
368 283 18 20
439 374 25 28
525 440 28 32
617 442 27 30
434 450 27 27
354 437 29 27
364 367 24 26
288 334 24 27
267 422 24 28
196 352 26 26
108 332 29 25
209 275 25 25
134 269 27 25
50 273 25 26
105 221 25 27
170 416 33 30
93 444 30 24
48 348 27 24
912 318 25 25
625 355 25 30
594 263 24 30
