30 41 38 40
83 60 37 39
121 22 30 35
155 38 30 37
249 52 34 41
193 101 43 40
202 144 37 51
224 159 46 56
80 146 45 57
19 244 51 68
111 203 52 52
189 268 57 57
300 214 44 56
315 114 36 44
349 140 40 49
374 177 43 54
372 278 54 64
378 55 32 42
410 81 35 45
420 39 33 36
364 20 31 32
479 49 35 43
445 127 35 44
496 147 45 45
460 218 48 57
527 187 42 56
526 288 53 68
518 93 33 35
575 129 33 40
620 154 40 45
681 206 40 57
706 295 52 69
612 25 30 31
587 68 34 37
642 92 39 43
655 38 29 33
706 71 32 37
704 129 40 42
544 0 24 24
567 39 30 34
682 1 29 34
734 28 27 33
764 99 38 37
735 163 38 55
773 3 30 31
754 45 31 34
896 11 29 36
929 23 32 39
975 10 30 35
813 69 40 41
875 56 31 36
827 122 41 48
895 101 43 50
964 131 41 52
915 174 43 52
846 212 54 59
801 246 58 69
928 305 65 71
462 0 18 15
