921 143 29 36
667 158 33 33
103 218 27 32
161 173 22 26
236 190 27 33
262 177 22 27
54 183 29 28
460 146 31 37
549 199 19 21
400 157 23 28
624 129 6 10
621 117 7 10
600 138 8 9
597 119 7 10
548 111 6 8
620 99 6 8
610 88 7 7
641 101 7 7
601 71 7 8
597 38 7 9
622 47 7 8
702 72 7 11
758 86 8 9
772 54 7 11
743 42 7 7
730 70 8 8
697 45 7 7
667 44 11 10
645 76 9 10
565 77 7 8
523 75 10 9
552 132 9 10
355 147 6 8
383 148 7 8
327 149 7 7
302 157 7 8
352 128 6 8
323 137 7 10
324 123 7 8
314 118 6 9
71 40 6 8
91 50 7 9
120 57 6 8
70 70 7 7
5 27 8 7
168 25 8 10
812 2 7 8
796 9 6 5
892 8 6 8
0 171 6 10
354 91 8 8
294 62 8 10
719 142 8 11
704 142 9 13
269 119 7 11
257 117 7 11
237 119 7 8
238 108 7 8
211 155 7 8
200 142 7 8
348 105 7 8
359 104 8 9
377 114 10 10
411 91 7 9
343 81 7 8
348 68 8 10
363 68 7 8
310 82 7 8
325 82 5 6
288 95 7 9
273 77 8 9
271 55 8 11
258 58 9 13
216 131 7 7
214 120 8 10
140 127 6 10
247 145 13 17
161 126 17 19
273 139 10 13
146 108 10 10
186 106 7 10
65 105 7 7
69 89 6 9
175 82 6 7
131 85 7 6
179 43 6 7
