961 369 15 18
935 385 14 17
910 339 13 15
895 320 12 12
889 298 10 13
885 265 10 11
866 251 9 9
861 274 10 10
835 244 8 10
885 404 12 17
867 430 14 18
838 364 14 16
846 344 11 14
842 324 9 12
828 302 7 12
839 289 7 12
826 266 10 11
822 404 11 15
788 374 13 14
766 399 14 16
708 391 15 15
732 373 12 14
797 342 13 14
755 346 10 14
764 330 9 12
805 322 9 11
676 371 11 13
699 348 12 13
716 327 12 14
674 331 11 12
806 295 9 11
789 261 9 10
770 289 9 11
796 301 7 11
760 304 9 13
737 290 9 11
748 254 11 11
212 377 12 13
178 390 15 18
90 365 14 15
191 431 15 17
130 433 16 19
47 383 15 17
357 372 13 15
346 400 15 14
334 344 12 13
714 259 9 11
727 307 9 11
705 295 10 11
692 300 10 13
667 290 9 12
651 301 11 12
677 256 8 11
638 252 8 9
604 253 9 10
621 219 9 9
670 219 9 9
569 219 11 9
567 254 9 10
624 293 9 10
605 302 9 12
584 296 9 10
563 306 11 12
544 290 10 12
531 253 9 10
529 225 8 9
500 253 9 10
505 298 9 10
522 301 11 12
641 394 15 16
603 373 14 15
637 350 11 13
629 324 11 14
586 324 11 14
580 352 11 13
553 369 11 14
575 394 14 18
541 326 11 12
533 347 11 16
430 218 8 11
481 213 10 12
399 303 10 12
382 292 10 12
347 290 9 11
326 303 9 11
367 312 8 10
509 402 12 15
507 369 13 16
491 350 11 14
504 337 8 10
460 330 10 13
421 330 10 11
382 326 11 11
377 344 10 13
402 372 13 15
411 348 12 14
457 372 12 15
453 356 11 13
429 395 13 16
296 261 8 11
260 260 9 12
246 239 8 10
231 259 9 10
221 267 10 11
208 275 9 11
275 293 9 10
290 302 10 12
312 294 8 10
343 319 11 13
250 302 10 12
190 307 10 13
164 320 11 14
135 337 12 14
205 347 12 14
232 329 10 13
250 344 12 13
292 348 11 13
307 333 9 11
269 324 10 13
310 375 12 14
272 401 14 13
261 376 13 15
463 257 9 11
432 259 8 11
402 256 9 10
365 256 9 10
330 255 9 10
423 292 9 12
464 290 9 10
481 311 9 10
437 302 10 12
