947 68 17 17
878 60 16 18
830 68 14 17
1008 42 13 16
987 494 33 36
1012 440 12 31
965 401 28 30
950 352 30 30
913 404 34 34
883 477 32 28
843 519 38 40
866 336 30 34
802 380 33 34
729 385 31 31
707 349 30 32
655 254 26 23
641 370 28 30
759 504 32 40
649 484 34 36
608 531 39 41
603 409 30 36
530 396 32 35
514 522 39 41
422 567 38 40
333 494 33 37
359 450 34 35
330 581 35 38
411 520 34 38
556 467 34 40
454 447 35 38
295 420 31 36
222 547 37 45
241 478 32 35
128 515 37 38
63 504 33 39
66 438 30 39
209 399 30 36
524 274 23 24
467 261 22 28
416 248 23 25
390 290 24 27
331 265 23 26
363 244 20 29
208 268 24 26
261 300 24 28
129 301 25 29
74 288 22 25
153 271 22 28
93 254 22 26
185 213 22 27
252 236 17 21
14 277 25 25
36 249 23 26
0 216 16 32
222 196 15 25
135 386 28 32
718 433 33 38
133 199 26 28
96 196 19 26
146 592 41 42
0 475 34 43
0 303 19 32
885 373 25 32
810 441 32 36
358 373 31 33
0 430 20 34
