88 208 15 18
962 247 30 36
855 299 31 36
829 228 29 37
1014 240 10 33
704 275 36 42
781 232 22 28
753 222 21 30
698 219 31 33
686 224 23 30
657 213 23 28
595 203 29 32
624 216 23 26
577 213 26 27
563 209 20 26
536 198 21 25
584 264 29 36
470 243 31 34
487 207 22 29
465 208 20 24
439 210 19 24
389 195 25 29
355 235 25 33
284 193 26 30
236 223 27 32
132 211 27 32
192 184 24 29
31 214 27 33
74 181 15 18
102 177 14 17
83 163 14 16
50 158 13 15
19 161 16 18
267 182 11 15
247 180 10 13
474 171 10 14
589 170 10 13
533 179 9 12
567 183 10 12
569 164 11 13
467 157 10 13
644 172 9 13
661 174 8 12
737 175 10 10
746 186 8 11
687 174 10 12
681 135 8 10
827 160 10 11
905 240 22 23
944 233 20 26
928 218 19 24
292 161 12 14
152 169 12 15
512 163 12 14
450 172 11 13
580 157 11 12
