91 253 19 22
133 254 41 52
184 256 23 33
208 257 16 26
213 286 22 33
266 237 17 21
226 262 13 19
287 269 27 35
322 263 34 33
319 307 34 45
400 286 36 60
467 280 23 15
501 259 31 37
539 286 23 23
556 262 42 52
603 254 15 22
642 209 18 18
653 266 21 32
682 249 8 12
690 280 55 75
745 267 12 15
770 266 10 12
808 257 25 31
829 295 24 45
860 276 12 17
874 265 20 27
870 302 33 39
927 260 23 22
976 282 23 22
1003 279 16 21
1015 291 9 9
1017 281 6 10
942 405 82 132
487 625 44 47
696 689 94 78
122 262 24 34
368 172 23 33
396 165 24 31
3 259 21 24
