208 335 17 23
200 362 23 23
159 373 21 26
230 298 15 13
261 356 20 25
290 326 16 24
296 279 15 20
318 289 17 16
344 290 16 19
349 338 18 17
344 365 20 21
381 286 15 18
406 298 14 16
436 297 17 15
420 344 17 21
414 382 19 21
482 359 19 21
462 290 16 18
493 291 18 17
482 331 16 15
531 287 17 16
569 287 16 17
542 335 17 18
601 290 20 19
634 290 16 18
676 295 18 17
708 277 17 17
655 317 20 20
601 314 19 22
717 337 20 21
612 364 19 18
670 364 21 18
546 381 19 21
609 439 21 24
724 457 21 26
760 444 21 26
248 478 23 30
289 504 20 28
294 462 18 29
247 455 19 21
778 490 21 30
837 471 19 28
794 455 20 29
770 270 17 20
827 328 18 20
822 352 21 22
752 323 20 26
