3 239 14 28
24 247 18 16
14 209 10 11
40 210 13 15
69 227 14 16
103 241 14 15
67 197 11 13
106 131 13 19
133 132 7 9
152 136 10 12
170 160 9 11
170 183 9 13
131 201 11 13
122 211 11 13
127 228 13 13
145 228 24 27
210 223 27 36
217 187 11 12
209 143 14 15
199 126 9 9
292 166 8 9
298 147 8 10
194 220 15 19
285 219 15 18
349 195 27 32
403 166 8 8
418 191 22 26
416 251 26 27
469 223 11 14
484 214 13 19
520 213 15 19
550 233 31 35
582 210 11 18
597 227 24 28
586 240 12 18
627 213 14 21
587 167 8 10
584 180 8 7
631 175 8 9
653 172 7 10
664 159 7 9
682 184 10 13
696 184 9 12
696 210 14 15
681 218 8 13
665 215 12 12
675 258 16 16
715 245 19 27
747 250 16 16
770 218 14 17
790 235 19 22
811 216 13 16
819 174 10 12
730 185 10 12
712 169 10 12
673 174 10 11
746 170 9 11
763 158 9 10
793 144 12 15
844 162 10 10
524 180 8 7
559 136 9 10
625 136 7 9
567 154 7 7
551 150 7 8
33 128 9 9
503 162 8 9
738 125 8 10
764 143 7 7
859 170 8 13
713 208 9 13
983 178 8 12
991 121 7 11
996 97 4 5
