891 254 54 59
962 245 36 43
83 192 10 12
56 196 12 13
0 208 12 22
5 170 7 7
0 177 5 10
572 194 12 14
995 185 13 14
995 232 25 28
719 193 27 30
826 206 27 30
660 244 33 40
592 194 24 28
689 186 14 17
634 198 16 18
506 194 27 30
503 174 16 18
475 182 11 13
495 172 12 12
409 182 26 30
386 177 10 12
299 203 27 30
337 171 14 18
349 186 16 15
324 161 10 10
331 206 17 21
288 160 10 11
228 174 23 26
346 299 59 74
791 350 88 107
320 285 33 47
130 199 23 24
94 233 30 30
195 226 30 32
161 166 9 10
156 161 8 9
113 171 8 9
102 178 7 8
