0 471 21 90
126 533 79 99
351 447 79 105
147 387 70 83
330 378 57 52
472 404 49 61
432 602 79 78
549 481 72 93
765 602 74 69
845 445 66 77
777 361 53 65
687 431 61 81
245 329 43 58
105 302 53 74
17 309 51 60
0 329 39 75
107 246 45 50
260 272 36 41
47 215 35 46
138 214 29 36
150 170 28 34
196 164 30 40
164 136 22 28
98 116 22 32
50 126 22 21
20 159 30 30
0 135 14 25
24 96 19 24
55 89 16 19
106 99 15 22
207 108 15 20
143 81 14 15
161 65 12 17
46 70 13 15
9 46 12 13
55 41 10 11
118 53 10 9
25 82 13 12
0 92 8 19
0 49 5 14
4 42 8 9
8 36 8 7
29 25 7 9
40 49 7 10
72 16 8 6
94 38 7 9
104 30 7 7
118 85 8 18
179 51 8 10
209 56 11 15
221 77 15 19
259 74 12 19
250 60 9 9
304 57 12 14
302 84 14 18
167 118 18 20
292 49 6 6
337 85 14 18
283 95 16 16
279 106 17 28
239 109 21 26
298 128 22 27
329 74 11 12
344 61 8 10
321 41 5 6
190 38 5 8
154 40 5 7
337 49 7 8
353 59 8 10
366 58 8 11
424 68 11 12
373 35 6 8
465 57 9 10
390 97 19 22
398 49 5 7
434 118 13 23
416 122 17 27
378 133 20 19
350 134 19 18
285 156 23 25
444 96 16 18
488 67 10 10
479 60 7 12
498 63 9 11
577 54 10 12
582 70 9 11
545 48 8 13
529 58 7 11
515 83 7 11
528 105 10 11
516 105 10 11
597 85 9 10
604 117 18 28
536 122 16 18
508 128 22 31
467 147 21 30
461 91 11 15
600 66 7 8
565 155 19 23
494 164 21 23
618 78 7 10
641 82 10 11
667 71 9 11
659 63 9 10
655 78 10 11
593 72 8 9
656 105 17 22
673 94 12 11
641 96 11 14
619 107 12 14
606 56 6 7
617 173 30 32
665 176 16 19
564 203 18 22
532 186 30 31
442 175 30 37
482 199 33 37
617 56 5 7
671 63 10 11
524 43 4 5
630 40 4 6
484 43 4 5
417 40 5 5
437 55 5 4
382 61 7 11
671 55 14 11
649 61 9 10
713 52 10 10
721 73 11 9
754 71 9 10
770 70 8 11
792 69 9 13
690 74 10 9
715 96 10 15
686 97 12 16
697 91 10 13
705 101 11 12
796 113 16 17
722 165 15 19
786 90 13 14
745 92 12 15
689 151 19 25
555 97 8 14
956 57 6 8
917 51 6 5
826 67 8 9
812 67 7 7
850 69 9 11
867 74 7 8
893 77 7 9
918 80 8 9
966 99 12 16
1003 100 11 14
979 115 11 16
1008 125 16 22
932 96 11 15
918 107 12 18
905 100 10 20
885 105 13 19
864 99 16 13
845 84 12 12
909 56 4 4
877 67 4 5
887 62 4 6
826 106 10 8
816 79 9 10
814 97 11 13
829 122 15 17
816 122 12 15
848 113 9 16
935 132 13 15
953 158 22 28
978 158 12 15
887 157 23 22
856 124 9 8
875 161 15 15
837 173 17 21
246 169 26 32
134 166 23 30
282 269 25 25
367 211 26 33
413 187 31 42
480 276 37 44
359 322 42 53
411 330 28 34
136 57 8 8
615 275 36 39
697 279 36 48
665 367 55 60
605 374 32 42
547 315 37 47
546 417 62 54
279 174 28 37
736 228 36 32
653 196 15 22
772 209 30 34
777 178 15 14
844 249 27 31
862 224 24 31
812 294 39 45
839 329 45 57
541 226 32 34
945 392 54 44
906 299 40 39
921 269 35 34
955 231 35 39
1017 202 7 19
899 254 16 17
777 117 11 10
996 48 4 9
695 59 6 5
513 43 5 4
592 64 6 6
353 287 36 45
475 322 29 47
760 40 7 9
1010 305 14 33
