49 256 51 46
45 186 34 39
208 210 18 25
258 275 49 64
239 141 10 12
252 131 7 9
392 140 11 12
445 190 15 19
420 375 79 89
425 220 32 41
493 188 23 26
490 224 38 49
601 175 25 29
671 252 40 48
666 178 17 26
511 148 10 12
605 149 10 11
767 233 39 43
566 140 6 9
616 140 10 11
560 136 7 10
703 154 12 17
652 158 11 13
640 166 10 14
722 159 10 12
733 146 8 11
751 145 7 8
761 180 28 38
850 205 27 32
803 181 14 18
906 206 44 50
931 169 17 23
959 165 17 21
862 335 65 69
936 368 88 164
595 119 11 14
531 126 13 15
961 140 10 12
887 147 8 9
661 135 7 6
87 147 8 9
72 139 8 10
107 140 7 10
