16 1042 14 22
30 1045 11 18
64 1039 16 20
99 1035 19 22
83 1035 10 12
146 1044 15 17
161 1021 17 21
210 1034 14 20
234 1035 13 18
264 1028 13 19
285 1025 14 18
318 1045 14 16
326 1019 13 16
338 1029 15 25
355 1031 12 15
398 1019 14 21
411 1028 16 21
485 1026 16 22
521 1046 14 19
534 1027 13 18
509 1014 10 14
563 1015 16 22
584 1013 12 15
611 1001 16 20
634 1029 15 17
670 1012 17 24
690 1015 14 18
739 1006 17 20
804 1029 17 19
846 1014 18 26
935 1037 18 20
988 1026 12 19
1009 1032 13 17
184 1029 14 18
