43 261 17 20
66 275 15 16
121 280 16 21
141 275 13 18
148 265 11 17
102 238 7 10
145 246 9 12
132 239 7 9
185 267 8 10
203 264 19 18
223 273 15 18
257 280 14 20
6 249 6 10
20 253 7 10
32 250 6 9
35 217 8 11
9 215 8 10
44 240 5 9
6 231 5 7
75 228 6 8
85 227 6 10
62 223 6 8
56 219 5 8
86 216 6 7
98 212 6 8
115 217 5 7
116 226 5 8
124 223 6 9
140 221 6 9
156 224 7 10
170 213 6 9
182 220 7 9
200 212 7 9
228 219 5 8
175 272 8 10
191 242 7 9
233 259 8 10
248 229 6 9
276 274 8 12
284 272 10 11
268 223 6 10
281 218 7 9
296 226 6 9
316 235 6 10
316 220 5 9
323 220 6 7
329 231 6 8
335 242 5 8
307 278 17 21
320 266 10 19
330 270 13 17
353 276 8 11
348 251 6 8
340 260 8 9
360 260 7 10
357 233 7 10
390 233 6 8
398 250 7 9
392 267 15 19
389 283 11 21
371 286 20 22
407 279 11 16
413 258 7 10
408 251 7 8
426 236 6 8
404 232 7 7
396 227 5 7
447 231 5 7
490 242 7 9
473 237 6 6
503 233 6 9
499 254 7 10
458 264 27 34
518 293 22 25
530 278 18 21
555 287 11 19
576 281 19 23
620 275 22 27
515 253 7 9
518 244 5 7
531 241 5 8
547 228 5 6
547 254 5 7
571 240 5 8
562 234 4 6
581 245 5 7
577 254 5 8
591 264 6 7
604 239 4 5
600 248 5 6
618 249 6 8
630 248 4 8
645 241 6 7
641 289 9 15
665 288 14 17
676 267 8 9
649 266 6 6
674 244 6 7
670 233 6 6
657 242 6 6
690 246 6 7
699 251 7 8
713 256 7 10
706 254 6 8
712 298 21 20
744 308 11 13
788 314 23 28
841 292 23 27
751 282 7 9
734 286 7 7
740 270 5 7
752 261 6 9
719 236 6 9
746 248 6 7
757 245 6 7
753 254 5 6
774 262 7 9
778 276 6 9
746 273 5 6
763 292 6 8
738 291 7 10
785 259 5 7
776 247 5 7
816 246 5 9
812 257 9 10
870 274 7 10
852 256 6 9
845 264 6 8
836 246 7 7
847 245 5 7
868 252 5 6
862 255 6 7
877 255 4 7
876 317 19 26
921 311 25 28
967 293 22 31
990 286 18 26
889 285 7 9
898 266 7 8
903 253 5 7
911 258 4 6
926 260 5 6
939 261 6 7
948 260 6 7
928 271 7 8
942 282 7 9
1012 287 7 9
787 274 8 9
366 272 8 9
369 255 5 7
456 237 4 6
758 270 6 9
61 240 6 9
