226 187 34 54
166 274 40 77
13 125 10 10
22 140 9 11
55 126 10 12
55 112 11 12
70 126 10 11
100 128 9 11
118 123 8 10
134 136 11 13
144 124 10 12
182 118 9 11
212 121 10 13
216 145 23 33
235 112 11 20
247 120 9 14
277 130 17 24
323 115 8 8
333 128 11 14
347 142 16 24
358 110 7 8
379 120 9 12
415 108 10 13
403 108 7 6
414 155 16 24
422 148 14 22
443 134 16 17
449 177 12 27
484 122 8 9
504 139 17 16
530 113 12 12
537 111 15 24
557 136 15 24
587 104 10 16
604 120 15 19
612 145 13 26
297 117 8 9
463 103 7 8
456 110 6 8
651 109 10 9
642 129 14 16
689 111 13 14
709 105 10 18
720 118 14 21
742 134 15 19
762 125 12 18
748 100 10 13
771 109 8 10
778 116 10 12
801 126 16 23
834 119 13 16
851 96 10 10
780 264 28 46
958 254 34 59
946 131 28 31
917 116 12 13
757 368 47 68
868 351 56 102
271 445 44 95
999 171 14 32
