235 326 10 13
211 340 7 10
203 334 6 8
183 336 6 8
173 334 7 8
159 338 6 8
149 335 5 7
137 337 5 7
127 334 6 8
117 339 6 6
103 341 6 8
92 333 5 6
581 326 14 20
596 326 13 15
615 334 9 14
623 326 11 15
634 328 14 18
658 327 16 22
681 329 10 17
701 307 18 23
730 337 16 24
760 315 17 25
824 295 18 29
875 300 16 30
946 345 10 13
966 346 11 14
994 310 30 65
15 338 4 7
60 347 4 6
82 343 5 5
261 336 5 8
284 327 12 13
278 332 9 11
296 333 7 10
310 330 11 14
345 336 10 13
367 326 12 15
380 320 10 12
404 319 11 15
416 317 13 16
434 326 11 15
451 323 13 18
481 314 16 20
497 318 11 17
531 322 8 14
536 336 12 16
546 324 9 15
566 325 9 16
837 339 11 14
228 331 7 8
252 339 6 9
776 356 10 15
