186 235 31 47
119 222 26 33
97 120 19 25
132 102 18 29
166 111 10 16
185 134 12 15
68 86 11 16
125 74 12 15
172 89 11 15
209 70 12 18
232 81 13 18
258 109 12 17
279 130 19 22
316 126 20 22
218 183 23 30
316 177 20 27
373 131 15 18
284 71 14 20
236 60 13 19
315 58 12 18
332 81 15 22
347 86 12 20
518 263 32 41
409 209 27 37
444 199 20 28
413 130 14 17
410 96 12 16
447 134 12 19
463 90 14 21
480 95 14 19
500 111 16 21
513 131 13 21
525 83 13 18
574 98 13 20
586 99 15 24
617 82 12 20
628 94 16 27
651 191 22 31
678 144 21 26
658 101 14 19
677 86 12 17
687 80 14 21
729 91 14 23
736 170 16 21
412 60 12 15
762 100 15 22
794 108 19 23
871 164 19 25
765 255 31 40
758 172 16 23
810 161 19 24
847 118 17 23
910 104 21 26
950 132 20 26
904 203 23 28
1000 222 24 36
1010 182 14 29
1004 99 14 22
481 130 21 30
570 79 13 15
85 35 8 12
794 86 15 16
869 125 16 25
272 87 12 17
246 48 10 13
