202 477 32 36
243 380 15 17
191 367 9 12
253 363 9 13
292 368 11 12
308 383 13 16
357 383 10 13
347 364 9 11
385 368 9 10
415 384 10 12
423 359 9 10
29 386 13 20
34 371 10 11
539 455 21 29
511 404 17 21
476 379 11 13
592 376 8 10
517 367 7 11
548 368 8 10
577 368 8 8
434 368 11 10
475 360 7 10
690 371 8 10
716 365 6 10
711 365 6 8
735 363 7 10
633 359 7 8
612 366 7 9
627 379 8 9
525 360 7 6
761 370 6 8
775 368 7 7
451 641 22 29
811 423 7 11
847 372 7 8
906 360 6 8
927 361 7 8
956 373 7 9
884 363 6 7
826 375 8 9
876 383 8 12
