131 661 35 41
244 601 31 37
36 598 42 43
183 469 36 45
15 468 36 32
416 616 36 36
382 680 31 37
359 432 37 39
268 337 37 43
140 345 32 28
140 259 30 33
1 335 20 27
1 232 30 36
170 167 18 18
49 146 31 43
206 47 34 36
337 94 35 39
414 56 31 27
392 244 33 39
374 281 32 29
681 36 34 37
633 43 31 34
631 159 22 19
681 167 21 28
882 33 26 39
958 198 28 29
925 231 32 36
843 225 36 42
871 324 40 40
703 340 31 36
574 382 31 32
671 222 36 40
530 249 26 25
469 356 27 26
476 486 28 26
633 478 37 39
817 459 36 38
972 464 35 36
699 597 39 42
907 577 34 37
1011 652 13 33
769 649 38 38
675 701 35 36
567 600 35 35
530 680 21 36
