106 123 17 22
22 101 21 27
38 111 10 15
75 113 10 11
206 113 17 22
247 100 22 20
328 110 20 25
385 118 15 22
462 118 17 17
162 124 19 18
284 115 7 5
408 123 8 10
544 131 20 17
586 125 13 15
622 117 18 25
659 122 11 14
683 138 13 16
694 125 9 10
753 83 31 33
877 89 24 33
820 107 10 13
850 107 10 12
786 112 10 13
993 97 19 22
953 115 6 8
528 133 6 9
539 130 7 8
53 473 14 27
16 507 10 13
141 492 13 15
203 493 16 8
336 476 11 17
416 499 17 19
427 482 11 16
470 461 14 18
845 438 44 48
736 497 13 15
552 496 17 20
614 479 18 21
679 484 15 20
767 504 8 10
895 469 13 17
968 459 15 19
1014 459 10 24
