826 165 25 31
699 163 23 26
599 151 24 25
790 168 12 13
738 175 11 14
495 172 16 18
552 158 9 13
426 151 16 19
353 149 15 19
266 127 16 20
99 144 14 16
145 141 11 13
959 202 6 9
1002 180 6 9
991 146 6 9
924 163 6 8
911 131 7 9
930 140 5 10
952 154 5 7
890 57 4 5
804 121 6 7
779 140 5 6
690 85 5 6
643 116 5 6
653 106 4 4
782 99 6 6
765 98 5 7
752 103 6 8
736 132 5 6
694 107 7 7
684 100 5 5
829 80 4 5
794 67 5 6
817 60 3 5
839 71 3 4
758 67 4 5
778 62 4 5
864 58 3 4
832 61 3 6
791 82 3 5
749 86 4 5
574 107 6 7
551 123 6 7
528 141 5 5
593 94 6 8
973 143 6 11
1010 130 6 9
930 105 6 8
945 86 6 7
948 130 7 7
1004 123 6 7
982 108 6 9
975 83 7 9
178 159 12 16
21 146 6 10
73 145 9 11
49 140 8 10
705 150 8 12
674 124 7 11
