48 256 20 25
174 257 19 22
318 243 19 22
427 266 19 21
450 266 20 26
491 266 17 21
522 259 17 24
580 263 21 26
663 230 33 37
713 253 19 26
809 260 18 24
838 263 18 23
865 263 26 29
935 246 20 30
461 157 13 14
554 172 18 21
668 159 16 22
818 105 15 16
840 46 15 16
789 24 14 18
835 26 12 13
791 63 14 13
864 13 14 15
815 13 14 13
759 10 16 16
652 41 17 14
575 89 20 21
573 27 17 18
629 12 14 18
469 80 16 18
510 141 14 16
466 134 18 19
415 142 14 15
406 161 13 14
377 24 19 20
382 107 17 22
301 53 19 19
280 18 18 18
292 164 18 21
525 102 13 12
430 73 16 16
357 135 12 16
246 170 18 22
156 94 14 13
174 134 20 27
111 170 15 18
188 104 22 18
254 142 14 14
346 97 16 19
141 174 15 20
228 27 14 15
192 31 15 17
258 55 15 17
71 148 15 18
35 129 16 18
132 73 16 19
103 104 15 15
353 175 17 21
