74 253 27 33
36 207 16 22
90 195 12 16
63 205 14 15
141 192 9 8
186 212 11 15
217 252 24 29
294 249 16 21
289 212 10 12
310 220 12 12
323 241 25 25
148 192 9 9
361 243 24 28
230 249 17 22
408 243 17 22
442 251 19 24
478 238 21 27
459 230 10 11
493 234 19 25
525 233 20 23
444 172 15 14
571 223 25 23
617 216 19 17
614 239 18 19
687 236 27 29
708 232 19 26
732 229 17 22
678 225 14 18
638 216 13 13
656 161 14 15
754 242 13 13
750 177 11 9
795 232 23 28
869 251 23 22
916 240 19 26
939 245 12 14
973 242 16 17
902 256 14 12
990 271 13 14
992 241 9 10
963 259 10 13
980 351 30 27
1002 376 20 34
847 250 11 14
830 245 11 14
274 259 22 24
217 197 12 17
244 210 11 13
548 225 16 25
41 250 18 24
