997 371 15 18
989 367 12 20
1005 357 9 10
981 359 9 7
954 414 10 15
953 394 12 13
946 375 5 10
969 379 10 9
929 383 9 11
901 371 11 14
915 372 11 12
877 404 12 13
882 452 11 13
864 388 9 10
880 374 6 7
843 367 11 10
834 394 11 10
872 366 6 5
950 374 7 9
992 354 5 5
879 388 10 10
821 384 9 8
810 395 5 6
828 395 5 8
817 375 6 5
795 388 8 9
858 356 6 6
752 405 7 8
741 412 6 8
719 423 7 7
725 409 5 7
724 385 8 9
769 374 5 6
712 397 6 10
736 416 6 8
787 368 8 10
698 388 7 11
698 379 9 9
686 404 7 10
729 423 5 5
691 395 6 7
675 388 9 11
420 253 25 25
483 264 25 23
534 268 25 24
591 287 20 20
650 305 16 20
314 363 11 12
281 358 8 10
240 364 9 9
261 381 8 7
220 366 7 6
206 352 12 12
171 347 11 11
185 360 5 5
133 344 12 10
71 365 10 9
35 364 10 11
110 368 8 10
