943 314 15 19
981 290 9 12
973 266 9 10
1005 266 8 11
898 289 14 22
917 318 11 13
987 308 12 13
924 335 12 14
855 273 8 9
866 292 7 7
750 252 6 7
741 258 6 6
773 296 7 10
785 305 7 9
513 318 7 7
492 312 6 7
483 318 6 8
426 329 6 8
412 319 8 11
437 281 6 7
403 289 4 6
386 285 5 7
370 296 5 5
406 340 13 19
473 345 11 13
302 332 35 45
332 305 12 14
707 288 31 40
640 280 16 23
178 314 10 12
230 316 5 7
248 314 5 6
241 335 4 6
240 321 5 5
207 318 5 7
189 321 5 6
165 320 5 6
136 328 6 8
115 340 11 12
117 323 5 5
90 327 7 9
41 333 5 6
3 308 15 28
994 276 7 11
436 318 7 7
45 323 5 5
100 320 5 6
71 332 6 7
660 316 10 14
662 301 10 10
