216 136 17 18
172 181 19 19
119 208 18 20
218 220 17 22
262 182 17 20
313 148 18 22
350 180 17 19
299 218 19 22
223 300 21 23
261 279 20 20
176 273 20 18
137 303 22 21
49 292 22 23
381 226 18 20
346 268 19 22
313 308 21 22
399 315 22 24
416 263 19 22
476 306 22 24
493 261 19 22
448 137 15 17
419 174 19 20
457 215 17 19
514 182 17 19
549 217 20 22
572 137 14 22
591 195 17 20
596 251 19 22
562 293 20 23
642 220 18 21
673 185 16 19
662 303 22 23
692 259 19 18
719 218 18 22
747 190 17 19
747 294 20 27
708 157 17 17
785 145 14 16
823 178 19 20
864 217 20 19
801 228 19 20
787 258 18 22
871 266 20 22
829 296 22 23
926 302 23 23
