19 129 12 16
34 61 13 16
8 5 12 13
68 10 13 15
103 76 13 16
121 29 13 14
158 5 10 14
186 62 13 14
163 87 16 17
79 154 13 14
137 160 14 15
224 128 12 15
13 198 14 13
208 189 15 15
73 212 12 16
141 241 15 18
202 263 16 20
224 489 22 23
128 448 20 25
36 408 19 21
44 293 17 22
126 337 19 19
199 375 15 19
292 431 17 18
289 289 15 19
280 221 16 19
352 242 16 17
372 345 16 19
431 257 18 18
422 182 17 21
343 154 16 22
279 132 14 18
415 129 16 15
332 64 15 16
392 72 14 15
445 49 14 17
283 45 13 14
219 9 12 15
415 6 12 16
464 625 19 22
338 557 18 21
392 464 19 22
510 518 18 21
620 570 20 26
561 422 18 21
472 384 17 23
521 306 18 21
612 343 16 23
683 470 19 25
721 383 17 22
809 521 19 24
793 307 18 23
769 636 21 18
968 594 16 21
994 486 19 19
854 439 20 22
473 24 13 14
533 43 12 15
510 68 14 17
471 107 12 15
522 126 14 18
490 147 12 15
497 210 15 18
578 235 16 21
637 194 13 20
568 177 15 19
598 138 13 16
645 104 12 15
582 94 15 18
611 72 12 17
685 83 13 17
747 92 10 12
732 126 14 13
684 162 13 17
756 178 15 18
716 221 13 18
687 268 15 17
809 144 17 17
822 262 15 20
854 201 15 18
889 163 13 18
909 142 15 17
973 65 11 18
930 302 15 20
969 244 13 20
996 206 14 20
1006 150 12 20
828 121 13 15
897 346 16 20
