32 399 26 33
31 434 26 33
96 392 20 27
109 443 20 17
114 461 18 21
124 537 24 29
124 498 18 19
171 452 23 32
200 536 21 27
222 496 26 29
129 636 25 22
233 625 26 26
316 511 18 23
304 552 26 33
310 438 22 20
312 473 21 24
213 411 21 31
281 397 18 22
338 392 17 20
164 404 21 24
27 326 18 22
24 289 17 21
66 262 12 17
79 304 16 19
99 332 23 28
121 312 17 24
206 344 19 20
184 280 13 14
220 308 14 22
268 364 18 29
287 342 17 21
231 293 14 15
281 274 13 15
322 255 13 22
310 216 14 19
183 215 14 13
133 221 15 20
88 245 17 20
44 215 16 14
60 204 11 14
133 166 13 13
229 157 12 12
242 145 13 14
167 194 13 13
265 137 11 12
249 125 10 14
299 144 12 15
362 153 11 13
372 170 11 15
372 324 14 19
73 136 11 13
104 174 13 20
199 245 15 15
31 263 19 15
215 195 15 16
404 204 13 17
345 300 15 22
388 279 14 18
407 279 12 17
429 290 12 17
390 345 17 27
413 372 17 19
318 165 13 18
418 172 9 14
402 160 10 12
92 131 12 14
158 149 9 13
158 96 13 13
399 397 24 22
423 494 24 31
384 569 26 29
478 576 26 37
473 646 30 34
538 618 27 29
658 558 19 23
540 542 24 22
573 578 29 23
522 463 24 22
525 410 21 28
578 404 19 19
605 448 24 24
713 471 18 24
665 429 17 22
701 587 23 25
692 659 26 30
456 427 21 22
479 394 18 24
531 377 21 20
545 343 17 20
540 320 14 16
471 350 18 20
486 264 10 13
511 253 14 17
556 277 16 17
601 293 13 20
643 344 17 20
618 385 16 21
651 399 20 22
674 330 15 18
733 373 14 19
725 330 15 19
825 346 15 20
704 256 14 17
631 241 14 16
600 324 15 19
814 467 18 21
580 474 21 24
738 261 11 12
753 331 13 14
501 350 18 20
582 184 9 12
659 208 9 13
604 211 11 10
696 223 9 14
766 258 8 13
481 155 8 9
460 188 8 11
510 183 7 8
792 217 11 13
804 193 15 13
815 178 11 14
889 235 10 12
893 291 11 11
905 258 7 11
907 312 12 15
971 319 13 15
927 391 15 19
922 356 13 17
857 328 17 20
796 308 11 13
862 224 10 11
767 677 27 32
855 664 25 33
911 629 28 25
978 630 31 33
790 628 31 34
876 510 18 25
982 501 20 19
998 540 21 25
876 414 16 21
892 457 20 20
853 431 22 19
654 604 22 34
727 681 33 38
31 529 27 36
770 533 18 27
809 544 24 29
910 540 16 18
163 299 21 22
371 648 21 26
875 586 16 21
607 674 27 33
478 523 15 29
151 118 17 26
13 92 16 21
472 231 10 14
484 210 11 11
405 250 10 14
605 227 14 20
667 262 15 17
26 351 19 26
722 427 17 21
712 517 14 18
657 484 13 25
640 487 18 22
560 167 12 16
661 158 7 11
953 276 9 15
917 217 7 10
957 226 12 17
920 522 18 22
256 174 16 22
295 183 15 18
697 153 9 12
704 155 9 12
772 445 16 22
843 428 16 20
388 298 13 15
974 374 16 25
992 357 10 19
