93 596 13 18
220 588 12 14
153 758 23 22
0 592 13 22
364 590 18 18
243 436 13 16
256 405 9 17
124 316 12 14
303 309 12 16
401 321 9 14
358 328 9 12
511 724 18 26
787 717 15 21
534 545 12 17
723 486 15 17
689 483 10 15
535 493 11 17
571 439 10 14
538 400 8 14
544 357 9 13
669 359 10 13
705 450 12 13
671 388 8 16
202 314 12 14
854 727 15 21
977 594 17 23
948 520 15 17
775 449 10 15
794 406 9 13
845 335 11 12
809 342 10 13
999 338 10 11
1013 408 11 15
834 202 10 11
795 200 10 11
748 196 9 11
571 293 9 11
446 206 9 11
241 193 7 10
184 196 8 9
0 249 13 14
0 278 7 16
96 130 6 11
37 101 9 8
31 108 6 9
645 133 8 10
696 138 7 10
680 112 7 9
636 144 7 10
697 89 7 9
723 92 6 7
45 48 7 7
113 15 7 9
131 2 6 8
125 9 6 8
149 52 7 9
878 87 6 8
851 88 5 7
823 87 8 8
285 83 7 9
253 86 7 8
224 51 6 8
337 7 6 8
242 21 4 7
396 6 6 8
430 5 7 9
372 32 6 8
518 47 6 8
421 82 5 8
366 85 6 7
501 98 6 8
505 30 6 7
333 119 7 10
986 195 8 12
942 204 10 12
918 204 8 10
224 235 8 11
959 53 8 10
973 65 7 11
942 101 9 10
688 6 8 9
661 7 8 10
819 8 7 8
773 10 6 8
507 172 9 12
642 164 9 10
647 52 6 8
348 197 7 10
384 201 9 10
757 84 7 7
