871 498 15 19
970 625 18 22
886 618 19 22
1006 516 17 18
1002 604 19 23
959 473 13 15
877 468 16 18
769 530 19 22
739 582 17 18
829 374 13 15
760 414 8 14
839 423 11 12
906 315 13 15
848 303 9 11
876 310 9 11
560 551 19 22
604 503 12 21
505 596 21 23
440 616 21 23
502 528 17 21
617 488 12 17
434 538 14 18
373 562 16 22
393 530 18 19
453 462 13 18
411 462 13 17
493 456 10 14
712 435 8 11
522 367 12 12
965 411 12 13
181 580 15 19
95 559 18 23
45 529 17 19
152 458 13 14
37 424 11 14
89 377 13 16
133 378 11 15
194 408 11 14
220 367 11 13
55 329 10 12
89 321 11 13
280 360 9 11
336 362 11 13
153 301 8 11
347 297 10 13
269 293 8 11
715 333 10 12
618 298 10 10
521 290 9 10
485 301 12 14
655 297 11 14
665 408 10 11
431 349 9 11
386 387 12 13
370 425 9 12
257 277 9 10
301 282 8 9
239 446 13 14
277 403 10 13
244 372 9 11
206 15 9 11
260 20 11 12
698 20 8 10
706 33 11 13
836 24 9 12
749 22 8 12
954 25 9 12
957 592 18 18
632 21 7 11
580 22 10 12
208 296 8 11
232 302 9 11
991 18 11 13
183 311 9 12
583 280 9 10
191 392 11 11
153 398 13 12
166 378 12 15
352 510 14 17
374 353 10 14
412 425 10 13
919 479 12 19
865 381 7 10
