95 624 47 44
344 582 34 39
230 615 43 42
213 520 32 38
212 557 34 36
139 499 31 33
156 490 24 37
36 506 34 28
0 464 22 39
90 438 24 34
339 457 20 32
232 455 18 28
245 422 24 32
125 438 28 33
158 468 25 31
443 513 30 40
382 456 27 30
467 428 22 30
387 571 33 45
499 582 29 36
467 636 34 40
319 405 24 26
357 389 24 24
362 413 19 26
289 420 30 29
292 370 23 28
268 466 25 35
559 535 31 40
603 520 25 36
542 473 14 33
502 474 20 34
56 376 24 28
118 361 27 36
193 334 22 26
192 359 25 26
176 403 28 32
224 399 26 26
11 395 25 38
38 325 18 23
16 307 19 22
28 287 19 22
4 277 19 24
7 259 18 21
38 263 18 23
102 268 19 19
107 291 22 23
179 290 19 24
155 268 19 24
204 300 20 25
242 304 21 28
254 302 16 25
280 302 21 24
308 279 18 23
333 296 20 20
338 317 15 23
308 332 18 23
321 351 20 23
203 257 19 22
218 253 15 24
298 250 17 20
355 270 18 23
332 264 15 17
265 263 19 21
128 583 22 37
525 381 24 32
379 337 19 23
388 318 18 23
470 317 20 25
496 310 20 25
434 265 18 22
373 279 21 21
394 258 16 24
394 306 18 24
430 242 14 19
409 220 15 21
424 217 14 19
375 221 16 22
362 234 15 22
337 231 15 17
457 201 14 21
443 203 14 17
499 219 14 17
485 222 13 17
516 241 13 17
549 246 15 21
529 211 13 17
432 319 20 24
495 355 22 27
524 358 18 23
486 412 18 29
402 388 21 28
629 640 31 42
538 614 30 37
804 617 33 37
790 465 25 30
865 453 29 33
881 561 27 36
722 489 23 33
962 576 31 34
1001 514 23 39
909 503 25 31
903 443 18 26
784 504 25 33
742 512 26 37
958 474 20 35
930 192 12 13
797 108 16 20
960 278 17 21
741 112 16 18
778 111 14 18
695 199 15 16
708 212 14 18
625 275 16 18
609 262 15 20
574 263 16 20
623 230 16 19
662 218 14 18
676 223 14 17
681 243 16 19
659 245 14 18
647 241 14 17
708 248 17 21
696 231 13 19
652 187 14 16
638 200 12 14
630 192 13 15
599 240 14 18
653 218 11 17
718 397 21 22
701 378 19 23
664 404 19 25
545 207 14 15
532 176 11 17
517 176 12 18
570 158 13 15
558 157 10 13
534 152 11 14
487 159 10 15
495 146 9 11
478 148 9 12
504 174 12 15
471 174 10 18
457 177 12 17
424 170 11 14
443 179 10 12
451 152 10 13
467 149 10 15
434 142 11 14
413 158 12 16
394 158 10 14
376 151 12 16
367 128 9 12
378 140 9 11
346 142 11 15
347 199 13 19
254 212 13 17
232 241 14 19
252 245 14 19
323 219 13 15
324 239 13 16
311 197 15 16
331 210 12 13
289 197 13 17
410 199 12 14
329 186 12 16
316 183 11 16
296 180 11 16
329 152 10 13
19 223 16 19
56 224 16 19
91 247 15 19
113 240 17 19
155 240 17 18
177 235 16 20
177 220 17 19
146 199 16 20
112 206 17 23
83 191 16 20
20 193 16 21
46 187 15 18
49 166 13 17
61 170 12 16
81 163 14 17
106 164 16 17
139 179 14 17
97 190 12 19
105 184 13 19
151 174 13 17
184 165 14 18
176 183 13 15
170 194 15 16
202 194 15 18
347 176 12 17
328 175 14 15
314 164 11 13
316 130 10 14
339 124 8 13
279 151 13 14
255 174 11 15
263 163 12 15
267 179 9 13
230 177 10 14
232 145 12 14
224 156 11 15
249 122 10 14
307 115 11 15
268 199 14 14
93 150 12 14
75 152 12 14
96 138 10 13
100 128 10 13
114 122 10 14
132 142 11 13
150 160 9 10
173 121 9 11
138 134 10 11
187 141 13 13
198 121 10 12
33 101 12 12
57 104 10 13
45 94 8 12
224 135 10 13
110 148 13 15
124 161 11 16
176 159 10 12
305 86 8 11
304 77 7 10
323 102 7 11
351 99 8 11
310 102 9 10
411 150 11 13
252 100 9 11
210 98 8 10
205 35 6 7
170 61 8 9
381 69 4 7
373 36 5 8
287 621 24 41
559 234 12 19
900 186 10 13
569 215 12 19
673 204 9 14
374 179 12 12
135 84 6 10
72 54 8 10
76 108 9 10
11 42 8 9
26 92 9 8
24 114 7 10
7 113 9 10
84 120 10 12
99 106 9 11
52 137 9 11
328 140 8 9
200 163 12 15
198 280 14 11
213 184 15 15
285 572 32 45
