12 404 34 52
45 275 69 53
282 169 85 128
501 180 64 96
14 76 58 93
693 107 72 114
139 121 33 40
104 105 29 32
119 62 25 34
163 57 23 35
143 68 12 12
97 52 18 20
102 76 16 17
90 101 15 23
15 51 12 24
27 57 5 9
15 40 9 9
24 0 10 14
99 22 9 11
152 27 13 15
168 37 18 18
192 35 9 8
196 41 15 20
83 18 13 16
71 19 11 12
320 5 7 8
199 24 12 16
90 10 7 6
79 0 15 18
136 33 8 8
129 22 5 6
131 28 8 9
129 7 7 5
241 124 24 25
207 67 23 30
230 117 19 21
269 113 50 52
369 63 36 54
338 19 6 4
388 45 16 19
415 42 14 17
403 49 6 13
438 22 8 8
416 20 12 13
401 27 9 8
375 14 8 6
410 89 21 21
481 43 15 22
437 46 15 13
487 68 23 26
515 57 40 49
552 65 14 21
578 65 12 16
598 71 6 11
658 50 12 7
655 16 19 28
670 20 16 27
689 20 11 13
699 19 6 7
706 23 7 11
730 25 20 24
734 9 13 13
685 51 36 38
658 57 13 20
673 52 9 13
671 67 12 15
589 94 13 13
609 83 12 14
764 54 13 21
769 40 13 12
778 1 9 8
781 6 10 8
659 0 10 12
700 5 7 11
806 8 9 12
846 24 9 14
858 8 12 18
773 58 24 33
805 56 17 22
790 34 13 16
831 44 16 24
878 32 21 26
910 45 14 11
811 99 28 34
840 76 46 50
852 147 63 82
961 96 48 51
920 105 25 30
966 61 32 24
917 66 14 17
910 20 6 10
593 147 7 10
422 13 10 9
454 21 5 7
