879 450 32 39
924 422 26 32
999 456 25 35
968 534 25 42
859 528 41 44
666 540 32 36
751 438 24 28
789 409 24 29
820 397 27 30
718 398 28 30
725 362 27 28
772 356 23 25
802 363 22 22
892 372 27 28
959 372 30 30
932 349 26 25
887 330 20 17
859 320 20 21
774 314 22 22
737 317 23 24
667 355 22 31
589 427 21 27
641 430 30 32
844 370 24 21
837 305 13 15
864 295 13 14
811 263 13 13
966 260 14 17
997 279 18 14
1002 299 18 14
969 307 16 21
985 335 17 17
718 303 18 21
693 341 20 18
672 334 17 16
658 325 15 16
625 329 21 21
610 349 17 23
639 371 18 27
680 504 32 23
748 506 17 27
745 302 14 13
682 307 16 17
645 274 13 14
609 265 14 15
591 263 13 17
641 261 14 13
694 259 12 9
664 293 12 12
629 311 21 14
583 376 23 26
589 494 22 31
908 267 15 19
921 272 11 14
876 352 15 22
694 369 25 28
676 420 18 26
960 284 10 14
992 433 21 22
444 437 35 46
418 529 28 35
298 459 36 45
304 432 27 36
378 397 24 25
388 424 27 34
408 452 28 34
535 511 36 42
531 435 24 29
543 372 28 28
512 360 22 19
516 333 20 24
434 389 26 25
439 407 27 26
467 370 23 28
425 368 19 21
444 364 20 17
427 320 23 25
469 318 19 21
325 355 25 23
544 329 18 27
567 318 17 18
329 438 31 32
282 342 25 30
470 296 18 20
388 290 21 18
334 305 22 22
372 339 19 29
278 303 24 24
323 293 19 20
307 303 13 16
296 283 18 20
265 286 18 20
255 256 16 20
284 253 15 15
321 259 13 17
369 258 12 17
390 253 13 17
423 272 16 16
457 276 12 17
469 261 13 14
346 247 10 12
647 241 9 13
660 240 10 12
619 248 13 14
482 249 13 12
512 251 9 14
524 260 11 13
563 230 11 15
615 226 11 15
286 235 9 9
312 251 9 11
417 225 10 11
416 253 10 12
450 241 10 14
550 290 12 18
295 403 26 27
335 489 28 31
270 498 23 34
152 424 28 34
142 491 28 35
212 477 43 49
30 471 28 39
19 472 22 37
9 414 30 27
52 409 20 25
132 390 30 29
170 355 24 26
193 397 17 25
234 386 20 24
223 365 21 30
206 308 21 24
195 298 18 18
160 307 20 22
97 320 26 21
54 341 23 28
47 315 23 22
28 288 22 21
1 328 20 25
27 344 19 20
42 391 16 22
75 367 21 27
129 354 18 24
138 364 25 24
99 284 21 21
85 278 16 16
76 249 12 16
12 255 15 15
139 300 17 16
133 274 18 18
86 444 30 33
63 490 38 39
197 277 16 18
208 243 11 15
185 243 11 13
195 235 12 16
29 245 13 14
241 321 20 19
239 346 19 19
225 434 29 21
50 294 20 21
0 271 12 20
488 295 19 22
494 393 30 33
918 227 13 15
924 197 9 13
945 177 6 9
979 227 11 13
987 250 11 12
972 193 9 10
1010 186 8 8
992 175 7 10
1017 168 6 10
980 161 5 6
950 160 7 8
915 179 7 7
777 186 7 9
766 203 7 8
702 239 10 13
767 158 6 9
754 187 8 9
801 165 6 7
703 170 7 8
709 291 12 16
86 155 10 10
30 177 10 12
72 201 12 15
69 182 10 11
75 237 14 14
38 237 13 13
196 218 9 11
289 208 8 11
247 218 9 10
216 219 10 11
218 233 9 12
351 206 10 11
332 231 10 10
243 197 8 10
303 193 8 11
341 267 16 17
277 248 8 11
379 249 11 15
465 221 12 11
444 201 11 14
429 204 8 9
516 225 11 9
526 239 11 12
535 224 9 12
492 257 11 11
656 211 8 10
683 247 12 14
699 182 10 10
731 194 11 10
755 168 9 8
789 188 9 9
224 251 12 15
164 467 33 35
246 258 13 18
