185 322 8 11
310 480 11 14
292 322 8 9
273 335 11 10
260 323 8 10
282 310 7 8
613 499 16 16
597 403 8 12
579 379 9 13
541 386 10 14
535 372 8 10
628 323 10 14
644 348 12 17
656 381 13 18
704 392 17 19
737 394 16 18
758 354 9 14
777 348 10 12
770 331 10 14
783 326 10 10
752 317 10 12
729 324 8 9
717 325 8 13
692 325 11 12
721 348 10 14
781 304 10 9
775 288 6 10
796 340 11 15
810 361 8 8
806 377 6 10
818 380 6 8
829 368 13 16
844 330 8 14
815 333 6 7
872 329 10 13
897 338 7 10
914 334 6 10
902 322 7 10
866 384 11 15
835 388 8 12
926 386 8 14
912 376 8 14
941 391 11 18
962 377 12 16
981 408 8 14
928 419 11 15
903 436 12 17
856 406 9 12
948 581 15 19
975 583 10 17
945 566 15 17
903 576 14 23
882 571 13 18
713 533 20 24
943 370 8 10
984 361 9 14
881 291 8 8
844 295 7 11
861 314 8 10
842 277 6 8
790 283 7 8
702 315 9 13
1010 395 14 27
34 1256 33 32
372 1237 29 44
964 1252 30 44
946 348 8 13
970 349 8 13
1002 372 12 16
931 319 8 12
875 377 10 13
920 371 9 11
938 468 13 21
16 561 15 18
66 378 15 19
57 315 17 21
301 474 13 17
3 422 16 15
11 443 11 16
21 459 13 17
19 493 9 11
72 459 8 11
45 433 10 8
114 468 13 14
125 464 13 15
207 442 11 16
189 351 9 13
218 330 8 12
236 350 10 11
284 355 10 11
314 338 10 13
172 346 7 8
224 394 6 10
285 396 8 13
351 385 11 11
334 393 9 10
376 470 10 20
398 498 10 17
429 529 14 17
493 516 16 20
545 519 15 20
506 375 10 17
452 346 10 10
480 346 13 14
506 350 11 11
480 368 12 14
504 330 10 12
516 331 10 9
538 331 8 13
550 331 11 13
552 318 10 8
451 332 12 11
477 320 10 12
202 324 10 14
