757 27 18 22
778 1 15 17
723 4 11 15
690 4 20 17
705 42 15 18
678 43 19 28
643 44 18 21
603 4 11 13
586 6 13 16
593 35 12 16
620 47 9 13
626 78 19 21
586 79 7 10
606 86 6 9
596 85 8 10
574 87 7 15
656 106 22 27
766 54 17 22
562 26 12 17
532 22 17 20
541 79 20 26
551 126 18 25
554 153 17 26
528 141 16 25
762 160 21 25
729 179 28 32
680 153 13 28
632 177 32 38
574 169 23 31
603 250 28 40
632 277 21 24
433 53 14 20
468 89 17 21
428 88 18 23
458 112 20 26
351 70 20 26
326 82 22 29
295 79 20 24
268 96 18 27
273 108 20 26
326 121 24 27
376 121 20 24
349 144 25 27
319 158 21 24
385 151 22 27
424 136 20 24
478 132 24 35
226 137 21 25
216 187 24 31
324 206 25 27
344 229 28 33
419 265 31 34
323 302 29 41
288 339 34 46
380 352 29 44
474 195 25 30
517 292 24 36
487 335 29 40
81 377 34 44
255 441 31 37
134 511 39 41
128 539 38 37
365 450 38 48
449 409 33 43
523 416 35 48
599 430 39 46
546 481 45 59
531 483 29 40
649 473 44 53
478 530 45 46
691 274 33 38
739 277 28 37
702 321 36 44
860 251 29 40
857 308 28 31
560 290 28 31
526 323 36 43
869 226 29 37
902 303 33 46
912 378 38 43
863 432 36 37
792 403 36 48
999 411 25 59
919 461 42 48
116 505 25 37
