1008 492 16 22
943 503 18 24
952 466 14 18
930 457 16 19
867 496 21 24
863 531 18 24
860 446 22 22
1002 355 15 17
937 300 14 15
817 375 16 19
781 367 17 17
997 273 13 15
968 302 10 10
982 251 11 13
988 240 9 14
888 309 11 15
761 325 12 13
682 391 11 14
698 448 18 22
557 492 21 27
558 538 20 27
483 464 19 25
483 409 17 21
560 358 14 12
560 313 13 17
468 350 17 16
404 341 12 18
410 325 8 15
352 365 14 19
354 385 15 16
356 448 15 20
352 436 15 21
370 498 20 19
311 489 20 27
323 463 19 25
510 445 12 19
572 441 15 17
436 358 11 15
386 326 13 11
234 385 11 15
221 436 14 20
166 415 14 19
100 365 14 15
65 404 15 19
23 470 18 26
233 533 17 23
217 488 19 15
63 545 13 22
89 536 14 25
37 385 12 13
171 337 13 15
118 358 14 19
86 245 10 11
142 256 11 13
65 231 10 14
785 241 14 19
704 232 10 10
778 197 10 13
760 194 10 11
856 210 7 11
721 355 13 17
684 302 9 14
156 548 20 22
