136 486 61 71
205 612 92 91
623 364 35 50
818 329 29 36
423 394 25 28
225 326 27 34
153 313 25 28
33 337 20 22
725 280 17 24
561 327 30 31
319 337 25 32
979 278 17 21
888 275 17 24
838 258 16 19
789 246 13 17
738 234 13 17
697 230 11 15
639 230 11 13
704 263 13 18
865 225 12 13
915 216 11 16
980 202 11 13
796 200 10 13
730 214 10 9
685 226 10 12
709 204 8 12
661 218 9 10
677 212 9 9
918 190 7 13
941 201 9 9
840 195 6 8
646 202 7 8
683 196 6 8
404 293 19 20
343 275 10 13
280 294 13 19
197 284 18 20
449 263 10 14
480 282 15 23
492 255 11 14
533 246 10 15
465 217 8 9
421 219 8 9
358 250 10 12
382 239 7 10
611 237 10 15
595 219 8 12
485 234 7 10
469 232 7 9
399 277 8 10
374 257 9 10
570 248 12 16
621 211 6 10
519 230 8 11
559 210 6 7
944 185 6 7
881 209 9 11
766 184 5 7
746 186 6 9
885 180 5 6
895 186 6 7
862 195 6 8
965 179 4 7
