937 329 77 99
918 382 41 75
778 365 70 70
876 267 40 54
752 269 53 64
843 246 21 29
742 258 19 25
739 238 13 13
950 222 7 9
920 302 45 74
647 300 48 78
606 274 50 70
548 342 49 60
549 297 44 46
484 393 53 65
527 295 28 49
497 291 32 47
441 295 48 63
509 240 14 18
399 347 37 52
337 318 51 67
326 282 36 51
363 255 29 36
432 275 16 34
271 282 44 56
195 313 54 60
159 299 38 51
47 333 60 68
109 320 37 43
198 254 33 36
75 233 33 28
26 278 47 59
1 404 69 89
151 245 13 14
184 230 12 15
116 253 13 17
411 239 15 24
555 243 10 11
563 228 9 10
528 241 9 9
543 236 9 10
545 223 10 10
556 265 11 15
533 255 9 10
443 240 12 13
571 246 12 12
904 500 50 95
