4 491 8 11
34 528 9 14
78 520 9 15
58 563 10 18
84 578 18 22
112 513 7 13
147 537 10 14
166 520 10 11
112 496 8 7
126 486 7 8
155 489 8 8
59 481 7 8
87 467 5 6
53 432 3 5
29 437 6 9
24 436 4 8
22 447 6 8
11 450 7 9
13 441 6 6
35 434 6 7
3 430 4 6
75 495 7 8
59 526 7 8
94 438 4 4
113 696 23 37
223 450 6 8
264 455 7 8
254 451 7 9
258 474 8 9
276 483 6 8
286 492 6 11
272 453 7 8
266 477 6 7
231 474 7 8
178 545 14 18
201 491 9 11
266 541 16 19
166 541 9 8
354 578 10 20
377 557 9 16
311 473 6 10
306 476 8 10
345 540 10 13
184 503 7 8
195 475 10 13
242 453 7 7
307 450 5 6
402 588 13 15
402 557 11 19
427 537 12 15
458 528 9 14
430 519 6 12
427 557 7 12
339 456 6 8
357 464 4 6
359 478 6 7
523 477 6 8
523 465 7 7
571 473 4 7
594 478 5 8
579 463 6 7
548 471 6 8
622 546 10 13
657 555 10 15
661 508 7 11
650 512 4 7
686 545 7 11
634 620 12 22
692 568 7 14
624 647 16 22
560 686 14 32
432 655 16 27
460 734 33 33
687 506 6 9
700 503 5 11
703 517 5 9
782 513 6 10
724 562 7 13
725 499 5 8
415 533 7 10
485 473 5 8
441 474 6 7
389 465 6 7
746 638 16 25
671 659 15 18
665 685 13 22
677 742 34 26
818 620 14 23
847 662 23 33
919 615 14 24
960 628 13 18
797 653 14 20
865 640 10 19
416 558 10 13
596 563 10 11
537 525 8 14
724 512 6 10
203 519 6 11
237 439 8 10
228 436 7 9
843 485 5 9
831 477 6 6
874 478 4 6
924 524 9 11
