960 254 37 38
815 304 37 42
742 267 22 28
683 272 36 45
683 195 31 37
633 245 36 39
557 258 31 38
851 133 37 44
458 285 40 44
301 268 38 40
227 275 10 16
223 244 31 39
77 251 28 35
16 292 31 34
1010 381 14 22
961 390 22 25
929 405 23 29
903 390 18 22
867 395 23 23
817 392 24 27
782 407 19 21
802 395 10 12
751 377 16 17
931 392 18 19
986 398 10 12
1009 414 15 22
716 402 21 25
706 385 17 24
667 380 18 20
682 406 18 20
650 417 18 23
630 398 20 19
633 381 16 20
604 392 13 20
582 386 19 22
573 416 19 21
557 383 18 22
519 397 19 23
505 423 18 21
499 396 14 22
487 388 14 18
670 347 9 11
445 393 22 23
392 382 20 23
374 414 17 21
350 424 12 16
314 420 17 22
308 387 19 24
271 374 25 26
256 383 19 24
234 398 19 18
190 391 24 25
110 374 24 25
55 394 21 23
164 380 12 17
228 384 8 13
215 386 8 11
72 375 9 11
47 372 11 14
18 406 16 22
0 396 18 26
9 386 14 19
880 382 10 13
82 365 6 8
97 367 7 8
191 375 8 9
182 368 6 7
252 374 5 8
