0 325 9 12
33 347 13 13
86 451 15 29
51 322 9 12
21 300 6 8
71 336 12 13
44 297 8 7
58 295 8 9
65 322 8 7
112 368 16 16
118 344 14 13
139 341 12 15
111 324 9 13
106 309 12 14
168 364 13 14
189 374 12 15
180 461 23 34
193 413 17 22
208 405 15 19
149 324 8 11
71 305 6 8
148 296 8 9
182 293 9 10
189 326 10 14
275 356 12 13
234 333 9 12
361 306 10 10
297 302 9 9
306 305 9 8
398 299 7 8
521 369 10 12
473 359 7 14
376 310 7 8
516 407 10 14
371 291 8 8
390 290 7 7
510 292 4 6
387 503 29 30
566 323 11 13
557 377 15 17
578 322 8 10
599 328 7 13
611 334 10 13
644 320 10 11
640 338 7 11
671 308 6 9
690 327 10 8
681 341 13 12
727 344 10 11
778 312 9 8
831 303 7 8
860 300 8 9
864 338 14 19
902 304 10 10
1006 335 17 22
943 315 9 10
