920 0 50 51
826 14 47 52
758 0 45 45
697 0 48 38
585 18 52 44
610 65 46 52
662 56 46 45
679 80 46 48
712 123 34 50
817 65 51 57
910 107 32 65
866 123 50 51
814 126 56 73
836 196 54 64
722 192 34 51
666 166 61 61
641 199 57 93
856 227 69 68
972 158 52 70
878 281 66 69
713 295 75 103
970 252 54 78
982 348 42 77
801 377 81 113
596 331 81 93
914 451 92 117
526 6 44 48
496 47 43 51
580 103 42 63
487 95 61 79
440 73 50 59
399 13 52 58
336 6 43 53
358 148 57 65
322 58 50 64
331 133 45 56
484 223 68 67
434 170 52 53
414 323 67 77
397 381 86 99
465 498 90 78
545 468 71 100
280 1 46 55
240 10 37 52
217 40 36 60
238 98 48 70
273 91 26 53
189 4 44 56
156 31 54 74
73 40 52 59
138 2 33 41
40 64 44 52
14 74 45 59
117 84 52 69
68 125 52 66
13 125 61 63
186 157 58 71
253 203 50 68
149 254 50 72
105 284 60 71
50 196 44 62
1 189 62 69
24 281 77 74
224 376 71 76
164 468 81 108
11 389 64 96
0 10 32 57
367 52 33 54
398 101 38 60
564 242 46 63
432 1 38 40
509 187 57 56
254 267 70 91
63 7 42 35
168 530 74 46
992 53 32 63
936 48 42 50
