31 314 12 16
78 310 11 10
115 298 12 23
169 304 21 26
194 316 20 20
291 309 19 26
374 314 21 31
414 309 18 30
469 308 13 20
485 322 18 24
549 298 17 21
595 304 24 35
688 322 15 23
728 310 20 24
758 334 23 27
836 324 16 26
886 294 10 14
975 293 22 28
865 281 7 8
634 300 14 25
619 296 12 25
562 310 13 13
580 302 14 17
514 307 10 16
527 312 7 10
493 299 11 12
487 296 9 10
444 307 9 12
403 298 12 14
373 297 14 15
345 320 8 13
331 322 9 15
344 301 9 8
309 295 8 8
301 293 6 7
268 305 12 15
249 314 10 9
259 311 7 10
229 318 8 9
223 297 9 9
138 304 10 11
63 300 5 7
148 297 7 12
192 306 8 7
232 310 6 9
155 299 7 9
331 295 7 7
286 290 7 7
