459 564 76 88
325 541 81 127
279 450 56 76
816 527 37 48
941 381 39 48
890 365 41 50
821 330 37 46
874 271 30 39
974 263 32 34
906 226 26 33
823 253 28 35
836 273 27 29
742 222 26 32
731 341 50 59
715 319 33 41
1009 192 14 29
973 193 14 19
850 195 15 17
873 182 17 21
856 173 12 16
787 188 16 21
748 195 18 18
710 203 19 26
767 163 13 19
696 191 19 17
709 172 10 11
749 166 11 12
692 245 27 24
699 267 32 28
689 214 17 21
663 218 28 33
635 228 18 26
620 197 19 24
659 347 51 58
585 301 42 54
584 265 29 32
608 272 18 30
544 290 32 37
525 373 42 48
434 335 45 48
461 268 29 37
426 274 26 34
402 357 47 52
275 344 30 43
176 321 43 55
243 290 37 36
194 261 31 39
293 272 29 32
385 250 24 27
337 224 30 34
247 246 28 30
257 230 24 33
304 221 21 23
282 226 17 19
287 192 14 17
296 167 19 22
253 169 16 17
327 163 15 18
351 196 14 29
229 162 15 19
194 231 30 27
182 197 22 24
90 243 29 37
114 205 24 27
91 198 25 30
113 187 19 21
58 180 17 16
37 165 21 22
102 158 13 15
9 146 11 19
50 147 14 16
547 166 13 17
378 166 15 15
519 165 14 14
595 193 15 17
662 183 16 23
