65 204 5 7
83 209 6 8
95 204 7 9
113 204 7 8
178 194 5 9
208 279 12 12
206 296 15 19
235 322 13 23
62 442 32 37
80 372 9 20
184 431 30 32
322 225 12 16
294 224 19 18
340 240 11 14
307 206 15 19
364 224 8 10
294 430 26 27
281 307 17 8
404 401 25 34
397 317 20 29
434 303 21 26
432 349 28 38
484 356 20 34
506 398 28 39
536 327 21 28
580 344 25 37
574 425 26 25
549 312 22 28
577 212 9 14
558 209 6 12
612 288 15 23
633 314 21 28
758 213 13 18
951 236 10 14
641 387 28 42
740 384 28 40
877 398 30 39
995 384 28 39
976 522 19 29
