1008 88 16 30
996 17 28 36
937 39 27 33
905 28 25 22
913 48 21 28
860 52 24 30
830 49 30 34
897 137 24 31
736 98 30 36
743 57 26 31
774 75 16 21
733 64 12 14
691 83 25 28
642 83 23 25
637 95 15 20
596 104 28 33
586 73 22 23
566 85 22 24
671 67 20 24
516 88 21 24
536 107 23 27
551 144 28 32
439 140 38 56
430 103 23 28
465 106 19 20
416 115 18 22
394 140 23 31
418 174 26 43
454 109 9 13
358 126 22 24
296 120 17 20
304 135 23 25
321 158 25 31
263 149 28 32
273 185 42 50
258 199 22 29
221 176 34 40
248 159 18 22
211 160 23 22
198 153 17 20
141 179 35 49
175 139 16 18
77 174 21 23
135 188 18 25
90 222 23 30
