40 450 26 26
116 440 23 29
118 497 30 29
95 551 33 32
170 460 22 30
239 477 25 30
272 512 25 30
332 539 22 29
375 546 27 36
433 561 31 35
30 318 18 20
63 356 18 18
111 351 17 21
158 369 18 24
190 373 19 28
60 310 14 17
113 327 18 15
161 336 16 19
197 312 18 19
149 303 19 18
106 310 16 16
12 146 11 14
28 141 10 13
38 157 9 11
61 155 9 12
22 226 12 17
30 245 14 15
30 260 14 20
68 265 13 17
103 247 12 17
120 244 12 13
82 223 10 13
165 259 12 17
51 183 9 11
77 181 9 11
119 178 12 14
113 151 10 10
188 280 14 13
222 255 12 16
229 231 12 15
250 217 9 13
261 194 9 10
209 289 15 20
234 305 14 16
313 294 12 17
324 266 15 19
426 270 12 15
252 274 14 17
293 250 11 14
293 230 11 14
336 216 12 14
274 318 16 18
347 325 16 18
427 305 16 18
445 258 11 15
346 245 11 11
289 432 25 25
312 404 21 19
272 363 20 21
390 387 23 22
402 419 21 26
459 421 22 29
478 387 19 24
528 365 19 28
584 443 24 26
639 403 24 32
585 376 17 23
516 325 14 19
542 308 13 18
477 324 15 17
676 361 15 20
613 319 15 18
571 307 10 15
597 349 17 18
513 299 13 15
407 515 29 26
520 488 25 31
495 424 22 27
689 434 20 25
603 528 32 32
683 552 31 39
743 576 34 39
838 544 27 43
835 623 36 39
824 488 24 31
738 454 25 34
848 436 22 24
488 617 24 34
556 625 27 39
653 656 33 35
993 631 31 43
916 504 25 33
944 453 29 33
992 432 27 30
948 405 18 21
872 419 19 22
967 577 34 41
916 372 20 26
946 365 19 19
784 372 18 25
784 347 19 21
746 330 16 18
710 325 14 16
848 348 15 20
902 355 17 19
909 313 15 20
967 347 17 18
1008 305 15 18
964 302 16 18
968 285 15 18
883 297 17 20
799 420 24 26
744 534 24 27
724 404 22 29
718 371 20 24
381 348 19 20
322 381 23 21
318 348 21 18
305 327 18 14
481 270 10 12
479 245 13 17
500 240 9 13
658 277 13 16
785 303 15 14
725 342 14 17
616 246 9 14
602 265 13 12
530 274 12 15
775 281 12 17
821 272 14 16
882 258 12 16
832 249 14 15
834 223 10 12
739 242 12 14
739 267 12 16
785 249 11 16
749 242 11 13
819 340 18 22
770 270 12 15
890 235 11 15
593 253 13 16
573 272 15 16
599 236 13 16
488 205 8 10
590 205 9 12
548 205 11 13
1001 251 14 14
926 258 16 19
959 258 14 15
932 203 10 13
876 193 8 11
984 224 9 14
942 252 10 16
957 225 10 13
808 191 9 11
793 183 9 10
767 185 10 11
828 193 10 13
843 393 14 13
672 426 7 14
626 401 17 18
1011 382 11 15
1012 354 12 14
919 332 14 16
854 329 7 11
679 326 13 21
642 348 16 18
651 326 11 12
696 367 14 15
557 359 9 12
889 380 11 15
727 293 15 18
948 331 13 11
864 282 19 13
912 303 10 13
917 294 13 13
908 256 12 10
922 247 8 11
934 245 8 9
914 237 6 8
922 234 6 6
867 241 9 12
855 236 8 13
848 256 11 13
802 244 8 14
765 236 8 11
709 230 7 7
704 227 8 11
693 222 7 8
676 254 10 10
700 283 11 12
710 264 9 7
689 256 7 8
677 287 9 9
649 251 8 8
647 261 7 10
621 271 9 12
636 287 9 9
538 296 10 8
527 247 11 11
561 236 10 10
570 241 6 7
578 243 7 13
576 234 7 6
569 216 7 9
673 226 8 10
674 240 7 5
687 242 6 10
720 219 9 10
730 237 5 6
738 233 8 7
661 236 6 8
661 223 9 8
628 245 7 11
601 223 9 8
622 288 12 16
975 177 7 8
1002 185 6 6
1007 201 12 10
1005 206 8 8
1004 218 11 10
1009 234 7 7
995 270 9 10
987 274 9 9
952 261 8 9
967 241 6 10
970 229 5 6
977 220 10 11
962 213 7 7
950 218 9 9
947 198 7 7
937 196 6 5
958 191 6 7
1011 183 7 10
988 202 6 6
1012 127 9 9
980 147 6 7
948 148 5 5
964 149 5 6
973 155 5 6
1011 149 5 6
954 173 5 8
944 180 6 6
925 178 6 7
935 163 5 6
915 153 6 7
921 147 8 7
883 156 5 5
892 202 5 7
914 201 6 7
926 197 5 5
922 191 4 5
900 188 6 5
910 182 5 6
900 177 5 6
935 180 5 7
866 191 9 12
848 186 5 10
851 187 6 8
859 146 6 7
888 150 6 7
842 149 6 6
796 148 6 11
782 148 4 8
790 151 6 8
807 148 6 8
767 143 5 6
779 184 6 7
768 211 7 10
748 229 6 6
637 219 6 8
640 239 5 8
529 195 5 8
725 179 6 8
738 183 5 6
746 182 6 8
734 146 6 7
704 142 4 6
696 144 4 5
686 142 6 7
669 143 5 4
626 136 4 5
593 134 4 6
839 139 6 7
822 146 5 5
586 164 7 6
603 166 5 5
615 168 3 3
630 163 4 5
676 173 6 7
692 174 5 7
701 176 6 7
569 157 3 4
515 177 6 5
517 192 7 7
506 213 6 6
505 232 6 7
517 244 7 8
530 237 6 5
471 235 7 8
450 270 9 11
434 233 7 9
421 238 9 11
460 217 5 7
470 214 5 6
470 223 7 8
482 216 7 11
476 218 7 14
499 194 6 6
508 196 6 5
503 203 7 7
468 196 7 7
449 207 5 4
452 179 6 8
448 174 4 5
456 173 5 5
444 169 4 4
480 176 5 6
497 170 4 5
454 132 6 3
429 184 5 6
425 186 4 6
428 211 6 8
420 220 6 6
427 176 5 5
430 167 5 5
318 238 8 9
315 252 9 14
331 304 14 16
391 299 9 10
392 321 13 14
476 297 11 14
499 280 11 13
444 296 12 17
539 249 10 13
383 211 11 16
352 197 9 13
320 192 5 7
305 191 7 9
312 178 5 6
337 174 6 5
339 182 7 9
329 165 5 4
313 129 5 5
296 163 6 7
286 204 5 7
295 211 6 8
265 218 8 11
400 281 9 10
405 258 9 11
281 272 9 16
262 336 16 16
251 255 11 10
217 222 9 12
211 207 7 10
164 221 12 12
162 207 11 10
110 218 8 9
135 217 8 8
141 176 8 12
152 175 7 8
173 185 7 8
177 158 8 9
240 197 5 7
272 181 7 10
277 179 8 10
343 194 7 8
225 190 8 8
205 188 6 8
215 182 6 10
196 160 6 6
225 166 8 10
245 170 7 11
152 160 10 9
97 177 7 9
350 221 6 6
363 215 10 12
356 243 7 8
360 241 7 10
126 141 6 8
82 157 6 10
80 217 9 10
71 195 9 9
20 185 13 13
151 213 6 8
166 245 9 9
130 168 7 8
141 157 6 7
90 157 8 9
52 147 8 9
251 156 6 6
261 157 5 3
246 162 9 7
253 169 5 7
258 178 5 5
235 184 6 5
238 170 5 7
355 173 5 8
230 137 5 5
221 136 5 4
192 126 5 5
153 133 5 4
164 119 6 6
209 125 5 5
239 121 6 6
291 129 5 6
295 122 4 5
338 131 5 8
321 124 5 4
314 163 4 6
306 163 4 7
343 165 4 5
381 169 5 7
382 180 8 10
388 185 6 14
416 187 6 10
386 171 8 11
384 160 7 7
458 193 5 10
308 171 6 6
271 140 4 4
250 122 4 4
260 117 4 7
267 117 4 4
472 174 6 6
491 178 5 7
469 161 4 6
344 161 3 5
355 160 9 7
339 122 5 5
325 119 4 4
315 117 4 5
289 115 4 4
277 160 5 5
272 160 4 4
266 162 5 4
320 170 5 6
221 123 5 5
249 139 5 5
269 130 5 6
141 126 4 5
127 125 4 6
112 124 5 6
308 125 5 6
140 112 5 5
120 116 5 7
127 117 6 8
134 118 5 8
183 153 6 7
188 172 4 5
205 174 4 5
184 204 8 7
193 197 8 8
192 233 11 17
228 153 3 5
209 156 3 3
214 142 8 9
241 128 6 7
206 119 6 6
434 332 17 19
340 485 20 27
