869 606 13 17
881 580 9 16
890 540 8 14
696 629 14 20
123 658 15 20
56 612 15 16
422 595 13 17
404 588 14 15
376 604 12 15
455 597 9 10
530 590 10 10
988 565 10 14
947 558 10 14
826 510 10 12
822 574 11 18
915 570 9 13
864 571 8 14
767 594 12 16
553 607 13 17
632 608 12 17
622 542 13 18
601 524 11 16
580 516 12 16
639 523 11 12
602 508 12 14
633 537 10 11
696 516 14 17
721 490 11 14
724 525 10 11
688 484 13 13
664 511 10 11
673 510 8 13
648 484 12 14
661 475 10 14
644 445 7 11
728 452 11 11
606 487 11 14
585 486 11 13
549 476 12 17
535 477 10 14
551 449 9 10
485 457 11 16
462 500 9 13
427 471 10 13
415 457 9 11
440 436 10 13
491 485 11 14
516 504 9 14
420 497 8 13
400 445 10 13
411 475 7 13
448 513 9 18
424 524 10 14
512 530 10 15
343 530 13 18
327 529 11 15
329 474 10 13
356 486 8 11
378 567 10 16
189 519 11 16
143 502 10 15
258 529 11 12
277 499 7 12
255 503 8 12
166 537 9 12
295 479 8 14
93 530 13 19
30 537 11 14
38 468 9 13
25 479 8 13
41 447 10 13
111 459 13 15
184 459 13 18
193 410 12 14
254 398 11 14
282 429 9 13
181 422 11 14
166 441 9 12
86 465 10 14
50 423 9 12
98 408 7 11
65 398 8 10
69 432 10 11
6 452 21 21
105 493 8 15
56 545 9 10
127 331 8 11
112 372 9 13
126 367 8 12
133 366 7 9
147 362 7 10
160 339 7 8
214 409 8 11
182 307 8 10
187 294 7 9
199 293 6 9
253 302 8 11
218 294 5 7
281 329 8 10
356 340 8 10
406 335 8 10
385 392 8 11
405 383 7 10
281 313 6 8
423 311 7 9
385 344 7 9
319 380 6 10
252 362 6 10
345 303 6 9
529 407 10 13
446 392 9 12
674 407 9 12
638 411 8 13
542 410 9 12
673 456 8 14
878 467 10 14
827 465 10 16
787 442 8 13
815 426 9 15
849 412 9 11
879 431 9 11
879 443 9 13
777 504 7 10
757 414 8 10
844 403 10 14
903 413 6 10
983 466 10 13
968 462 8 15
899 561 8 13
961 552 8 13
775 381 8 11
770 368 8 12
671 373 9 12
679 351 10 12
725 358 6 8
741 367 6 9
751 363 8 9
824 365 8 9
800 331 8 10
856 340 9 13
896 357 10 12
905 340 8 11
772 297 7 8
683 327 7 10
815 292 6 9
751 267 7 8
592 333 8 9
510 351 9 10
511 332 5 9
465 182 4 5
438 190 4 6
417 207 5 6
432 201 5 6
443 206 4 6
402 196 5 6
403 219 5 6
261 248 7 9
847 438 7 11
1011 459 11 16
922 702 14 19
793 670 10 16
663 661 13 17
587 214 4 6
651 237 4 7
642 241 5 6
262 145 11 11
112 514 14 15
828 378 10 15
775 310 8 16
968 610 14 18
901 472 13 18
19 377 10 11
338 448 11 16
353 425 12 13
375 417 10 13
360 458 11 14
152 356 10 14
359 497 14 16
435 531 11 17
564 556 11 17
80 565 11 15
264 539 9 13
18 267 8 10
75 307 11 12
