915 394 24 35
941 430 38 46
1007 452 17 31
927 506 28 47
842 568 51 69
709 610 59 44
731 503 40 63
693 508 33 54
817 341 24 31
757 416 31 38
666 405 27 38
671 350 21 32
713 347 18 26
835 352 15 22
729 428 20 34
545 531 56 61
550 420 42 51
466 428 40 50
497 442 36 42
478 391 24 36
435 559 61 76
359 436 44 61
339 550 47 61
95 498 54 64
185 532 53 68
52 519 46 63
202 471 50 60
331 613 50 41
170 397 34 50
278 384 31 40
230 412 34 39
298 424 18 25
756 464 27 32
844 433 23 27
907 175 22 28
665 313 16 18
621 301 18 20
671 292 12 13
624 270 10 14
658 275 6 9
574 307 12 14
494 281 6 9
411 266 6 8
222 308 11 12
212 312 11 12
147 308 11 17
179 297 7 9
104 324 16 19
119 314 11 14
463 302 10 14
