175 582 12 17
145 557 11 15
117 593 12 16
113 626 12 13
53 583 13 17
114 480 10 14
190 524 9 12
24 531 12 17
58 495 10 15
1 508 9 13
159 427 10 13
264 447 9 13
303 436 10 13
483 628 11 18
477 611 13 15
510 597 13 17
584 640 11 13
531 569 10 13
497 552 10 17
419 556 11 16
348 522 11 16
403 522 8 12
610 631 10 14
641 618 12 17
647 588 11 14
713 624 13 16
727 516 10 15
694 519 10 13
660 515 7 13
688 498 9 14
649 501 9 13
607 560 8 13
588 531 9 14
534 540 13 15
766 558 10 13
798 555 11 17
849 577 11 17
881 588 11 14
933 548 11 16
957 525 11 15
1010 579 12 16
925 497 11 15
895 522 11 14
872 530 10 15
788 508 12 14
853 500 9 13
758 510 9 13
726 490 10 13
743 472 9 14
814 499 10 13
773 476 9 13
816 451 10 12
369 519 9 10
439 504 10 14
515 508 8 11
527 489 9 10
487 447 9 11
529 452 7 10
551 446 8 10
568 443 10 12
455 472 10 11
468 439 10 12
525 432 9 11
349 502 13 15
326 474 8 11
1015 445 8 13
973 435 11 14
934 430 8 12
988 375 9 10
966 366 7 12
944 377 7 8
943 371 7 9
891 416 8 11
786 434 10 12
834 392 9 11
851 386 7 10
899 370 7 10
862 368 8 8
829 367 7 11
709 465 9 11
734 417 9 11
717 399 10 12
744 406 9 12
914 412 11 11
881 391 8 12
651 449 8 12
686 436 9 14
659 421 9 11
660 409 8 10
682 404 9 12
857 322 6 8
802 348 7 8
765 352 7 10
740 334 7 11
779 324 7 10
790 308 7 9
808 311 6 7
899 288 7 8
924 287 7 9
679 284 8 9
666 283 7 9
655 282 7 10
1004 287 6 10
996 246 5 6
964 250 5 6
949 249 5 7
940 245 4 5
902 249 6 8
879 270 5 6
827 210 4 6
815 204 4 5
849 210 5 6
843 218 6 5
866 213 5 7
760 208 5 5
728 185 4 6
706 183 5 7
183 359 8 12
221 361 7 10
241 381 9 12
251 341 7 9
423 426 11 12
451 426 9 14
533 414 9 12
537 392 8 11
334 405 8 9
302 410 10 9
559 413 6 7
508 395 6 7
419 409 9 10
566 388 9 12
504 381 8 9
659 484 8 9
615 469 8 10
626 465 8 12
616 439 8 11
628 399 6 8
617 387 8 10
259 399 8 12
266 371 8 11
126 338 10 12
171 337 9 10
210 329 9 11
306 361 8 10
280 364 8 11
297 347 7 10
186 330 8 9
369 420 8 11
394 413 7 13
318 378 7 9
339 353 7 12
345 340 8 10
346 327 9 10
307 327 7 10
234 346 7 11
360 366 8 11
376 364 6 8
402 361 8 9
447 341 8 11
412 345 8 12
423 318 7 8
473 372 10 11
441 367 8 10
476 361 8 11
480 340 7 9
358 332 8 10
407 322 8 10
453 375 5 10
430 364 7 7
512 368 9 10
537 372 7 9
419 396 11 11
591 425 11 13
585 393 9 10
700 388 7 10
626 374 7 12
509 357 9 10
597 404 8 11
509 422 7 12
497 337 7 8
531 321 11 12
529 364 8 12
568 364 7 9
560 354 8 10
525 387 8 11
653 399 9 11
636 419 8 10
583 418 9 13
640 389 9 11
613 350 8 9
618 269 6 8
192 380 8 12
550 385 9 12
656 368 9 11
743 312 6 8
109 299 6 9
115 272 6 10
170 522 12 14
844 476 10 13
494 436 10 15
473 412 11 15
497 394 7 10
370 404 9 11
479 513 11 14
625 523 10 17
601 507 12 14
210 309 10 10
232 307 9 13
313 299 8 10
294 301 7 11
428 333 10 13
391 305 8 10
397 326 9 10
419 305 9 11
368 389 8 9
370 443 9 12
346 312 9 11
318 345 8 10
205 335 7 11
462 330 9 12
449 318 10 12
476 384 8 12
464 399 9 15
363 340 9 12
329 326 8 11
286 334 8 11
245 303 8 14
354 476 8 12
470 307 10 11
363 308 10 12
610 409 8 15
589 455 10 11
607 442 8 12
590 436 8 12
654 435 8 11
430 518 10 13
429 476 9 12
391 389 9 11
415 392 8 9
585 342 9 13
590 371 9 12
86 284 8 10
188 270 7 9
207 280 9 13
166 266 7 9
145 296 8 10
281 258 8 9
274 257 8 11
282 273 7 9
247 251 9 10
260 276 8 10
146 228 9 11
159 254 7 9
197 234 7 11
64 238 8 9
74 263 6 10
33 286 7 9
55 256 7 10
43 220 6 8
30 221 6 8
60 221 7 9
101 223 6 9
119 222 6 8
123 203 7 10
339 273 8 10
408 229 8 10
207 260 11 12
195 253 11 11
508 242 6 9
358 259 8 11
314 391 9 15
173 295 10 13
157 302 9 12
166 374 9 12
461 354 8 12
521 325 10 17
717 480 9 13
845 464 11 15
703 406 11 13
396 496 11 15
390 452 10 12
387 346 9 13
317 339 10 11
333 419 9 11
477 403 14 12
893 394 9 11
983 414 9 13
