1004 417 6 8
956 420 6 7
923 403 5 6
895 405 6 7
933 424 6 9
933 450 6 8
962 450 8 9
958 461 6 7
963 477 10 11
955 495 10 11
951 517 9 11
947 513 9 10
929 511 9 10
989 554 16 22
886 507 8 9
903 451 8 9
881 470 9 10
872 456 8 10
856 432 6 9
835 408 5 5
807 395 5 6
804 421 5 6
768 420 7 8
768 430 8 11
753 445 7 9
774 459 7 8
819 451 8 8
805 488 9 10
845 505 10 13
779 500 11 13
752 482 9 9
871 562 16 18
913 561 14 22
811 570 17 20
727 438 7 8
715 421 5 6
695 429 5 6
703 444 7 9
665 439 8 10
661 398 5 6
626 469 8 10
694 487 9 11
708 476 8 9
611 426 6 7
604 419 5 8
604 465 9 10
611 489 9 10
585 493 8 10
570 450 7 9
560 435 7 7
565 381 4 5
547 399 5 6
542 384 4 7
528 382 4 5
514 375 5 5
507 377 4 7
494 405 6 8
500 398 5 5
502 431 8 11
535 433 6 7
529 448 9 10
510 458 6 8
521 470 9 10
547 490 9 10
491 489 9 11
481 466 8 10
447 396 6 7
454 410 7 10
471 394 7 8
471 372 5 5
433 399 5 5
416 423 7 7
418 435 9 10
452 437 7 7
398 425 6 7
377 430 7 7
387 439 7 8
412 369 5 5
431 365 4 5
383 364 5 6
365 364 4 5
360 386 5 5
400 367 4 5
416 367 5 6
280 362 4 6
296 363 4 5
312 357 4 5
332 355 4 5
343 388 4 4
341 431 7 8
335 413 6 7
325 437 7 8
345 450 9 10
371 466 8 8
399 464 8 10
412 475 9 11
398 483 10 10
364 490 10 13
295 398 5 6
274 399 6 6
276 418 8 8
248 403 8 7
255 446 8 9
280 454 8 10
288 480 7 7
317 494 9 9
333 475 7 8
259 480 8 9
237 482 8 11
173 371 4 5
187 371 4 4
220 389 5 5
207 387 5 5
18 402 5 5
37 400 5 5
37 383 5 4
69 395 5 5
63 378 4 5
80 378 5 5
100 379 4 6
117 378 4 4
58 444 7 10
85 439 7 10
18 384 5 5
4 457 7 8
2 476 11 12
93 455 9 10
137 459 7 9
104 489 9 9
78 514 9 12
40 511 10 14
131 509 11 13
170 442 7 7
201 449 8 9
219 453 7 7
227 479 8 10
200 470 8 9
201 477 9 11
192 486 9 12
166 477 7 9
152 485 9 13
228 508 9 12
260 511 9 11
248 528 11 13
40 582 16 16
83 592 13 15
51 598 19 19
2 616 16 18
15 651 19 19
129 654 21 27
159 639 20 19
157 562 11 13
154 582 16 21
210 582 16 18
241 549 10 13
295 538 10 14
338 536 10 12
361 535 12 15
291 558 10 12
341 578 16 21
332 604 17 25
346 635 18 24
281 631 18 25
303 666 18 25
388 670 19 26
493 646 17 24
451 537 11 10
413 587 16 16
461 602 18 24
536 596 13 18
541 562 18 21
585 594 16 17
601 559 15 22
546 530 11 10
573 658 19 20
675 580 14 16
664 544 14 14
706 557 17 21
714 591 18 18
770 620 20 23
786 588 16 21
830 626 15 18
744 555 15 15
722 540 9 12
740 525 9 12
559 513 8 10
660 520 10 11
729 514 10 12
1005 600 14 19
998 635 21 25
920 701 26 34
957 728 41 40
863 596 20 22
896 610 19 25
919 647 23 24
868 676 23 30
600 388 3 3
221 369 7 9
464 493 8 14
