0 450 72 76
173 166 14 17
183 162 17 19
167 142 15 16
223 144 15 19
258 138 10 8
250 130 7 9
281 125 6 7
277 135 7 8
293 133 8 9
357 138 13 14
334 130 9 9
339 118 6 8
67 204 21 25
81 267 31 41
302 302 36 56
457 111 6 5
470 123 6 6
480 123 6 7
578 148 9 8
593 151 9 11
456 140 8 10
577 110 6 7
601 103 7 8
593 139 9 10
687 141 11 11
691 173 15 15
714 154 11 12
731 137 9 10
742 132 8 9
782 128 7 9
734 150 10 12
784 145 10 9
825 134 7 9
844 172 11 13
853 185 14 19
835 185 10 12
825 194 13 14
716 277 30 26
941 206 28 21
987 152 9 10
1007 152 12 13
992 137 11 12
961 130 9 9
932 129 7 8
1013 125 8 10
863 114 6 7
870 115 5 7
879 102 6 7
827 119 7 7
