37 6 5 6
53 95 9 12
33 78 13 19
108 66 9 12
100 22 6 8
101 75 13 17
129 36 13 17
74 123 14 20
33 145 15 20
54 154 12 12
28 167 17 28
57 176 18 23
62 197 18 20
87 146 16 23
97 171 21 20
122 173 19 23
119 134 14 21
154 137 18 20
704 149 18 21
610 99 14 14
926 23 14 19
981 71 10 15
863 56 11 14
830 80 13 16
783 139 20 22
805 135 9 21
870 93 13 18
887 106 8 14
824 152 17 23
761 177 18 22
912 135 16 22
874 173 8 13
893 171 16 23
934 155 17 20
950 159 18 19
949 188 14 22
924 187 21 21
759 204 20 21
990 197 20 24
899 220 22 25
857 207 10 21
847 178 19 23
790 217 22 31
782 199 22 26
1011 154 13 22
663 292 16 14
153 218 16 11
178 130 15 20
199 145 18 18
212 189 21 27
190 104 15 20
184 99 11 14
226 91 13 17
198 75 10 17
247 109 12 16
263 123 13 16
229 55 7 11
284 26 14 18
306 153 25 19
302 210 18 22
300 133 18 20
295 179 20 25
339 80 12 15
337 41 9 13
188 61 9 9
7 93 8 14
6 64 10 10
20 2 5 6
0 79 6 15
378 148 18 20
413 236 25 31
409 188 13 20
416 119 16 22
470 112 14 19
542 99 12 15
555 126 17 19
477 168 14 13
498 163 17 22
568 206 18 20
450 185 20 27
492 190 15 18
507 260 24 31
437 51 7 10
459 70 8 11
447 87 14 16
489 90 11 14
599 98 14 17
573 96 10 14
597 80 13 15
606 128 12 14
636 103 14 14
582 135 15 19
597 144 14 17
612 145 16 19
626 170 17 19
608 208 19 19
665 147 16 17
642 81 8 11
686 18 14 15
666 95 7 17
737 108 14 15
724 127 17 20
637 208 13 21
673 184 20 22
687 157 17 24
699 208 21 21
440 169 12 17
266 86 12 13
588 203 10 13
985 138 8 13
809 90 10 10
390 37 10 13
170 90 10 13
522 100 11 13
840 106 15 16
