358 414 22 35
257 375 20 30
218 379 19 21
48 402 8 12
33 349 10 14
106 349 8 10
91 341 9 12
117 335 9 14
136 341 5 7
912 323 8 11
75 347 8 10
65 333 8 11
68 316 7 9
51 315 8 9
45 344 9 10
139 356 6 8
148 353 8 9
132 257 8 8
303 352 7 11
315 355 10 10
274 282 8 7
262 258 6 6
372 321 10 11
392 305 12 18
458 339 7 10
566 349 6 8
592 320 6 10
602 305 5 8
626 339 8 10
589 356 8 8
608 351 8 10
637 353 8 9
565 303 9 10
614 311 9 10
673 351 8 11
892 313 8 8
858 307 7 8
824 324 8 8
702 339 8 9
746 338 6 8
779 335 8 8
744 321 6 8
670 331 8 12
758 343 8 10
816 335 10 9
596 332 10 14
572 322 9 12
24 285 15 17
289 375 8 10
62 356 8 11
0 317 7 13
283 275 7 7
854 321 9 10
925 344 7 7
936 333 9 11
933 309 7 8
931 321 7 8
953 320 9 9
1012 311 8 9
895 331 8 10
