368 239 4 7
391 239 4 6
405 251 4 7
368 249 4 7
379 274 7 9
393 258 4 5
388 267 8 9
404 273 6 7
421 266 7 12
426 285 8 9
449 249 5 7
458 261 7 6
443 297 10 12
458 271 6 7
436 258 4 5
466 273 6 8
482 247 3 5
480 284 6 7
497 258 8 7
502 274 9 9
507 266 5 7
515 274 6 10
494 244 4 5
512 247 5 5
387 315 7 11
404 307 8 14
464 311 7 7
492 313 6 10
484 309 6 11
501 284 6 10
527 275 7 9
505 312 7 12
508 299 7 8
522 295 8 10
533 266 5 7
547 279 7 7
550 271 4 7
544 294 7 9
564 275 4 6
518 319 7 9
544 316 8 13
560 286 7 9
563 302 11 12
565 324 9 10
583 283 5 7
599 283 8 6
618 323 8 12
611 279 7 11
527 340 11 12
579 321 6 11
624 268 6 10
624 281 6 9
640 291 7 13
662 295 9 9
672 272 5 8
639 279 5 8
667 261 5 8
687 282 7 8
705 287 7 8
714 270 5 7
723 276 8 8
731 303 7 8
750 315 8 10
722 287 7 11
737 292 8 12
747 270 7 8
747 257 6 8
833 259 5 8
786 294 7 9
793 280 6 7
775 288 8 11
796 309 8 10
803 317 8 10
810 311 8 8
816 293 11 14
819 332 9 12
829 318 10 9
839 321 8 10
864 338 11 11
845 304 6 9
862 305 9 11
822 261 5 8
838 292 7 9
852 284 8 8
885 274 5 6
911 270 6 8
906 293 8 12
882 299 8 10
916 288 7 8
910 321 9 10
900 342 10 11
888 329 9 14
932 310 11 11
945 282 9 10
964 296 9 10
957 323 8 11
976 339 12 12
955 351 9 9
936 343 9 8
936 358 11 11
899 361 12 14
911 351 11 12
513 357 11 13
540 380 11 12
549 359 9 11
567 348 10 11
560 411 12 16
602 374 10 9
561 374 8 10
607 337 6 12
619 345 10 14
652 335 8 10
656 356 9 9
655 368 12 13
677 360 7 13
683 369 11 10
708 374 10 13
712 360 10 12
724 362 11 12
741 351 10 12
714 412 13 17
743 382 10 14
748 411 12 13
729 427 12 12
741 429 15 17
761 365 9 13
773 367 10 11
764 351 10 11
762 420 11 16
775 425 9 16
693 431 11 17
642 414 10 14
654 425 11 13
615 403 9 13
626 413 10 12
595 431 14 15
407 410 10 12
409 447 13 16
405 487 13 18
457 483 14 18
458 450 11 18
470 466 14 15
486 447 12 13
485 477 13 12
516 426 11 15
541 458 16 15
503 404 12 11
492 421 10 15
557 434 12 17
504 504 14 16
517 488 11 14
565 495 13 16
570 452 9 13
534 482 9 14
304 513 16 18
271 505 14 17
298 488 9 14
334 502 15 15
265 554 16 19
297 556 15 21
366 549 17 24
388 569 16 20
382 506 14 21
356 480 12 18
345 476 11 16
384 455 8 13
335 572 10 14
228 505 12 18
198 537 16 20
212 479 11 16
5 513 16 20
12 562 18 21
36 564 12 17
49 588 17 21
56 502 10 13
69 522 15 14
69 546 13 14
95 586 17 22
84 597 12 18
151 524 13 21
130 579 10 14
168 525 14 18
164 563 14 16
176 621 15 20
196 582 12 14
26 641 17 25
30 625 16 9
90 702 20 27
84 680 19 20
64 631 16 22
129 648 20 23
215 683 21 24
0 744 14 25
27 754 21 16
161 490 12 19
239 597 20 21
263 592 15 22
288 623 18 21
243 654 21 24
318 656 20 25
334 622 20 22
333 607 15 13
341 660 20 25
338 749 17 22
419 686 17 23
451 588 16 21
500 701 19 24
401 472 10 15
437 541 17 21
456 531 17 20
456 512 14 15
474 543 15 20
512 562 17 22
524 511 14 17
540 526 15 19
598 523 15 20
509 630 19 22
602 582 16 21
622 508 13 18
589 459 11 12
586 407 9 10
582 426 11 13
610 442 12 15
634 460 7 17
662 444 12 16
695 465 13 17
709 595 17 22
658 573 17 19
656 542 13 17
707 544 17 21
653 511 10 14
742 526 12 18
837 604 15 17
809 514 14 19
878 509 16 19
677 516 12 21
694 503 12 19
858 501 12 13
896 493 13 14
685 405 9 10
683 423 10 12
701 485 16 17
744 470 13 13
760 452 15 19
789 442 12 16
820 485 12 14
767 484 13 17
873 353 10 14
800 373 12 12
796 396 7 10
793 359 8 10
829 399 12 12
839 391 12 16
862 395 8 11
875 396 11 16
806 419 10 8
829 416 13 17
790 497 8 13
842 441 12 16
841 485 15 14
865 444 13 15
877 423 14 15
889 445 13 16
924 478 15 16
938 462 13 15
938 430 10 14
956 441 12 16
953 496 13 19
980 427 13 15
997 446 10 12
961 414 13 13
895 406 11 10
917 398 12 17
1008 463 8 14
1015 468 7 11
986 396 12 15
1001 419 10 11
939 386 10 13
992 380 14 12
1001 397 7 12
1008 293 8 9
1012 280 7 9
960 379 9 14
127 622 20 21
538 414 12 14
677 543 16 19
690 380 10 9
631 374 13 14
687 354 8 10
444 271 7 9
512 344 10 13
645 278 7 11
762 312 10 13
757 299 7 8
771 331 9 10
799 337 8 10
853 349 6 14
835 337 7 10
764 389 12 13
709 391 10 11
724 395 8 12
718 465 10 11
702 308 7 7
691 302 10 9
992 328 11 13
981 292 9 9
974 323 7 8
334 315 11 13
