3 444 29 42
0 493 17 42
3 564 17 54
82 551 32 59
63 480 42 50
49 434 31 42
40 493 18 43
94 395 22 42
138 463 34 40
170 445 27 53
159 529 35 49
203 488 37 53
269 456 37 54
152 402 28 42
190 412 29 31
275 392 20 39
288 436 27 39
340 472 35 44
345 510 44 66
259 545 51 68
298 536 39 51
509 573 45 56
484 580 20 52
524 504 10 47
554 515 44 57
544 481 38 52
417 442 27 47
380 479 27 54
311 371 30 37
453 378 20 40
505 394 30 43
515 455 30 35
442 327 28 39
544 298 24 37
502 244 32 38
391 256 23 36
326 255 19 27
341 277 18 28
306 281 19 30
247 266 23 28
239 303 22 41
194 307 21 35
108 285 27 32
133 230 16 25
87 245 18 26
50 249 22 25
161 290 14 21
196 230 18 32
408 362 16 29
693 492 37 66
895 534 53 75
949 459 38 49
959 489 28 59
980 382 34 59
902 373 29 51
995 315 24 39
950 240 22 36
912 235 22 29
854 207 32 39
765 238 27 41
964 141 18 25
988 173 17 28
1004 153 18 28
905 334 16 34
811 399 25 44
464 290 24 30
665 381 33 64
22 612 51 66
180 643 41 36
285 614 24 58
387 623 42 39
738 594 43 55
