609 463 20 20
560 435 19 24
499 409 21 21
557 418 8 10
529 406 8 12
611 407 9 10
597 401 9 11
655 406 8 10
653 403 8 10
574 404 8 11
540 481 23 25
456 406 8 10
441 404 7 10
463 401 7 9
541 398 7 9
512 395 8 10
401 405 13 20
385 428 8 14
287 404 18 23
348 421 10 17
359 409 7 10
388 423 9 10
335 418 7 11
861 372 25 30
983 480 15 14
1017 388 7 10
974 424 9 11
987 385 8 11
940 381 8 11
1009 432 8 11
942 435 11 10
912 432 12 14
826 435 7 8
800 410 17 21
239 416 17 22
178 409 16 20
189 446 15 19
197 425 19 23
220 412 12 11
126 418 21 21
80 384 15 28
71 392 11 23
415 180 6 9
363 425 9 11
519 416 8 9
494 430 10 12
422 419 10 11
887 41 8 11
887 21 8 8
909 24 7 8
831 16 8 10
669 401 9 12
728 398 24 22
593 4 8 11
