123 507 5 4
49 474 4 3
49 518 3 3
44 515 3 2
171 497 4 5
132 557 9 10
100 549 10 14
105 527 6 8
48 512 4 3
24 542 8 8
25 504 5 7
152 495 3 5
125 583 13 15
147 568 8 11
157 577 11 12
148 593 15 18
214 585 12 18
258 623 10 14
152 644 16 17
198 668 11 22
16 607 7 15
187 641 7 11
18 581 6 11
325 689 23 29
273 637 19 20
336 631 17 22
142 725 14 25
210 651 8 18
296 740 30 26
357 609 10 13
16 739 7 19
289 511 5 7
213 512 6 6
235 533 4 6
297 509 6 7
364 568 9 11
298 555 8 7
258 545 8 9
277 544 4 7
199 550 10 10
334 522 9 9
288 537 11 9
421 514 8 10
464 519 9 8
345 508 5 4
336 509 8 4
437 535 4 10
345 540 5 8
368 513 5 7
376 513 6 5
399 515 4 3
411 727 35 40
680 716 25 24
561 605 7 10
502 583 9 10
412 573 9 8
437 565 11 12
506 567 4 10
376 665 16 17
522 676 12 17
546 528 6 7
628 589 10 17
616 564 7 9
518 503 11 10
548 515 4 5
602 532 5 6
626 530 5 6
476 497 3 3
493 499 4 5
485 554 11 11
473 535 9 11
670 621 11 13
735 629 17 15
590 628 6 13
761 622 12 14
761 466 8 10
886 575 11 13
789 612 15 15
816 629 7 13
794 679 20 22
877 676 8 17
918 719 25 26
910 630 15 17
783 589 13 18
697 541 6 9
791 547 8 8
852 547 7 9
837 551 6 9
754 573 4 10
927 523 8 9
981 613 13 15
945 591 12 14
998 588 5 11
1000 617 13 13
1016 559 7 9
845 520 6 7
821 513 6 6
884 491 4 4
892 492 5 3
986 506 5 5
866 491 7 6
833 504 6 4
976 486 4 5
880 511 5 4
953 486 4 5
961 485 4 4
866 487 3 3
868 485 3 3
899 485 3 4
903 483 3 3
935 501 5 6
835 498 5 3
818 523 7 7
807 514 5 5
810 504 5 4
816 507 3 3
903 492 6 9
914 481 6 7
982 484 2 3
880 525 5 6
940 505 5 6
961 503 4 4
872 488 3 3
611 752 20 15
746 756 7 11
74 571 9 11
309 516 5 7
929 513 5 5
893 508 4 3
855 501 5 6
818 481 4 5
946 492 5 5
961 491 5 6
1007 492 5 6
912 498 9 8
921 498 4 6
853 479 4 5
875 476 4 5
890 482 5 4
885 486 4 4
839 515 6 6
844 503 3 5
830 491 3 4
922 483 3 4
543 495 6 9
470 509 4 6
441 508 6 9
501 516 6 6
482 507 6 6
485 492 6 7
511 485 5 7
533 492 6 10
407 520 6 10
627 538 4 6
635 528 5 4
546 484 4 6
553 484 4 5
507 484 4 8
402 504 8 6
354 507 5 5
502 500 3 4
362 517 3 6
375 503 6 6
331 507 10 12
334 501 5 5
134 514 4 5
167 508 6 6
138 503 6 8
133 524 7 8
133 499 4 7
107 495 6 5
81 497 4 4
179 510 5 6
162 497 6 6
177 493 5 5
146 485 6 8
75 519 5 5
30 464 4 4
43 476 5 7
29 491 7 9
37 508 6 6
21 490 7 9
21 503 4 8
55 519 10 14
151 479 6 6
849 580 8 12
807 489 8 10
887 564 9 11
677 472 7 11
607 505 5 8
366 538 6 8
210 493 8 10
193 503 9 8
220 565 8 12
104 626 9 14
234 624 12 16
322 577 11 14
331 589 12 13
