607 486 10 13
639 503 10 14
635 483 9 12
681 497 8 12
702 516 10 13
720 502 11 12
719 473 8 9
705 457 9 10
689 486 8 10
571 490 9 11
557 473 10 11
525 471 11 11
751 477 11 12
780 476 9 10
795 482 10 11
815 482 6 8
826 497 8 10
840 491 10 12
858 499 9 12
906 513 10 12
957 503 12 12
971 474 10 15
864 463 11 14
894 494 9 11
477 519 11 14
500 492 11 13
465 494 9 10
428 510 11 12
400 512 9 10
381 495 9 12
399 472 10 12
432 463 7 10
398 461 8 9
547 493 9 10
485 478 9 12
457 470 8 10
493 469 8 9
388 455 7 10
376 455 9 10
349 487 7 10
327 532 9 10
304 475 11 12
315 446 8 10
288 452 7 10
267 454 8 9
253 452 8 8
250 438 6 9
260 436 7 8
277 442 6 8
276 426 7 8
246 478 10 11
282 482 8 9
220 486 10 11
245 537 10 11
338 451 6 8
389 429 7 9
370 447 8 9
425 429 7 8
366 431 6 8
231 458 8 10
236 437 9 10
220 441 7 9
198 518 10 11
160 495 8 9
148 494 7 8
129 504 8 9
106 509 8 10
176 454 8 10
200 457 8 11
205 440 7 8
186 439 7 9
170 440 7 7
163 452 7 8
150 456 8 9
132 444 8 10
151 439 7 8
167 432 6 5
139 434 7 7
95 465 8 10
116 460 8 10
175 419 7 8
197 429 5 7
206 392 7 7
219 390 5 7
249 354 12 14
149 401 8 9
127 391 9 10
108 393 7 9
820 386 8 11
807 371 7 7
776 383 6 8
758 385 7 8
756 368 6 6
740 390 6 7
722 391 5 6
757 428 8 11
734 429 8 9
702 377 5 8
702 355 5 5
670 390 8 8
692 387 5 8
657 386 6 7
646 394 6 6
650 362 6 7
628 360 6 8
618 365 6 9
603 363 6 7
597 352 7 8
579 365 5 7
541 375 4 6
556 359 5 7
572 354 4 6
539 358 5 7
516 375 5 7
513 356 5 6
531 354 4 6
533 388 6 8
546 395 5 8
287 370 5 5
309 368 5 7
329 365 6 7
343 359 4 7
297 414 6 7
313 419 5 7
304 428 7 7
272 411 6 7
186 392 7 7
207 419 6 7
487 397 4 6
448 402 5 6
402 400 6 8
410 430 6 6
460 352 5 6
473 351 4 7
443 353 5 6
428 353 4 6
435 353 4 5
482 356 5 6
499 356 4 6
296 368 6 7
368 353 6 8
170 393 7 8
163 391 7 12
207 379 5 7
703 470 7 8
811 501 6 8
828 515 7 8
473 589 13 13
614 418 13 19
79 469 8 8
94 421 5 6
131 420 8 12
100 425 7 10
92 434 6 8
83 434 7 9
98 443 8 9
123 437 8 11
119 450 8 8
82 397 8 10
317 366 8 9
459 423 7 11
442 508 10 14
383 418 11 14
293 438 9 10
968 439 11 13
866 433 9 13
928 484 12 14
151 416 10 14
218 336 6 8
278 368 7 8
221 365 7 9
225 437 9 10
306 408 9 9
570 398 9 10
505 403 8 11
