19 282 17 18
87 297 18 23
44 322 23 24
154 285 22 31
96 277 15 19
152 266 12 19
126 279 13 11
221 277 12 16
202 288 11 11
358 325 28 34
440 314 18 22
483 296 21 26
359 277 14 20
416 292 9 11
574 297 9 14
602 293 13 15
661 308 14 18
718 299 14 19
678 302 11 12
619 293 8 10
639 296 10 11
653 293 9 11
680 287 7 10
710 299 8 13
704 295 7 12
738 297 11 14
761 282 14 18
804 289 8 11
817 290 10 13
955 283 15 16
143 271 13 15
175 275 11 18
189 292 8 13
196 293 6 11
217 283 7 9
306 300 4 5
292 326 7 10
301 336 6 8
313 312 5 8
308 302 7 7
435 301 11 11
445 266 18 13
482 271 11 11
628 291 7 9
616 284 5 6
623 284 5 6
641 289 5 5
666 297 4 5
590 282 9 12
563 286 13 15
926 297 7 9
1010 286 11 17
755 289 6 8
880 299 9 11
888 296 7 9
897 292 7 9
630 274 6 8
456 288 12 13
427 296 7 8
429 286 11 12
508 288 14 20
524 289 10 16
548 299 14 17
