192 112 22 31
229 135 19 23
63 97 5 7
75 89 11 11
72 104 16 23
119 91 7 7
123 111 18 21
146 100 10 14
177 97 15 19
227 97 6 9
233 106 13 14
55 84 3 3
345 139 20 27
321 96 7 6
365 98 10 12
383 88 7 7
383 118 15 23
424 88 14 20
464 41 22 29
524 58 41 57
577 107 7 7
638 104 6 8
656 99 4 6
740 116 11 14
765 106 8 12
681 115 9 9
690 121 12 15
714 118 12 15
727 129 13 15
776 115 12 12
773 140 13 15
694 100 6 6
709 103 7 8
715 92 4 3
715 96 5 5
703 93 4 4
805 117 9 11
824 110 8 10
798 110 8 10
845 99 6 5
837 107 7 7
861 104 5 5
877 107 6 8
885 103 8 9
871 112 5 6
887 74 4 5
888 131 14 15
988 106 7 8
1013 112 7 8
989 92 3 5
947 87 2 2
818 128 10 13
845 123 7 8
15 99 5 9
39 84 5 5
32 93 5 7
21 91 5 9
138 93 6 9
95 103 10 16
213 95 6 6
32 211 50 52
668 110 7 6
413 92 9 11
582 94 4 5
840 89 4 5
943 88 3 3
976 85 3 5
967 84 5 3
245 105 7 10
349 110 5 5
331 126 7 12
249 93 6 8
102 133 33 41
173 98 8 9
219 98 5 7
