10 586 22 24
121 559 19 23
147 571 27 33
182 574 22 28
178 547 22 25
224 543 21 26
246 548 19 25
248 518 17 19
69 529 20 25
93 529 14 18
24 546 19 22
36 525 16 18
30 490 15 17
49 470 14 18
15 475 14 15
4 495 14 19
28 467 13 17
165 531 18 25
151 514 16 23
144 502 17 24
117 490 16 21
181 471 14 20
222 470 16 20
211 491 16 24
249 496 16 20
74 490 15 19
158 460 12 16
143 464 13 19
112 442 9 13
115 425 13 14
3 451 13 15
31 436 11 14
204 431 11 14
205 450 14 17
186 456 13 13
173 448 12 14
163 425 11 15
274 483 18 22
270 518 15 19
260 558 27 34
53 433 10 12
71 468 10 12
312 571 20 25
321 532 21 22
313 526 15 21
289 533 17 21
327 487 15 22
310 491 13 16
277 451 13 16
392 467 15 19
349 486 16 17
351 509 18 22
352 535 20 23
360 561 22 29
383 526 20 26
369 513 14 21
396 499 15 19
431 516 18 24
417 562 19 28
423 550 21 25
437 559 25 35
498 551 23 27
472 502 18 22
506 519 20 24
519 490 18 25
496 481 18 20
479 467 18 21
451 459 14 19
444 462 10 12
373 448 14 15
354 471 13 14
296 426 10 13
283 423 11 12
248 426 11 13
289 440 11 15
450 443 12 12
435 450 14 15
507 456 12 14
516 439 11 14
498 442 13 13
469 436 13 15
538 445 12 13
536 469 18 18
539 487 14 20
536 542 20 23
626 561 20 25
587 548 23 29
568 503 14 18
623 538 21 24
555 590 25 19
682 538 23 24
658 545 17 20
808 553 30 36
762 550 21 26
780 509 17 23
775 474 14 17
678 477 16 21
716 492 16 24
615 473 18 21
587 478 14 18
555 447 15 19
595 446 13 14
612 456 14 15
628 461 18 20
661 447 12 13
676 464 14 15
633 498 12 16
644 496 18 23
617 510 15 19
743 464 13 15
737 485 13 18
808 484 16 22
683 567 18 24
659 462 13 15
381 486 12 16
114 463 11 13
125 460 10 14
13 434 10 11
227 445 11 16
672 441 11 14
484 546 21 24
561 542 21 20
98 513 16 19
826 511 19 22
1003 489 16 18
994 518 19 26
1015 558 9 29
