175 435 18 23
143 427 17 21
47 473 23 25
134 481 24 29
321 448 24 30
359 454 23 28
396 466 22 26
391 535 29 32
287 430 17 20
308 413 14 21
273 412 18 20
353 391 16 21
386 392 15 21
342 424 13 20
399 427 15 23
419 434 17 26
426 395 14 21
258 439 17 22
233 434 15 21
201 430 16 20
202 457 15 21
12 440 17 21
39 382 13 17
8 364 10 13
75 365 11 12
186 409 16 18
234 392 14 14
216 388 11 14
252 398 14 19
268 380 13 17
282 379 12 15
310 378 11 14
326 395 15 17
350 370 10 14
247 373 13 17
265 368 10 11
296 377 9 14
131 395 13 20
191 364 10 14
177 352 8 11
162 347 9 10
196 357 9 9
172 390 11 15
236 355 8 11
264 362 8 10
281 370 8 11
287 364 8 10
144 357 7 9
210 358 7 8
636 544 25 31
598 490 26 32
639 484 24 30
682 481 25 30
510 501 25 29
545 474 19 24
568 493 21 27
516 467 24 28
475 466 25 26
445 473 24 27
486 424 17 21
517 417 18 23
536 427 20 22
555 443 21 21
582 416 19 22
610 407 14 17
638 401 16 21
670 403 23 23
662 476 18 20
744 444 16 23
755 511 29 34
502 406 14 18
563 414 16 19
549 416 13 17
414 380 10 13
470 389 10 13
483 391 12 16
520 385 10 14
489 374 10 12
496 367 9 12
487 361 8 9
446 361 8 11
449 346 7 9
475 349 7 9
394 383 12 16
384 357 9 12
412 362 9 12
403 351 7 10
353 358 9 11
341 351 7 9
290 348 8 10
354 342 5 6
323 339 6 7
590 389 15 17
565 391 12 14
579 367 12 14
603 367 8 11
635 375 9 11
648 375 12 14
615 374 8 12
686 385 9 12
690 400 8 12
703 399 9 13
678 360 9 11
702 359 8 10
680 347 7 9
696 351 6 8
747 370 10 14
732 369 8 12
589 354 9 12
596 348 7 10
580 343 7 9
570 339 6 7
564 369 10 11
516 356 8 10
503 348 5 8
458 435 13 17
596 465 23 28
613 436 19 27
627 427 16 22
855 537 28 31
954 525 28 27
803 491 22 28
892 488 19 26
971 452 20 25
838 406 16 17
859 403 14 18
896 406 13 18
916 403 13 16
949 402 12 15
949 392 11 14
839 461 25 28
855 453 23 22
993 373 10 12
1014 379 10 12
1004 422 17 18
991 442 15 24
1010 444 14 22
979 372 9 11
971 380 8 13
933 383 8 10
822 379 9 12
799 399 12 15
815 418 12 17
787 369 12 13
850 372 9 13
946 356 6 8
960 362 6 6
975 363 7 9
986 347 7 11
857 365 7 8
846 353 8 8
814 354 6 8
805 350 7 8
866 367 8 11
881 369 7 8
862 389 13 20
922 432 13 20
1007 347 8 10
638 361 7 8
657 353 6 8
624 354 8 11
778 369 8 9
721 345 6 6
727 358 8 8
722 377 9 9
426 346 5 7
331 371 8 9
444 338 6 7
487 343 6 7
459 348 5 8
32 350 6 7
50 350 5 6
186 356 9 12
15 391 12 12
202 407 12 16
264 402 12 14
876 447 16 20
941 433 16 20
204 369 8 11
217 352 7 9
228 343 8 8
153 381 10 9
445 378 9 8
376 338 8 9
549 401 11 12
705 342 10 12
652 341 7 10
870 344 5 7
869 383 10 11
981 477 26 27
935 419 10 9
821 464 23 21
