33 138 13 17
86 129 9 11
127 119 8 14
152 118 9 14
161 134 10 13
124 152 10 12
110 161 9 12
82 172 15 22
146 194 18 23
201 101 9 12
224 123 8 11
221 136 12 12
233 139 13 15
192 130 10 13
163 156 16 18
203 157 15 22
242 159 17 23
240 106 8 12
238 92 7 10
227 103 6 6
279 146 15 18
298 172 15 19
323 150 11 17
324 94 6 12
367 100 5 8
349 130 6 9
358 130 9 11
352 176 16 23
367 134 8 9
378 129 10 15
369 150 11 17
398 166 14 19
390 157 10 19
446 156 15 21
447 213 19 22
469 149 11 17
494 122 8 10
512 123 4 6
498 142 8 14
504 165 14 17
478 172 7 11
321 108 5 7
439 86 8 10
419 80 8 10
473 107 9 12
480 98 5 8
542 159 11 18
581 169 15 19
604 92 7 9
613 87 6 8
608 110 6 7
613 119 7 10
597 144 9 21
619 169 15 18
636 108 5 7
633 129 9 14
698 132 6 9
651 128 5 6
730 171 15 19
674 164 13 13
704 155 8 11
703 118 7 10
688 114 6 10
807 138 6 14
815 130 8 15
656 152 6 15
781 103 7 7
749 88 6 7
777 169 18 20
843 168 15 22
872 155 15 17
904 135 13 13
971 139 13 18
903 148 18 22
977 168 17 22
854 127 6 11
908 108 8 12
