957 331 31 33
909 335 31 35
1004 347 20 40
909 496 35 41
868 373 31 39
754 480 40 42
747 374 32 36
711 360 28 34
924 602 49 55
787 533 34 45
823 641 43 44
421 561 63 63
321 555 48 51
221 557 54 62
538 472 51 59
164 463 49 54
83 531 63 69
333 396 43 50
381 423 41 51
381 368 34 45
190 377 34 38
110 397 39 35
90 368 28 31
1 476 33 52
71 265 23 22
198 293 16 16
236 285 17 20
237 251 14 18
30 256 19 20
44 319 29 37
5 289 21 27
53 214 11 12
106 213 12 16
978 297 21 23
946 277 23 27
918 217 12 16
873 227 6 11
844 220 13 14
892 242 14 14
540 368 25 29
360 308 17 22
325 296 17 21
461 296 23 30
190 270 14 15
551 407 29 58
159 612 47 67
