692 311 55 43
389 279 89 84
1008 107 16 43
969 118 35 42
904 217 37 37
894 95 40 49
833 94 37 44
787 83 38 39
985 46 22 51
941 85 14 19
957 87 12 18
977 76 12 18
834 53 19 35
913 13 26 60
815 0 31 52
801 38 17 24
771 33 19 36
737 28 21 40
674 70 65 68
619 43 14 17
572 1 20 25
559 38 16 19
614 125 30 33
585 112 27 29
556 142 32 30
507 153 30 37
523 131 19 26
476 104 34 42
395 88 33 37
401 172 33 46
415 142 32 40
362 89 34 45
354 39 22 24
235 35 35 36
317 100 53 69
237 93 36 39
255 137 27 33
172 103 42 49
131 118 40 45
162 8 25 33
130 2 35 35
