450 241 14 19
482 220 16 18
393 214 10 14
436 178 9 14
374 228 13 16
372 171 14 15
339 183 13 15
589 245 17 19
612 190 10 13
669 249 11 12
691 209 19 22
350 308 33 20
464 189 18 18
290 238 19 20
299 193 15 17
274 193 15 17
248 277 19 19
224 173 12 14
400 173 10 13
223 153 8 10
246 149 8 10
233 152 10 11
589 148 10 12
583 198 13 17
215 195 14 16
342 265 24 25
89 222 14 18
43 196 14 18
17 232 20 23
15 183 14 16
281 124 10 14
320 128 12 14
129 197 14 20
375 129 11 14
325 147 11 14
322 163 12 15
321 173 10 15
427 138 8 10
872 197 10 11
836 178 10 11
819 163 8 10
734 147 9 11
843 123 9 9
833 127 8 10
785 144 11 12
664 150 9 9
664 135 10 11
650 149 6 8
652 137 8 10
640 132 6 7
622 139 6 8
431 225 12 18
501 198 11 14
481 143 11 12
454 151 13 14
558 306 39 22
467 279 16 17
435 138 9 13
407 135 8 14
535 148 9 9
543 156 10 12
942 143 8 12
968 179 9 10
920 137 9 11
767 147 9 11
792 178 8 10
408 126 6 8
455 131 8 8
