92 203 5 6
118 203 5 7
134 203 5 6
154 204 5 6
171 203 5 6
188 206 6 6
209 203 5 5
228 206 4 6
245 208 5 6
256 236 4 6
232 239 4 5
254 256 5 6
227 253 8 9
210 253 6 7
188 252 5 6
187 218 4 6
170 233 6 7
163 217 6 8
151 232 8 8
142 219 6 7
128 232 6 7
104 217 6 6
66 239 5 8
107 268 6 8
134 268 6 8
142 251 5 7
161 253 6 6
158 269 4 6
120 252 5 6
35 283 8 8
16 282 7 6
10 272 6 7
9 302 8 8
64 325 9 11
51 310 6 10
91 313 8 10
104 319 7 10
112 322 6 9
126 330 6 9
155 327 5 9
174 332 7 8
184 344 8 9
202 297 7 9
201 289 6 8
178 294 7 7
231 288 6 8
248 299 6 9
264 293 6 6
240 277 5 6
217 275 6 7
110 285 6 7
119 295 5 7
92 287 7 9
87 270 7 7
79 251 6 6
60 253 5 6
320 267 6 8
341 272 5 6
313 335 8 10
283 206 6 5
261 207 4 4
258 220 6 6
303 207 4 6
323 207 4 5
346 203 4 6
366 203 5 7
404 205 5 5
423 209 5 5
444 205 6 6
463 211 6 6
436 225 6 5
393 224 9 16
345 255 6 7
354 220 6 7
345 296 6 8
354 287 6 10
377 288 7 7
360 276 5 6
366 271 6 5
404 290 6 8
402 273 6 9
427 289 6 9
448 290 9 8
474 275 8 11
474 257 6 7
494 256 5 7
496 241 6 8
449 257 7 10
309 287 7 8
411 248 6 12
408 239 6 7
387 252 7 10
349 248 6 10
329 237 6 8
450 237 7 9
432 239 5 6
512 259 5 7
513 237 6 8
539 241 5 7
555 240 5 7
550 261 4 6
532 263 7 9
536 275 4 7
525 291 6 7
504 292 7 8
481 222 4 6
481 208 6 7
498 213 6 7
516 214 6 7
458 221 6 8
496 224 7 8
533 208 4 4
540 214 5 7
535 222 5 7
553 226 5 7
557 209 6 8
575 224 7 6
598 226 5 7
594 205 6 8
618 208 5 8
618 223 8 9
636 210 7 7
657 211 5 7
677 215 5 7
641 228 4 5
619 257 6 8
598 258 8 8
572 256 10 13
574 236 9 10
554 277 5 7
577 276 6 8
598 276 7 8
618 276 9 8
618 294 6 9
597 295 8 9
574 295 6 7
550 294 8 7
645 276 5 8
643 256 7 8
660 238 7 8
674 237 6 9
691 244 6 7
701 276 8 9
673 261 5 7
657 293 5 8
665 303 7 9
683 309 8 9
692 319 8 8
727 312 8 12
717 295 8 8
693 291 7 8
730 260 6 7
728 244 5 7
714 227 6 7
717 211 6 6
735 214 6 9
753 214 5 8
700 209 6 7
754 262 6 10
774 263 6 8
792 263 8 11
765 247 4 6
829 247 6 7
835 228 7 8
830 216 6 6
797 215 5 7
772 214 7 7
799 294 7 8
774 293 8 9
752 289 7 8
732 275 7 10
744 304 7 10
760 313 8 9
748 320 6 7
822 298 7 10
845 298 8 10
854 217 6 6
872 217 5 6
880 231 7 7
905 229 6 8
890 246 6 8
868 249 5 8
847 252 7 6
826 281 6 7
849 280 6 9
870 286 6 7
894 281 7 9
906 267 6 8
933 305 8 11
939 286 6 9
912 285 6 7
893 301 7 8
873 315 7 10
849 336 7 9
840 337 6 8
862 347 8 10
800 340 8 10
809 327 6 9
830 323 6 9
765 330 9 10
748 344 7 11
739 338 9 10
725 333 9 12
824 316 8 10
852 318 9 10
917 303 6 10
893 330 7 9
944 342 8 10
958 313 8 8
998 327 8 9
973 338 8 8
997 339 7 10
1003 375 7 10
931 391 8 11
913 384 10 9
920 357 8 11
897 363 7 9
831 363 9 12
859 365 8 13
812 386 9 13
850 383 8 14
906 398 12 14
913 424 11 12
876 424 12 14
917 444 10 12
1013 319 11 15
95 347 7 11
114 350 8 9
107 362 8 9
123 370 7 10
162 357 7 11
196 359 9 10
189 374 8 11
218 367 6 9
227 355 7 9
236 350 9 10
196 319 8 10
212 338 8 9
229 332 7 10
58 358 8 10
66 377 7 9
78 389 7 10
103 395 8 12
25 349 11 12
39 340 8 9
19 331 7 9
14 384 8 11
15 460 9 11
138 514 9 14
82 531 9 12
147 437 11 12
217 302 10 13
445 275 7 9
426 272 6 10
834 425 7 10
999 549 11 14
859 510 9 15
818 445 8 12
201 524 10 14
657 337 8 11
646 311 7 11
699 335 9 10
730 385 6 10
709 376 8 10
735 363 7 11
734 350 8 10
721 345 7 10
777 349 8 11
770 383 6 10
762 370 6 8
813 260 7 9
814 231 6 9
937 410 12 17
999 423 9 14
683 326 8 11
712 326 7 12
915 322 7 8
260 322 8 10
256 309 6 9
60 397 9 10
77 412 11 12
110 425 8 12
33 415 9 15
74 439 7 10
101 373 8 10
145 456 8 12
967 498 9 13
859 263 5 5
862 229 6 9
836 281 6 6
864 303 7 9
879 259 8 10
884 380 8 9
877 360 6 8
916 346 5 8
886 338 7 10
819 377 9 8
981 375 10 11
991 358 9 12
983 358 5 9
963 349 9 12
801 390 6 9
788 339 8 8
803 306 5 8
621 239 5 5
805 249 5 7
799 227 6 9
787 285 5 5
706 362 5 9
596 241 5 5
512 272 5 7
491 275 5 7
514 224 5 7
522 227 4 5
368 253 6 7
249 326 5 8
122 218 5 7
201 222 6 7
214 236 4 5
83 219 6 10
196 268 6 8
176 274 6 5
156 286 6 8
144 284 5 5
137 290 6 9
66 291 7 7
70 303 6 6
134 322 5 8
102 247 6 7
176 368 6 10
157 368 9 10
210 377 6 10
86 364 7 8
784 323 6 9
778 323 6 10
798 374 8 7
675 353 10 9
780 387 8 10
798 354 11 10
745 386 8 11
788 410 10 12
999 459 9 14
13 559 10 20
