910 240 48 52
854 239 34 39
755 267 19 24
746 284 12 19
716 300 9 11
690 281 21 28
654 289 18 21
618 281 20 25
579 268 18 25
544 301 15 23
526 275 17 22
502 286 18 21
443 281 18 24
331 288 14 13
372 296 13 17
367 366 19 20
386 372 17 20
408 380 21 26
447 388 24 24
519 404 19 19
761 493 41 48
704 432 30 38
747 418 18 23
778 410 18 27
768 438 14 18
671 432 20 27
634 420 21 29
598 430 22 26
568 439 26 29
570 477 31 44
520 449 34 40
448 435 26 35
378 457 30 37
323 425 26 40
282 374 27 37
248 426 31 40
236 387 20 27
251 388 18 24
192 431 35 43
142 384 28 36
168 404 21 24
175 381 27 28
138 355 21 23
95 385 22 32
110 371 14 17
49 288 53 72
315 361 11 19
