962 334 34 38
883 301 31 29
920 274 29 34
964 249 17 22
795 468 47 51
843 389 32 38
675 343 26 32
845 221 18 24
617 519 50 46
627 410 45 46
629 378 34 31
510 360 34 38
510 444 39 46
358 486 52 60
312 406 41 52
330 373 33 42
364 359 32 34
55 477 43 52
101 393 32 39
120 327 32 41
1003 236 15 21
1010 220 14 19
905 235 16 18
897 267 19 20
866 226 15 17
875 216 13 16
934 215 15 17
949 205 16 17
888 202 15 16
921 202 14 16
906 215 14 17
995 177 12 13
824 233 16 20
798 233 15 16
765 232 17 16
726 243 17 17
753 224 16 19
849 203 18 20
855 216 19 20
815 212 17 16
720 213 17 16
738 208 13 14
764 210 19 19
816 202 19 17
794 202 16 17
764 193 15 13
812 166 10 10
711 163 11 14
693 232 16 18
633 253 17 18
637 233 18 20
698 195 14 15
609 202 15 16
603 178 13 13
659 174 13 13
609 220 16 16
652 221 14 14
651 200 14 15
676 159 10 11
742 162 7 9
572 224 16 18
569 179 10 12
558 174 14 15
632 160 9 9
587 208 12 14
560 212 13 15
563 203 14 17
529 244 17 18
491 236 11 11
513 219 15 21
494 198 13 14
468 194 13 14
435 214 14 15
419 231 15 16
531 226 17 17
518 202 12 13
527 197 9 12
452 194 12 14
520 164 8 9
417 211 15 15
395 186 12 14
445 173 9 11
362 211 13 14
255 222 13 13
256 212 12 13
276 165 11 11
334 168 9 11
319 187 9 10
248 193 11 14
238 202 11 11
243 213 12 12
348 164 10 12
146 293 21 24
133 264 23 25
13 275 22 27
30 282 22 27
143 251 20 19
137 242 22 20
94 254 20 20
39 273 22 19
31 250 20 18
48 237 18 19
89 228 15 15
91 213 16 14
28 220 16 15
6 247 13 16
195 231 15 18
158 195 15 16
178 192 14 15
209 196 14 10
49 204 12 12
41 210 12 13
14 192 12 13
101 203 12 13
90 193 11 13
22 189 12 12
8 227 17 16
232 240 18 23
285 227 16 20
170 223 14 14
169 212 13 12
156 183 12 14
298 183 11 13
326 201 14 15
142 176 11 12
148 227 14 13
196 259 18 18
171 164 9 10
302 159 9 11
241 174 10 11
457 179 9 11
468 153 9 10
404 158 10 12
524 189 11 13
508 199 10 12
510 150 9 10
465 174 10 10
425 157 9 9
431 186 13 16
479 177 9 11
488 190 10 9
495 187 11 12
509 163 11 15
351 152 11 12
969 185 10 14
997 217 17 21
1000 206 14 17
1015 180 9 13
935 193 11 11
954 176 11 11
999 99 6 7
827 158 8 11
760 159 9 10
812 184 10 15
712 180 9 10
735 175 10 10
783 142 7 8
790 180 9 11
779 170 11 13
447 161 10 14
299 200 13 16
872 187 12 12
908 145 7 10
872 172 13 15
967 150 9 11
978 158 10 11
896 161 9 10
855 142 8 9
969 137 5 6
607 95 10 10
537 91 10 11
448 95 7 9
641 91 8 8
701 90 9 10
970 227 20 23
947 157 8 9
933 146 6 8
956 129 6 8
221 175 9 11
249 145 9 11
937 415 38 57
689 218 16 17
672 200 15 11
665 216 14 17
645 161 12 13
729 190 13 14
355 187 12 13
404 197 13 15
353 199 11 11
326 177 10 11
307 211 13 16
47 187 11 12
63 189 11 13
110 224 14 15
64 237 16 14
118 187 13 14
133 224 15 17
233 152 7 8
85 270 21 21
185 269 18 25
74 204 13 17
286 182 8 14
202 211 13 17
273 238 19 20
271 194 9 11
480 96 10 9
569 98 8 8
750 85 7 10
460 221 20 20
747 185 12 13
664 240 15 13
581 177 9 11
555 154 8 10
335 228 16 15
129 206 12 14
386 234 19 21
0 310 17 34
