30 241 46 46
121 214 40 42
166 236 41 51
227 230 32 38
280 255 45 47
456 160 5 7
483 159 5 5
509 158 5 7
685 151 4 8
702 157 5 7
711 157 4 5
719 161 4 9
727 163 5 7
739 162 5 8
753 161 5 8
783 161 5 7
802 163 6 7
816 161 5 6
821 169 5 7
871 166 4 7
889 165 6 8
925 169 4 6
954 165 4 7
974 169 5 6
1018 172 6 8
359 226 36 40
447 224 32 44
437 259 41 50
491 258 38 48
504 235 22 26
596 229 35 48
577 298 34 41
664 225 25 37
726 264 38 46
762 237 32 42
834 248 38 47
926 229 34 39
965 238 42 50
989 280 35 50
213 75 36 53
