202 557 18 19
260 573 22 27
148 568 21 33
60 605 13 25
87 562 22 28
125 567 12 17
119 563 8 13
121 538 16 21
185 525 17 23
216 529 13 18
203 511 11 15
74 544 18 21
49 542 18 25
15 538 13 22
14 524 13 17
67 509 10 16
63 522 8 10
43 526 11 9
94 540 8 15
133 512 8 10
126 514 7 8
162 500 12 18
124 491 13 14
94 493 8 11
88 494 6 8
102 472 8 10
130 480 5 8
124 485 5 5
165 490 9 9
172 473 12 8
147 478 8 13
71 490 5 9
67 494 4 5
58 492 8 10
176 490 8 7
213 468 9 12
144 461 5 4
175 444 6 6
152 441 7 6
113 432 4 5
127 440 5 4
128 463 7 8
136 480 5 8
110 463 6 8
103 462 5 5
82 476 7 6
77 483 8 9
45 477 6 8
36 488 8 10
65 459 5 7
10 473 4 7
158 452 5 6
186 436 4 6
79 452 4 5
48 450 3 5
86 444 5 5
63 445 3 3
10 446 7 4
18 439 6 6
9 451 4 6
128 427 4 5
242 438 3 6
251 440 3 6
236 455 7 8
239 468 10 15
238 481 11 13
250 486 8 10
181 477 8 10
185 506 6 7
168 508 11 15
129 523 11 13
101 584 26 27
233 521 15 14
243 510 13 17
227 510 13 13
249 498 7 8
251 504 13 15
256 550 18 21
269 509 12 13
291 470 9 9
282 499 6 6
289 499 7 9
300 504 11 16
311 496 10 10
310 514 12 11
299 526 10 20
291 537 8 12
335 533 13 16
340 524 13 15
324 447 9 10
312 476 5 6
319 474 5 4
326 474 9 9
344 458 8 9
368 447 7 10
365 479 8 9
371 469 6 8
346 475 7 10
352 471 8 11
370 498 15 17
369 486 10 10
347 505 10 8
364 514 8 13
339 512 10 12
324 569 23 33
405 607 25 37
345 554 11 20
399 581 10 14
534 509 10 8
528 530 10 8
583 522 5 6
587 522 8 8
565 518 5 5
604 535 9 9
549 560 7 6
556 559 7 7
564 567 14 14
584 578 11 11
599 588 13 17
622 591 14 17
656 606 15 17
678 614 14 20
705 622 15 19
611 610 11 11
931 666 19 16
752 557 21 18
811 621 16 16
1000 647 18 27
949 630 15 17
912 613 15 16
971 593 15 16
1015 625 7 12
1019 595 4 9
1006 571 12 12
992 553 11 13
969 560 12 10
934 587 13 13
887 604 16 14
917 575 12 13
945 558 10 11
992 532 8 6
988 551 5 6
925 557 8 8
939 548 8 5
860 597 14 13
865 579 11 10
887 563 11 14
877 560 9 12
899 552 9 8
923 544 6 6
886 547 8 10
837 582 14 16
802 583 13 12
835 574 11 7
844 550 8 11
872 552 8 13
859 547 9 8
882 536 6 5
898 536 7 7
945 525 6 6
789 553 10 10
699 588 13 12
823 564 10 13
811 553 8 7
797 542 10 8
774 552 7 9
745 546 7 9
732 544 10 10
728 548 6 6
722 562 12 14
713 561 10 12
674 575 13 13
656 573 12 12
628 559 9 11
619 559 10 13
657 537 8 7
648 533 8 6
639 528 4 4
660 507 7 6
596 536 7 6
679 544 7 6
688 549 7 7
715 542 9 9
701 536 7 9
689 527 6 8
719 522 6 6
730 534 6 5
735 528 5 4
744 534 6 6
770 538 7 5
752 518 6 7
765 523 7 6
835 541 7 7
831 534 7 8
798 528 6 7
793 514 5 6
813 514 6 8
847 541 10 10
854 528 5 4
878 530 6 7
891 520 6 7
892 501 3 4
911 493 6 8
936 497 7 7
962 501 7 5
979 506 6 6
854 470 4 6
1004 500 6 6
941 524 3 7
923 520 6 7
961 517 8 8
1016 548 7 15
708 531 5 5
237 616 14 33
339 638 23 46
395 499 12 13
