871 406 13 17
868 383 13 15
848 399 15 21
830 422 16 22
886 441 16 21
921 443 14 19
919 397 15 20
937 393 15 20
932 419 15 19
964 453 13 17
995 407 14 21
995 464 13 16
1017 404 7 16
900 466 15 21
857 473 19 22
799 383 13 16
773 407 14 14
782 431 13 18
735 435 15 18
729 390 15 19
696 395 15 18
693 422 16 18
676 438 14 18
702 465 14 17
751 469 16 17
646 398 14 19
625 379 14 18
602 402 16 20
630 445 14 19
567 390 16 20
520 386 15 21
511 427 16 20
506 456 16 19
549 458 15 18
527 454 16 19
587 467 16 20
630 479 13 17
476 430 16 20
467 382 15 19
423 384 15 20
432 410 14 20
442 440 14 17
405 445 17 20
382 404 14 20
472 468 13 15
377 436 18 20
308 433 16 17
284 456 17 18
279 417 16 17
313 378 12 15
274 382 14 16
247 379 17 20
215 422 17 21
195 388 19 19
254 436 16 21
141 441 16 20
301 485 15 17
206 471 17 21
151 479 15 15
103 471 15 16
39 461 16 22
150 525 14 17
305 647 17 22
251 618 14 17
292 632 16 18
231 730 33 37
332 647 14 17
443 643 17 18
406 670 15 16
414 650 12 17
431 664 15 18
457 672 16 18
719 634 16 19
774 629 16 21
953 664 12 18
372 749 14 19
