330 535 32 39
245 578 32 44
313 627 52 57
138 634 41 40
125 665 41 19
31 517 31 32
67 569 36 38
121 523 32 36
206 562 36 43
285 512 29 34
342 503 27 36
250 505 23 28
54 463 20 25
10 458 19 28
27 419 11 15
83 425 13 15
113 427 15 18
99 475 18 24
446 383 14 20
492 391 13 19
467 373 12 18
515 473 24 33
574 472 21 25
551 548 35 32
608 528 30 29
602 586 39 47
630 507 19 22
697 463 21 23
669 469 19 23
704 436 17 22
702 398 13 16
562 443 14 16
599 454 16 25
603 441 15 22
541 372 11 15
500 379 11 17
488 450 18 21
468 560 30 39
513 456 17 21
562 525 27 31
746 581 36 45
764 522 30 36
813 540 37 38
846 589 43 57
893 605 29 41
884 515 23 36
792 482 23 33
738 462 23 17
736 426 13 24
78 496 19 24
104 516 18 25
201 445 16 21
242 458 19 23
227 477 17 22
22 488 21 26
336 440 15 19
179 507 25 27
0 635 29 41
381 547 32 39
382 479 17 23
302 498 19 25
246 489 24 27
388 438 16 20
369 434 14 20
469 591 40 57
432 501 23 32
484 496 25 31
430 467 19 25
451 446 17 25
445 427 15 21
744 406 13 16
763 437 18 20
876 408 14 21
897 394 17 20
842 491 23 33
825 465 20 24
923 504 25 25
523 662 50 20
965 548 37 57
955 483 22 25
992 478 30 34
943 421 17 21
970 414 16 21
899 449 16 22
191 485 20 28
151 475 18 19
188 433 14 18
317 462 14 21
445 489 19 26
418 418 16 17
467 430 11 16
617 423 14 18
629 418 11 15
577 392 13 19
591 387 12 17
869 539 23 39
758 451 23 32
790 427 12 14
840 402 13 16
802 403 12 13
859 387 7 9
858 367 6 8
609 491 25 28
11 433 10 15
35 411 10 14
146 441 14 15
357 418 17 22
659 554 24 32
479 431 18 22
644 416 14 17
663 400 10 13
961 637 42 49
38 448 19 25
98 447 16 20
398 434 12 17
332 422 11 16
355 451 14 21
343 478 20 26
265 458 8 13
506 432 18 26
839 427 17 26
919 446 22 24
841 455 21 27
1009 421 14 17
928 402 14 21
914 403 12 15
981 404 14 14
784 459 18 26
180 367 18 19
