3 374 72 96
303 397 49 46
398 390 54 85
232 349 29 29
0 347 27 47
101 294 46 58
91 289 24 36
158 318 28 37
186 264 24 27
284 256 23 37
220 246 19 15
141 249 16 30
71 268 21 41
106 230 11 17
30 222 8 9
49 214 5 8
38 226 8 10
0 217 5 8
95 213 6 9
57 228 3 3
62 229 7 7
19 225 5 6
159 228 7 10
53 218 5 5
27 215 4 5
124 236 6 8
325 211 7 7
370 220 11 14
317 245 18 25
148 225 7 10
274 234 5 7
347 212 4 4
286 237 8 13
290 218 9 11
353 209 6 7
408 210 9 9
414 226 7 11
385 266 19 22
424 244 7 6
799 298 54 49
575 206 6 6
587 213 11 16
595 195 7 9
605 209 7 6
621 223 6 6
595 240 14 17
558 221 6 7
568 214 10 14
542 230 9 12
570 255 26 31
512 235 8 8
511 227 6 6
508 271 13 10
488 291 26 41
430 238 9 11
711 211 10 13
696 212 5 8
685 217 7 7
705 232 7 8
742 222 9 14
713 259 8 11
760 291 19 25
823 250 13 17
819 228 13 16
809 202 7 5
825 209 7 9
856 198 7 7
850 223 11 14
856 228 13 15
854 217 8 6
777 258 8 10
774 222 14 21
764 238 14 20
869 219 5 5
870 193 4 4
886 193 6 6
977 214 12 14
1000 220 10 10
1003 206 6 5
987 192 5 8
995 186 6 8
949 199 5 7
975 235 9 12
997 217 6 7
970 251 15 18
988 270 21 20
979 299 26 38
911 267 10 10
964 189 8 11
1002 196 6 6
865 191 5 7
675 233 11 14
887 263 23 22
350 303 26 51
574 293 34 34
439 251 27 46
376 213 6 7
351 203 6 6
426 204 7 10
371 207 6 9
79 212 7 7
73 217 5 6
