786 197 25 35
828 253 50 49
891 237 29 34
936 281 63 72
963 209 46 39
913 215 18 28
863 209 26 29
896 174 18 23
420 273 57 81
378 291 32 34
257 233 30 26
286 184 23 26
301 171 14 18
263 173 12 13
250 157 7 11
414 165 12 15
441 182 14 23
491 186 16 25
459 233 19 29
510 169 10 18
572 175 13 20
589 178 20 27
626 182 19 26
680 166 12 17
125 203 29 33
0 209 43 39
73 196 20 18
125 156 23 26
167 200 34 33
158 282 74 80
361 215 25 27
208 194 18 22
186 164 11 12
212 154 11 11
106 162 10 10
82 157 9 10
541 194 45 59
