998 200 18 22
965 211 18 20
938 211 16 21
995 165 9 10
898 238 22 27
840 277 20 21
830 294 26 36
771 284 28 33
912 293 19 25
841 213 7 11
814 205 9 10
850 198 7 7
800 218 7 9
770 226 9 13
744 237 10 10
734 237 9 11
702 280 37 41
705 245 9 11
658 312 17 21
643 272 18 20
683 254 11 12
691 242 8 10
615 287 14 13
599 279 9 8
643 340 26 28
610 313 22 25
597 313 15 18
538 328 32 37
514 350 23 25
509 313 20 24
477 320 14 22
491 322 10 14
542 292 17 16
557 282 8 13
574 274 11 17
573 267 9 9
458 360 27 34
429 367 32 40
426 331 17 24
397 334 14 15
410 318 13 17
379 316 12 18
383 343 17 20
380 385 21 26
338 376 30 35
355 350 16 25
328 423 32 36
245 445 26 41
271 381 22 27
241 399 25 34
214 404 19 26
243 374 16 17
209 372 17 19
229 360 13 15
269 356 24 27
300 350 17 21
166 384 15 16
156 409 26 30
147 393 14 13
125 427 31 36
48 414 46 49
93 399 20 25
79 396 11 15
123 388 14 20
9 415 24 32
0 442 15 13
281 339 14 14
402 312 11 13
394 317 8 10
