978 66 28 33
908 49 32 32
929 20 36 35
914 77 36 37
851 45 33 36
862 7 23 27
805 42 35 38
910 124 34 38
864 140 43 43
736 48 35 42
754 35 26 32
697 69 32 40
771 129 39 39
719 139 42 46
654 105 31 32
630 16 32 36
597 9 29 29
601 51 29 34
575 74 36 39
586 146 35 38
478 104 34 42
513 15 35 39
557 21 29 35
490 8 24 27
493 80 24 27
436 32 31 35
410 63 32 32
390 46 35 28
388 2 26 29
332 8 36 35
285 7 33 36
305 48 32 32
356 71 37 35
286 75 32 36
345 108 34 33
308 108 33 32
179 24 30 33
47 21 31 35
127 30 36 38
104 33 28 35
215 58 34 37
223 34 30 31
235 20 28 30
24 45 31 31
15 1 22 27
74 57 32 38
153 56 33 35
158 93 44 44
137 92 36 41
38 85 34 43
235 107 39 44
821 214 50 50
752 222 46 48
750 288 44 63
815 278 46 60
872 195 38 42
789 171 35 33
715 201 40 52
675 168 38 50
606 190 36 41
589 237 46 52
1005 219 18 49
914 253 47 55
921 338 52 59
601 336 48 58
533 222 32 43
409 261 55 54
458 268 42 51
412 161 41 49
492 474 46 79
283 433 63 76
380 316 52 60
349 284 42 49
356 249 35 37
313 143 45 49
251 145 36 38
239 180 39 45
233 216 49 48
122 163 35 38
139 206 40 41
63 242 34 35
201 319 61 68
182 264 46 53
118 392 56 66
18 360 36 59
36 462 46 65
386 115 19 27
951 203 33 40
0 226 28 48
0 137 22 36
0 72 16 42
758 4 25 42
681 0 29 15
