78 298 41 38
68 170 27 29
152 179 19 17
186 260 21 23
181 255 14 13
171 186 13 15
149 186 11 15
198 184 13 13
179 175 9 9
226 176 14 16
256 172 15 25
272 180 10 12
293 180 10 11
311 184 13 12
326 185 7 9
331 178 6 7
350 187 14 14
380 165 8 9
376 178 10 8
404 183 12 13
350 162 11 13
415 191 7 10
427 186 8 13
437 185 7 10
446 180 11 12
527 179 8 11
534 182 6 7
533 199 6 7
535 216 5 6
522 219 8 6
521 226 6 8
530 227 7 8
499 223 10 11
511 227 5 5
471 227 8 9
464 230 6 6
455 223 8 8
550 184 7 7
575 183 6 7
582 185 6 7
604 189 5 5
585 214 7 8
560 219 7 8
613 215 6 8
622 205 6 5
608 194 5 5
692 180 3 3
666 219 10 9
714 176 4 5
750 217 8 11
737 202 4 4
811 212 6 6
813 205 7 6
825 212 7 7
827 214 10 9
790 226 12 14
763 222 7 6
769 218 7 9
751 184 3 4
494 368 93 103
836 227 14 13
860 227 13 16
876 220 9 7
914 221 7 4
873 237 30 35
897 240 20 27
918 240 22 29
829 260 21 20
782 230 9 8
824 320 52 43
740 248 16 19
766 242 16 20
625 251 17 23
665 229 12 6
688 257 20 12
655 293 45 47
576 236 8 11
501 248 13 19
887 372 74 64
1010 253 6 6
865 258 11 14
455 264 31 32
376 284 65 75
338 255 9 9
341 269 20 22
441 242 7 8
718 197 4 5
723 199 4 6
709 178 4 5
687 184 4 4
764 187 3 4
696 186 3 3
110 734 0 1
0 582 141 160
3 183 20 33
969 268 12 13
72 436 96 109
190 302 46 43
