958 120 11 16
1011 216 13 32
923 183 14 21
927 140 17 20
908 146 10 15
884 157 13 18
873 215 19 25
838 143 8 13
808 157 15 20
761 162 13 17
741 137 9 10
737 177 10 15
714 166 9 9
854 274 36 43
807 250 20 28
683 180 11 18
658 224 22 25
634 208 19 30
654 162 11 14
615 158 10 12
598 172 9 12
599 153 6 8
544 153 6 7
505 159 7 8
477 152 6 7
643 299 30 38
539 268 22 30
520 241 16 22
334 452 53 58
380 188 13 18
371 191 9 16
381 213 14 19
332 227 14 17
305 230 14 19
296 258 18 22
255 269 22 27
430 221 6 7
449 215 4 5
345 171 10 12
352 162 7 9
311 178 8 11
290 178 8 11
280 181 11 14
284 161 7 8
269 184 7 9
251 234 19 22
442 169 6 8
452 198 5 6
399 188 6 6
400 200 7 7
407 214 5 6
412 228 5 6
421 226 4 6
437 218 6 5
458 211 4 5
113 256 17 21
119 237 12 15
128 213 9 12
102 194 10 11
173 176 6 8
79 201 9 10
29 197 8 9
11 229 12 13
116 188 8 10
150 182 9 8
244 188 6 8
249 184 6 10
1007 133 17 15
