969 422 23 25
865 433 26 35
805 382 25 29
673 371 11 18
592 399 18 29
576 388 17 23
538 379 17 22
555 370 18 20
539 400 15 21
517 401 22 25
557 298 6 6
475 428 22 23
466 415 18 22
463 453 21 27
378 547 25 41
320 451 24 34
348 418 18 27
325 399 12 15
299 387 8 19
267 404 12 14
250 423 13 22
230 409 19 22
210 414 16 22
220 384 15 22
93 429 23 27
149 399 14 23
178 391 14 23
2 507 43 55
775 339 13 13
718 348 13 15
793 365 11 13
998 366 13 13
943 420 19 24
802 455 28 31
622 292 8 9
479 276 5 7
588 293 5 7
565 271 6 6
552 282 6 7
371 275 8 12
390 291 7 9
231 307 6 12
256 300 8 9
148 279 5 8
147 296 9 7
43 307 6 12
