15 318 32 37
95 349 21 30
151 324 26 24
131 334 14 20
3 455 48 53
79 438 36 46
156 427 77 94
209 353 34 39
271 315 12 23
252 284 9 11
262 285 10 12
290 264 11 14
305 261 17 23
336 253 11 15
344 242 9 11
355 243 10 12
377 246 9 14
395 241 8 11
418 245 14 18
289 248 14 20
375 262 11 16
405 257 20 26
370 301 37 41
340 364 48 58
404 287 28 41
445 245 15 17
464 230 5 10
470 226 9 15
500 223 10 10
520 215 9 10
471 249 12 18
481 244 15 20
508 248 12 14
537 235 17 24
555 228 16 26
584 219 15 19
569 211 7 10
545 207 8 11
479 212 8 9
487 289 15 22
527 287 27 31
520 313 28 37
465 372 34 52
524 229 9 15
617 273 21 29
786 376 64 79
301 242 8 11
