822 148 39 42
896 123 41 55
942 262 44 52
883 244 37 50
947 347 42 68
816 344 38 55
832 410 57 79
729 130 38 55
784 279 43 38
663 170 37 56
612 118 40 51
688 252 40 52
629 236 45 56
411 124 40 59
383 195 40 49
435 160 41 52
525 140 39 53
586 176 36 50
491 207 44 57
721 365 42 58
654 340 38 54
590 288 48 58
549 345 44 55
627 392 51 69
320 260 41 52
426 302 49 63
318 320 48 68
390 354 48 62
486 350 44 57
218 84 42 43
224 142 39 56
232 305 39 64
192 320 67 92
117 118 39 56
64 170 42 64
123 220 42 58
32 264 40 55
122 298 54 71
62 360 42 55
0 265 28 61
