655 456 18 26
583 422 19 24
615 278 10 16
707 321 9 12
171 548 22 27
58 612 18 24
128 603 21 26
182 581 19 25
42 572 23 24
192 547 16 24
195 524 18 21
169 518 21 23
82 535 18 25
0 541 15 25
15 539 17 23
38 523 17 22
54 514 13 21
9 573 13 15
0 573 6 16
107 510 21 22
16 501 18 23
50 482 20 23
15 452 17 20
86 473 19 21
67 458 16 25
116 449 16 24
143 489 14 18
163 495 16 20
191 495 19 23
212 468 17 21
256 483 18 26
274 439 14 20
225 445 15 18
246 426 16 21
259 417 13 21
219 414 16 19
202 418 15 19
117 403 14 19
53 425 19 21
30 365 14 15
13 335 12 17
92 372 12 16
80 356 14 18
115 359 13 17
127 352 11 15
150 349 12 16
175 351 12 16
153 379 13 18
171 375 12 17
167 396 12 18
200 382 11 15
190 356 11 16
234 383 13 21
265 376 13 19
255 362 11 16
224 351 11 14
255 324 10 14
208 319 9 14
185 338 11 15
296 319 11 14
19 394 12 18
44 356 11 14
259 538 21 26
298 537 19 26
330 504 19 28
369 577 19 23
363 550 17 22
422 570 19 24
312 468 16 17
259 468 11 15
352 484 19 22
369 468 16 27
406 515 23 29
436 510 19 28
476 506 19 24
488 535 19 25
532 531 21 28
560 528 19 24
529 560 22 33
482 471 18 25
530 485 19 24
500 469 16 24
353 450 15 17
343 423 17 21
318 429 14 19
398 421 16 17
360 410 15 19
322 385 14 19
358 382 14 16
319 365 11 15
330 357 11 21
340 352 8 16
354 360 14 14
383 363 12 16
412 388 12 17
409 367 13 16
433 366 15 22
456 367 14 18
472 397 13 20
458 443 13 21
480 440 14 20
425 495 15 17
59 551 19 28
104 557 23 27
134 550 21 29
528 436 16 22
521 376 15 22
543 369 12 18
491 370 13 17
478 364 11 17
626 523 19 29
596 489 20 29
573 463 15 23
578 441 17 23
584 382 13 18
561 383 12 17
557 363 13 18
570 356 13 17
607 380 11 14
638 373 12 16
672 367 13 17
735 374 12 17
750 366 12 16
788 359 14 16
818 378 15 20
731 400 13 20
745 413 15 19
779 436 16 23
820 427 15 22
874 412 14 20
879 443 17 24
624 487 19 24
648 480 17 23
670 514 21 24
636 512 18 25
709 502 19 27
730 495 15 21
741 481 13 19
763 461 18 23
813 475 10 20
848 473 17 23
847 505 20 25
825 556 20 29
740 530 21 27
696 566 23 26
737 556 21 27
608 570 22 26
752 511 21 27
798 520 22 26
980 523 22 26
938 505 23 26
927 532 21 27
952 538 18 29
883 538 19 32
863 542 15 21
902 440 13 20
944 414 16 21
962 406 15 19
911 396 12 22
893 315 11 17
853 309 11 19
774 337 11 16
774 314 10 15
249 307 7 12
254 299 9 14
363 329 10 15
390 311 12 13
424 271 7 11
471 292 10 14
490 281 7 12
372 278 8 11
345 286 10 9
294 289 10 14
440 296 7 10
676 312 9 14
673 293 10 13
657 288 10 14
1005 345 10 13
936 308 12 16
347 554 16 25
433 476 14 17
954 334 13 16
958 312 14 16
982 307 11 19
243 552 15 24
