812 428 80 90
889 374 58 65
679 318 28 34
548 293 35 37
580 251 30 42
425 330 43 53
294 253 35 38
339 251 26 31
199 272 30 34
148 341 38 51
453 207 31 39
540 244 24 39
574 223 33 39
777 235 33 35
999 123 21 24
770 150 21 25
731 130 22 23
702 149 19 21
672 148 15 18
542 168 19 24
559 160 17 21
369 168 16 18
373 194 14 22
350 216 21 26
326 230 19 24
330 170 14 20
349 161 12 14
356 135 13 15
298 158 14 17
188 167 17 18
157 156 12 14
188 148 14 17
224 151 6 10
238 173 11 15
175 201 18 22
231 198 17 21
254 225 20 24
38 232 24 29
