680 258 72 108
880 277 80 109
776 260 47 55
940 256 52 79
1007 264 13 13
627 255 15 18
646 239 10 14
600 252 21 25
590 257 16 25
576 252 12 16
614 242 10 12
564 238 8 12
551 242 9 11
538 254 20 29
538 241 12 13
533 241 5 7
511 241 14 18
468 230 20 31
494 249 14 19
501 240 8 10
431 233 15 24
365 227 18 24
389 239 13 17
403 236 8 10
314 231 23 29
307 221 15 23
212 245 33 37
221 209 26 33
251 221 11 17
242 210 9 14
260 218 11 15
275 218 7 11
213 231 6 9
215 220 6 10
182 217 13 11
158 227 15 20
183 230 13 8
115 215 17 19
104 208 15 17
80 206 15 21
59 206 10 11
53 234 12 15
29 199 10 12
9 197 11 13
0 226 13 42
20 208 7 10
181 208 5 7
166 213 8 10
545 235 5 6
543 227 4 5
553 225 7 9
