391 57 9 11
499 123 9 10
552 131 9 10
677 173 7 7
564 71 7 6
610 61 8 10
527 75 6 5
430 55 9 11
472 45 6 7
357 66 10 11
387 33 9 8
419 48 7 7
446 36 5 7
29 303 17 18
122 321 16 24
171 314 14 15
197 286 14 20
239 308 17 26
259 283 12 15
301 333 18 22
346 332 17 24
323 291 13 13
387 318 18 22
415 269 14 8
415 313 13 12
441 320 16 14
485 302 20 22
540 287 14 14
552 304 22 20
575 332 25 30
588 275 13 14
607 318 14 12
651 267 12 15
641 301 20 27
697 222 6 6
722 245 9 7
748 265 11 14
934 262 11 9
984 253 11 11
925 305 13 14
951 295 20 28
964 333 15 22
781 289 8 8
787 281 7 6
1013 304 11 28
1000 290 12 9
1009 271 9 9
48 307 7 8
293 312 13 13
310 302 16 16
510 304 14 12
492 275 6 8
562 256 11 15
668 312 14 20
711 293 14 11
789 265 7 8
805 252 9 9
969 278 7 8
916 267 7 7
900 293 7 8
350 29 8 12
419 80 8 10
464 82 7 7
502 107 9 8
556 118 8 7
570 83 10 9
668 162 7 14
627 82 7 10
746 289 12 16
756 295 10 18
