618 535 60 41
475 547 71 29
410 547 60 29
599 460 46 43
690 443 46 52
778 452 41 45
485 379 40 44
406 365 34 38
377 495 60 71
479 499 46 33
338 496 63 64
236 548 72 28
103 473 51 60
318 337 34 36
977 283 26 33
891 298 24 26
789 369 32 34
810 352 30 33
286 304 24 27
128 363 24 26
208 381 32 36
182 308 25 27
235 319 26 31
157 399 31 38
22 344 27 40
43 308 21 26
81 341 25 31
157 348 26 29
421 334 33 34
615 241 23 26
919 313 25 27
1001 256 23 29
271 306 23 30
952 518 54 58
862 531 48 45
835 424 37 51
986 380 34 36
985 326 30 34
