972 421 33 50
671 507 57 72
727 404 29 39
806 383 23 29
709 365 18 21
834 336 15 25
668 324 14 17
623 352 19 23
628 327 14 19
765 308 9 15
824 297 10 11
707 334 14 17
959 317 13 14
788 305 10 14
726 311 12 18
689 296 8 12
712 298 8 12
731 285 7 9
703 313 8 12
635 308 8 11
629 287 6 9
675 280 7 9
991 373 11 25
448 415 28 36
307 356 24 35
337 347 17 19
390 337 13 16
400 360 16 20
458 306 14 17
436 316 10 12
397 315 11 13
334 316 12 15
294 325 11 14
244 318 17 20
438 306 9 11
433 296 8 9
316 312 7 10
267 295 8 10
308 291 7 10
505 285 10 13
484 290 8 10
460 284 4 6
567 326 15 16
594 323 11 15
387 286 6 8
506 337 15 19
558 341 20 29
548 314 11 16
552 290 8 12
595 294 6 8
186 354 17 23
77 374 30 36
33 320 27 32
54 286 8 12
0 316 8 11
36 289 9 10
137 297 6 7
121 284 6 8
229 284 7 8
101 330 26 29
116 313 13 21
469 310 10 14
562 305 6 10
563 292 6 9
