67 190 19 24
134 174 13 14
225 201 18 17
222 170 13 14
202 162 7 9
234 155 8 7
268 169 10 12
322 185 12 12
308 209 20 21
312 231 30 34
282 284 46 59
109 254 43 42
0 232 28 43
0 276 60 78
373 198 15 18
388 183 11 12
365 178 10 11
417 202 19 24
440 189 13 17
431 187 8 9
431 170 6 7
464 184 12 16
486 184 7 9
496 184 13 16
516 197 14 16
533 193 14 17
563 160 9 9
523 209 20 26
511 247 34 43
453 229 31 36
336 265 35 46
181 393 86 85
471 379 67 81
562 269 22 29
576 209 16 23
622 183 12 16
643 215 18 20
677 197 13 15
666 188 7 10
691 185 11 14
686 219 27 35
735 193 18 23
707 177 6 10
711 188 11 11
808 191 16 18
793 169 7 8
793 181 7 10
805 180 8 10
860 185 11 12
877 183 9 12
804 211 28 36
826 215 21 26
906 225 33 36
922 208 24 25
697 274 69 68
873 301 54 75
0 202 13 27
201 237 23 33
