950 414 56 71
986 373 30 43
1007 323 16 25
995 305 14 18
947 291 14 19
943 287 9 10
956 340 18 21
972 333 12 24
955 321 12 19
947 366 22 24
893 354 22 31
905 304 11 12
935 312 11 14
922 332 11 12
906 326 10 13
859 371 19 25
770 482 33 54
741 463 37 51
797 399 38 49
807 357 31 39
771 384 18 31
735 364 20 35
638 427 55 73
704 419 36 46
628 373 38 54
524 441 51 57
448 438 50 60
365 416 50 63
304 472 40 50
294 465 34 48
254 414 43 48
214 400 25 29
216 374 20 24
48 382 35 46
136 409 22 33
57 336 14 18
178 317 12 15
135 313 12 14
114 317 13 15
125 298 9 11
209 333 20 24
247 321 14 17
243 309 10 13
255 307 11 12
263 365 23 30
244 350 13 18
242 369 15 22
327 324 11 18
286 314 14 13
280 330 11 16
311 335 10 15
489 391 30 39
469 385 25 30
476 349 20 24
467 354 20 28
423 349 19 24
404 336 18 21
515 317 13 20
536 332 17 21
410 321 13 15
577 380 29 34
565 375 21 27
689 346 23 32
645 345 21 30
615 319 12 16
599 315 11 12
613 303 8 10
623 306 7 10
577 298 11 12
591 301 9 12
723 303 10 14
693 316 11 16
593 352 11 16
575 321 10 16
527 306 9 12
765 341 15 27
774 319 10 10
322 295 10 13
304 306 11 12
294 341 12 12
212 294 8 9
407 311 13 16
420 296 9 12
434 294 9 11
