113 457 27 31
196 463 27 31
122 394 25 29
215 384 23 27
279 390 25 29
328 353 21 25
375 468 27 28
260 485 25 25
259 557 23 27
160 334 19 24
101 358 27 29
216 306 22 26
174 274 19 23
236 255 18 19
101 189 15 18
122 169 18 20
130 131 11 18
47 119 17 19
28 122 11 15
45 165 17 19
18 196 17 22
6 168 14 19
106 109 13 18
128 267 17 20
826 488 28 30
897 546 20 21
735 515 30 30
726 493 22 23
673 415 23 28
825 381 23 29
821 342 17 24
985 376 23 30
961 361 17 22
917 410 18 23
491 202 66 80
456 434 23 26
658 289 23 23
765 313 19 25
739 273 20 23
876 313 24 29
1007 291 17 27
981 246 11 16
943 303 16 18
894 246 18 19
916 230 15 16
813 270 18 17
711 217 17 24
627 190 15 18
653 173 13 16
686 183 13 15
597 247 17 18
637 216 12 15
754 187 15 17
714 162 15 19
797 239 17 22
869 198 17 17
909 181 17 18
847 160 15 16
835 129 12 19
806 133 12 16
740 142 13 17
638 150 12 15
947 135 16 20
464 247 20 22
446 177 13 17
371 172 15 17
424 199 14 16
583 146 13 16
640 238 20 22
695 232 11 13
673 123 11 13
715 110 12 16
699 98 11 13
656 92 12 14
581 95 14 17
543 106 15 20
495 115 12 14
407 112 14 12
381 109 15 21
322 119 15 20
347 92 15 20
290 155 12 16
288 122 11 17
52 48 14 16
184 43 12 15
232 31 12 16
12 32 13 14
153 55 14 17
274 94 16 18
256 88 15 17
303 72 11 11
512 46 13 17
21 391 28 31
579 56 10 16
625 67 10 12
442 42 9 13
426 169 15 19
770 98 14 16
733 116 14 17
969 112 12 12
999 113 12 16
964 81 13 17
865 90 13 18
970 216 16 17
894 94 14 16
682 149 16 18
926 137 14 21
605 87 17 22
345 148 17 21
441 597 25 29
15 337 21 34
24 311 21 25
41 277 19 25
396 131 19 21
472 135 13 18
118 23 14 19
434 54 13 20
420 231 21 27
961 227 20 22
871 298 15 21
804 416 23 29
902 379 19 28
910 291 24 29
1000 282 16 21
967 185 21 23
456 71 14 17
