297 310 47 71
278 272 52 48
243 302 33 51
198 340 19 23
85 414 47 59
0 487 111 119
76 376 25 30
114 387 9 9
142 359 11 10
206 334 17 18
117 363 14 14
98 377 13 13
60 385 14 23
48 397 10 11
28 400 9 13
8 414 11 10
201 311 10 11
193 311 9 14
185 306 10 11
152 348 13 16
125 212 54 62
224 293 17 15
246 287 10 8
180 324 12 11
377 205 8 7
377 242 10 14
372 259 16 16
398 192 7 10
352 202 8 8
400 208 9 11
406 195 7 8
344 294 10 10
366 291 9 10
386 287 9 12
313 259 7 6
352 247 7 9
361 247 9 12
391 227 6 7
378 236 5 5
369 232 5 5
786 136 54 71
834 112 52 59
708 123 15 24
674 139 12 18
668 150 11 15
679 113 15 21
701 146 13 15
759 100 22 22
820 87 18 20
722 113 18 23
747 116 9 15
758 114 11 13
719 99 9 12
714 159 34 36
352 184 4 5
371 186 4 4
827 45 19 30
888 41 21 24
933 63 79 106
987 129 37 70
530 147 257 308
358 359 87 109
