174 479 49 82
203 426 44 63
291 308 29 21
194 296 20 20
137 418 24 28
120 295 22 27
210 11 16 17
236 3 15 20
261 13 17 19
300 49 18 23
319 53 11 13
350 47 14 15
361 42 18 23
376 60 11 14
404 66 13 21
331 76 12 14
329 68 8 14
269 48 12 19
255 64 19 23
231 47 16 16
191 53 15 15
173 96 12 17
275 66 12 12
291 133 19 20
338 145 19 33
283 164 21 22
230 139 20 30
214 139 16 24
183 153 25 28
158 190 17 20
120 140 19 24
115 153 11 16
383 164 12 28
402 153 11 12
429 167 13 23
466 168 17 17
457 149 7 9
594 154 11 11
435 115 9 8
444 117 7 8
507 153 16 17
578 159 9 10
449 162 9 14
507 211 11 15
523 202 10 11
756 306 7 9
803 316 9 9
784 320 12 20
793 320 11 10
705 315 12 17
713 311 9 10
684 325 14 19
710 319 15 22
728 322 9 8
782 301 12 9
919 290 8 9
884 307 12 12
907 315 11 15
930 295 9 9
878 295 6 9
872 294 8 12
868 284 8 9
826 322 17 20
835 309 5 5
852 293 7 8
849 291 6 6
842 300 5 6
861 310 17 17
972 293 5 5
966 305 7 7
983 317 17 26
942 293 6 8
936 287 5 4
969 320 20 28
977 298 11 13
960 305 6 9
914 328 15 23
909 320 15 22
847 330 16 19
872 363 42 57
921 337 22 21
910 306 7 7
855 315 9 11
770 330 18 18
758 357 28 32
729 336 16 19
749 352 17 16
676 321 10 16
688 365 16 18
85 333 14 24
95 362 13 16
621 379 18 33
31 399 20 27
