930 302 35 42
839 362 41 33
568 288 31 37
497 286 21 28
409 303 42 55
666 286 23 27
325 270 29 35
84 259 26 28
172 274 32 38
274 312 27 35
960 301 11 14
762 264 15 22
764 314 28 34
727 283 16 17
696 275 15 23
673 259 13 20
668 401 43 42
585 257 12 13
547 284 13 17
519 269 12 18
551 172 34 42
466 282 18 23
219 257 21 20
254 245 19 20
304 237 19 24
168 239 17 13
185 235 10 18
76 231 19 15
279 232 15 15
20 216 27 23
873 290 16 22
791 267 36 41
551 254 11 13
469 234 21 27
948 260 14 13
211 225 29 25
