655 446 51 62
515 359 43 54
555 322 35 43
686 299 30 39
715 253 24 32
612 265 28 35
557 273 25 30
528 312 26 28
483 275 24 34
439 255 28 36
454 226 24 28
556 204 28 33
522 232 20 20
529 213 17 20
485 218 17 21
500 214 17 25
866 263 39 41
976 248 35 50
966 198 24 29
846 206 26 32
739 202 26 32
663 215 25 32
600 210 25 27
912 204 20 22
801 251 27 38
271 330 38 51
398 343 34 41
306 296 36 43
187 283 42 44
86 280 38 44
65 438 28 59
60 380 39 49
45 280 32 38
13 247 22 23
34 242 18 22
55 245 22 18
110 231 23 23
148 231 25 30
126 263 30 32
165 273 30 37
223 250 25 33
242 239 20 26
290 240 26 32
258 291 29 31
376 233 24 30
413 231 22 27
395 275 27 45
337 223 17 28
355 229 17 25
279 213 19 24
224 225 19 15
173 208 20 19
131 208 17 19
84 209 17 16
55 208 22 18
141 186 17 19
115 198 13 15
18 200 17 21
46 184 9 20
97 177 13 13
128 187 11 15
164 175 11 13
24 163 11 11
16 148 9 12
303 204 18 22
237 195 20 24
217 208 15 21
259 207 12 15
344 180 11 13
287 182 16 23
301 186 12 12
417 176 12 18
439 187 16 21
241 179 13 14
234 168 12 19
244 158 12 16
255 163 9 13
361 184 14 17
384 178 11 11
443 168 13 15
431 151 11 15
372 157 12 13
331 143 7 11
279 145 8 13
286 158 8 10
260 148 9 12
237 143 8 10
221 142 9 10
110 142 9 10
57 139 9 10
128 143 5 10
142 137 6 8
168 158 8 11
158 157 8 10
270 135 6 9
306 142 6 9
313 139 7 10
350 144 9 10
389 146 9 13
336 173 8 8
348 132 7 9
464 167 12 17
483 153 8 11
442 139 8 12
367 142 7 10
73 147 8 10
379 207 16 16
394 200 13 16
188 162 8 15
400 151 8 12
479 132 9 8
634 180 14 18
686 189 18 23
578 177 11 12
542 170 13 13
505 191 18 21
492 157 14 18
507 168 11 14
597 165 12 14
632 158 11 14
652 166 10 13
598 152 10 9
559 150 12 16
529 141 12 14
496 146 7 9
496 132 7 8
568 133 8 8
601 128 9 11
627 132 9 10
642 134 9 9
685 145 11 13
663 141 9 11
705 166 13 16
753 189 18 23
731 165 11 13
746 158 9 10
879 163 16 21
792 183 20 27
771 195 16 18
865 197 14 23
936 179 19 23
970 181 23 19
995 160 20 26
990 139 16 16
962 133 11 11
921 156 13 13
866 155 13 14
847 159 14 14
859 178 14 13
819 151 15 18
768 144 16 19
790 163 12 11
824 133 10 9
888 139 8 10
938 131 8 10
891 108 9 10
858 108 6 8
759 120 6 9
858 128 9 10
987 125 11 12
1014 132 9 13
882 130 7 9
843 128 8 8
805 125 7 9
420 123 8 8
411 125 6 8
545 115 6 7
665 122 8 10
776 10 13 40
99 0 27 16
720 123 6 8
671 107 6 7
