223 655 64 28
319 651 66 32
361 556 51 66
391 522 50 71
210 559 66 76
92 649 72 34
11 565 62 89
41 548 50 53
104 515 50 53
117 574 60 70
280 471 52 53
368 445 45 60
282 428 44 47
236 460 43 58
154 479 42 50
106 467 45 46
20 480 42 64
83 437 40 50
10 421 43 58
67 390 41 40
11 395 32 49
136 410 43 53
182 413 32 45
287 370 35 40
303 404 36 48
334 402 35 49
475 281 66 65
549 591 53 85
456 590 53 68
725 607 62 76
756 549 59 81
557 498 47 71
592 466 36 55
610 395 42 51
631 458 46 57
685 435 41 56
738 450 43 53
766 493 49 62
664 524 61 71
854 546 53 68
885 601 60 76
952 576 54 54
929 633 44 50
934 475 45 61
900 517 33 58
854 462 49 57
788 463 52 63
839 423 41 45
934 417 43 52
724 396 40 48
783 408 41 49
823 381 34 45
864 388 38 45
1002 473 21 56
965 371 41 55
894 368 33 43
922 335 30 41
820 337 35 41
972 313 30 35
995 327 27 37
908 289 28 30
999 287 25 33
895 259 26 31
974 248 20 28
779 295 22 25
750 310 24 33
671 372 34 45
718 356 40 43
662 311 34 39
619 343 34 46
584 361 36 50
603 297 33 41
624 290 22 31
553 305 29 38
585 260 25 34
620 259 23 28
544 268 25 30
694 222 19 26
611 238 25 32
692 318 21 39
758 289 21 24
698 273 26 27
983 217 19 22
1007 209 15 25
936 232 18 25
337 311 31 38
403 304 25 34
423 292 25 32
450 283 30 41
444 227 21 27
334 264 27 31
362 252 20 27
377 229 22 34
522 222 19 23
580 224 24 25
17 360 37 42
11 300 26 32
44 289 21 28
65 284 26 37
47 335 30 41
32 340 31 43
122 320 28 35
256 357 27 37
14 266 26 30
75 271 27 32
27 233 20 25
303 220 22 26
352 239 16 15
418 207 20 30
666 239 15 21
198 180 15 21
300 189 16 18
325 204 16 20
