845 390 80 93
814 308 49 61
651 351 53 65
35 378 59 69
292 329 54 51
840 234 45 52
905 222 33 45
955 204 23 35
917 178 20 29
974 166 12 17
932 162 14 18
904 148 12 13
866 161 17 22
841 136 11 13
806 155 20 24
853 129 7 8
793 220 34 37
727 202 44 49
95 277 80 54
52 226 43 37
201 198 30 37
151 160 32 33
138 149 18 24
63 146 22 26
18 165 25 31
27 130 17 19
120 139 14 16
86 194 27 19
323 198 33 39
274 184 22 30
348 166 26 33
239 153 18 25
93 132 10 14
155 123 9 14
422 170 27 37
532 159 21 27
502 216 34 44
454 173 16 22
413 152 14 19
671 200 24 30
649 164 23 31
740 152 12 14
688 153 13 18
577 175 21 25
609 161 12 18
618 150 11 14
477 183 14 21
307 161 14 18
188 131 14 17
85 105 7 10
15 122 11 14
803 133 13 17
825 160 11 16
787 143 8 10
777 135 8 11
123 109 4 5
281 134 8 15
292 147 8 10
317 136 8 15
298 135 12 16
335 144 11 16
419 133 11 15
400 134 8 10
350 117 10 13
382 156 14 20
285 108 8 9
440 129 11 15
466 120 11 14
500 135 10 13
382 133 9 12
989 135 6 7
1011 139 6 8
977 137 7 8
939 141 8 9
746 127 4 8
762 123 6 7
883 141 6 8
877 138 6 6
701 124 7 10
665 126 7 10
681 125 4 7
631 126 8 12
647 120 5 8
642 129 8 11
708 147 8 12
599 127 7 9
608 131 8 11
610 122 7 8
584 119 7 9
559 120 9 12
534 122 6 10
520 138 8 13
359 142 10 16
745 170 12 15
702 163 9 11
488 139 10 16
761 160 12 15
521 114 7 9
367 118 7 13
144 115 9 15
178 113 6 8
311 115 10 10
265 152 13 18
998 340 26 55
834 202 30 24
894 144 12 15
0 133 9 23
3 163 18 23
