943 259 37 42
903 262 45 55
907 185 26 27
826 184 25 30
836 135 19 23
847 234 22 34
814 272 38 45
764 205 28 25
783 232 34 41
759 283 42 48
776 146 24 21
745 172 26 29
726 157 14 14
681 197 33 37
679 140 24 29
750 141 19 18
642 175 27 30
660 166 18 29
645 129 17 22
687 246 38 47
646 229 32 38
612 261 43 54
571 204 38 40
602 169 25 33
582 136 20 24
566 156 16 25
538 273 32 44
538 176 25 32
524 156 17 27
489 141 21 22
492 206 29 25
455 219 37 44
428 280 44 50
424 232 27 31
407 188 21 24
371 198 29 35
331 239 29 37
316 273 33 41
299 245 21 36
235 219 48 54
186 240 30 32
107 229 46 57
0 250 11 43
982 235 31 34
883 250 14 16
