90 294 41 33
129 254 26 27
171 267 31 45
210 238 18 23
0 240 22 28
30 265 34 49
14 222 8 8
32 221 7 8
58 212 7 8
79 242 8 8
80 213 6 7
86 212 7 7
101 215 6 7
110 226 6 7
98 231 6 7
105 238 5 6
114 234 6 6
74 223 6 7
53 180 7 8
70 184 6 6
87 184 7 8
38 246 15 16
186 195 5 6
233 206 5 6
253 203 5 6
253 243 35 45
339 241 28 38
369 251 26 32
373 182 41 59
451 228 37 38
490 227 41 65
458 201 5 7
556 198 8 9
573 208 4 4
582 198 5 5
592 194 6 6
594 202 5 5
604 196 5 6
618 198 5 5
636 198 5 5
648 198 4 6
631 215 6 7
610 219 5 6
591 218 6 5
585 216 6 6
634 231 7 8
647 220 6 6
666 219 5 5
665 200 4 6
680 194 4 4
687 195 5 5
728 195 5 5
722 198 4 5
739 197 6 6
751 198 5 6
761 195 5 7
818 186 6 7
840 184 5 7
866 187 5 6
856 185 6 8
786 205 34 42
731 233 34 47
576 227 12 14
557 242 33 47
598 257 44 53
660 267 44 55
648 257 27 39
831 265 62 72
947 231 50 54
989 290 35 55
940 182 6 7
1010 214 7 8
1019 212 5 9
1010 227 10 15
