974 404 20 22
955 389 18 22
994 338 17 22
935 344 21 22
926 322 18 21
882 368 16 18
906 391 15 21
924 403 16 16
956 449 19 23
915 422 13 17
998 490 19 26
928 481 20 24
935 515 21 27
897 506 20 23
881 543 21 26
803 483 20 26
805 552 21 24
811 430 18 18
811 344 18 21
844 326 14 18
813 329 19 16
846 429 16 22
996 173 15 19
966 169 15 19
972 141 14 17
946 176 16 19
933 160 14 17
941 203 19 23
913 193 16 18
889 229 17 20
916 298 15 21
965 284 17 20
844 284 18 19
833 265 17 21
845 207 18 20
866 186 15 22
857 187 12 15
1011 80 11 16
874 53 14 17
858 24 14 18
875 24 12 15
919 25 12 14
916 2 11 16
866 0 11 9
840 112 17 20
834 143 19 19
841 57 13 19
977 122 14 17
931 125 11 15
832 17 12 17
841 5 10 15
819 42 14 17
815 89 17 16
778 63 14 18
771 47 12 15
755 25 11 15
753 6 9 12
900 31 16 17
725 114 10 14
810 108 6 7
858 102 9 17
877 121 10 11
724 174 14 17
766 180 11 15
782 182 15 21
750 219 17 17
663 138 16 21
652 128 10 12
674 136 11 15
623 159 16 18
635 188 18 19
619 147 12 16
788 284 16 20
749 299 16 21
728 293 14 21
756 350 18 21
708 327 17 22
672 333 19 21
684 271 18 19
662 359 20 21
768 444 18 21
750 408 16 20
717 412 13 15
716 442 17 22
686 378 14 13
743 523 20 22
608 309 18 20
592 304 13 16
638 263 15 21
567 221 17 20
586 222 14 17
559 280 17 20
602 18 14 16
604 5 12 12
636 19 12 16
639 56 15 16
537 3 13 18
507 0 14 10
504 20 12 16
496 47 14 15
498 79 15 18
510 100 14 16
550 72 12 14
569 0 10 11
521 0 6 10
639 0 14 7
657 33 10 15
681 55 9 15
439 26 13 16
468 16 10 14
486 8 12 16
385 6 15 15
377 5 9 9
393 57 10 13
420 80 14 16
428 63 13 17
459 94 10 14
449 123 12 18
399 97 10 13
319 102 13 17
363 71 12 17
379 58 11 14
317 35 10 17
352 136 15 20
293 105 12 18
479 140 17 19
475 165 16 17
494 196 18 22
470 193 15 19
411 163 16 20
423 142 13 18
398 199 15 20
563 377 11 16
505 433 17 22
610 407 17 20
500 318 16 19
501 271 16 19
511 237 16 22
444 255 16 18
468 268 13 15
446 295 16 19
501 491 21 21
530 535 17 23
524 478 14 15
463 472 15 19
418 443 19 21
430 422 15 18
440 542 14 23
380 504 21 22
325 245 14 19
354 265 13 19
410 256 13 17
381 233 13 17
324 195 16 15
331 167 13 17
403 365 15 22
302 353 15 19
364 492 13 13
268 520 24 27
324 562 16 15
245 481 17 22
251 391 20 22
296 420 16 18
349 398 17 22
142 419 20 24
97 482 21 25
72 463 20 23
101 419 17 24
45 411 17 25
35 517 16 22
124 556 18 18
0 536 6 18
0 460 12 23
56 329 18 23
164 286 18 23
175 283 13 18
127 343 17 27
91 375 17 22
10 363 18 18
40 293 13 17
282 168 13 18
309 140 13 17
197 186 15 20
193 153 16 18
201 136 7 9
247 249 14 20
197 227 16 19
183 250 15 17
184 181 10 15
254 129 14 19
90 239 14 19
20 204 16 21
15 183 17 18
13 255 15 22
32 259 15 20
40 165 16 19
70 143 12 17
124 143 13 18
19 157 13 18
265 31 12 16
272 0 15 14
224 8 11 14
151 7 8 10
150 16 9 12
282 68 12 13
253 68 13 16
181 106 12 18
179 91 12 13
173 66 14 17
145 76 12 14
81 67 16 18
58 35 13 16
26 64 14 17
40 82 14 17
31 128 14 17
146 118 14 15
74 2 11 14
249 52 12 14
287 44 11 15
100 48 9 11
287 504 19 22
704 496 22 26
891 294 18 21
976 208 15 21
