872 416 40 53
754 405 43 54
954 403 54 48
959 258 38 46
876 238 32 38
927 172 29 40
878 178 21 35
754 158 23 34
574 156 16 22
465 193 23 24
468 236 20 28
439 236 27 33
296 225 24 33
384 240 20 20
531 230 20 24
395 206 18 21
344 251 20 29
283 296 28 37
282 250 15 25
260 383 32 38
147 334 32 36
179 340 20 32
187 309 25 34
221 313 24 31
257 319 29 38
67 367 28 31
68 309 26 30
101 326 27 23
23 326 21 23
247 264 22 26
199 271 10 14
97 238 12 14
88 260 12 14
75 255 10 12
90 295 18 27
10 525 243 161
989 152 32 42
851 171 21 34
