872 387 35 96
869 309 19 37
552 550 77 91
615 340 27 50
432 389 24 62
925 295 21 35
996 200 13 16
860 281 16 25
905 261 20 25
953 219 12 13
902 218 12 16
848 213 12 15
824 240 16 19
837 266 15 17
789 263 26 33
804 209 13 13
791 241 14 19
1006 252 11 17
995 357 29 64
735 283 27 28
755 330 31 45
724 262 20 24
756 248 18 20
768 193 12 15
752 235 12 17
729 206 12 15
711 208 14 15
698 244 14 18
671 238 13 19
635 251 13 22
673 190 9 13
670 206 8 13
651 190 10 14
640 239 10 15
632 188 9 14
593 246 7 22
606 196 7 11
588 196 7 13
581 193 10 13
503 237 13 16
534 190 10 11
545 245 11 14
542 226 12 13
488 227 12 18
514 198 9 12
476 198 9 13
452 186 8 11
419 183 10 13
525 309 27 36
471 259 10 24
519 234 9 20
402 296 21 44
599 298 17 32
293 188 8 10
339 195 7 10
357 206 7 9
277 199 8 9
258 197 7 10
247 195 8 10
225 195 8 9
460 237 13 19
417 233 11 15
450 227 11 14
149 212 7 8
26 196 8 14
178 227 8 10
948 252 19 24
308 189 7 11
389 224 8 9
