938 275 46 51
908 307 12 15
885 320 20 21
876 293 14 21
808 326 17 21
841 313 11 13
833 324 8 10
855 273 10 11
909 282 6 8
828 311 10 13
815 303 9 11
816 289 7 9
792 301 8 11
770 323 17 19
738 305 18 17
665 307 18 20
693 295 10 11
761 320 9 12
768 313 8 10
713 315 8 10
695 326 13 15
689 320 12 15
680 305 6 8
599 324 16 15
656 316 9 12
644 324 11 13
635 317 11 12
636 309 10 12
601 309 13 13
592 310 11 14
567 326 17 18
576 314 13 15
553 317 11 12
516 315 15 13
505 323 10 11
493 324 15 18
443 323 18 20
435 323 11 12
426 318 10 12
396 322 10 12
391 326 10 11
372 327 15 18
346 334 10 10
339 325 11 12
353 328 6 7
276 342 15 20
263 330 14 15
277 327 10 12
212 341 14 15
250 334 11 14
223 331 13 19
112 403 53 49
174 327 24 29
144 325 7 10
158 316 7 7
155 362 7 9
87 348 11 12
124 343 10 15
107 322 8 9
130 318 9 9
155 305 6 8
110 290 6 9
90 331 8 13
71 336 11 11
41 346 16 20
15 339 10 11
52 333 9 10
18 362 11 13
