756 625 57 58
729 493 43 47
802 422 34 45
922 478 25 47
693 417 42 41
430 621 51 60
478 473 37 47
254 643 58 40
47 556 55 69
229 519 34 45
119 473 44 50
293 431 35 41
266 392 16 30
340 360 28 34
247 352 27 31
166 361 24 24
79 343 32 34
12 361 28 30
239 268 22 30
144 283 15 27
151 270 15 20
177 258 12 21
172 240 16 17
73 279 18 21
85 278 10 12
112 224 14 18
58 241 15 22
67 212 10 12
44 203 9 17
32 184 9 12
41 180 11 14
116 209 15 14
159 208 7 15
145 192 10 14
135 182 12 14
112 197 9 10
112 185 11 12
107 183 9 12
97 183 10 10
111 179 8 9
163 191 7 14
58 192 11 13
87 171 8 11
60 152 16 8
34 155 10 12
16 139 9 9
120 156 7 8
149 151 9 8
0 165 10 12
127 167 7 11
157 157 9 10
179 155 7 12
200 231 10 15
149 134 7 10
157 137 6 8
166 147 8 11
183 162 7 9
180 142 8 8
174 139 7 10
247 233 14 18
236 216 13 15
259 215 12 13
279 178 11 12
287 173 10 10
306 170 14 14
389 251 19 26
203 169 5 7
196 146 11 10
232 145 10 11
249 167 10 10
244 157 9 9
260 160 8 9
263 155 7 8
274 147 10 10
318 244 17 22
342 221 14 19
353 208 18 19
346 189 10 16
300 273 16 21
317 276 20 24
413 189 19 18
296 137 7 9
442 284 20 26
451 254 20 28
383 192 10 13
410 161 13 11
347 162 8 12
352 163 7 12
432 159 5 8
435 158 6 13
242 144 9 10
255 138 9 11
267 137 8 9
281 130 9 8
299 130 8 9
294 145 8 12
302 147 8 9
311 143 6 6
318 138 8 8
319 163 9 16
289 311 20 28
460 209 10 15
332 261 18 24
215 154 8 11
352 138 8 10
357 134 8 9
394 194 8 12
218 110 7 7
288 113 6 6
258 116 7 6
327 110 8 8
352 105 6 9
385 106 7 8
365 105 6 8
360 106 5 6
421 99 5 9
382 87 5 7
447 134 6 9
475 149 9 12
479 160 9 11
474 139 7 10
427 109 7 7
401 111 7 8
423 118 5 7
438 120 9 9
476 126 8 10
472 120 7 10
466 113 6 9
456 104 9 10
459 95 7 7
444 168 12 13
451 185 14 13
464 190 14 16
490 177 10 12
496 186 7 10
455 160 8 9
518 205 13 17
536 181 9 13
551 186 9 14
560 199 13 12
562 177 8 15
513 168 10 12
506 163 9 10
363 165 5 12
359 169 8 9
73 172 11 17
153 171 10 12
132 145 7 11
547 234 12 16
588 234 13 17
626 241 16 14
624 208 11 17
577 201 10 12
598 171 9 15
577 168 9 11
619 164 11 11
631 167 11 13
523 201 13 7
430 130 7 7
456 139 7 9
499 145 9 8
468 138 7 10
473 98 6 9
485 116 8 8
497 109 7 8
493 110 5 7
512 118 6 9
507 120 6 9
510 106 6 7
529 116 8 11
531 128 6 9
535 136 9 8
526 108 7 7
501 97 7 8
520 144 9 13
527 157 8 12
545 148 10 12
559 134 8 9
524 98 5 8
545 107 6 7
549 100 6 8
539 97 7 9
555 121 5 9
552 115 7 9
561 110 6 9
562 124 6 5
553 108 6 7
598 160 10 10
592 159 8 9
573 157 10 13
565 151 8 15
581 139 9 12
614 157 9 11
605 148 9 10
574 123 9 11
584 117 8 9
598 120 7 11
601 111 5 10
607 123 7 8
613 124 7 12
624 118 6 9
623 110 7 8
645 122 9 12
607 98 6 9
631 96 7 7
637 108 7 9
540 83 7 9
561 79 5 5
677 178 11 14
653 169 11 12
627 101 7 9
651 107 8 7
652 98 7 10
661 109 8 10
660 125 8 10
652 152 10 9
674 108 8 10
683 111 8 9
636 99 9 8
699 112 6 9
686 128 6 9
644 91 6 6
679 95 7 11
690 97 7 10
703 102 8 8
709 111 7 7
717 122 8 12
707 94 7 7
713 104 8 9
723 106 9 8
729 118 6 11
691 89 6 6
712 85 6 8
732 102 7 9
741 100 8 9
673 91 7 6
668 85 7 7
710 79 4 6
657 83 7 8
703 140 6 10
719 139 10 9
734 135 7 10
735 119 8 9
745 114 8 11
753 121 8 12
679 163 12 13
705 154 9 11
711 163 9 12
714 156 12 14
736 173 12 14
744 90 6 7
757 88 6 7
761 118 8 9
763 105 9 9
773 90 7 6
778 124 10 10
774 100 8 9
780 90 6 9
808 89 7 8
812 110 7 11
821 131 10 11
834 130 10 12
823 120 9 9
830 114 9 9
821 109 8 9
828 126 8 9
840 111 8 10
864 115 10 10
869 124 11 11
867 135 10 10
848 109 9 11
854 104 8 9
859 95 8 8
836 88 7 7
875 99 7 10
676 292 16 26
660 296 20 22
657 224 17 21
678 212 17 19
681 193 16 13
702 190 10 13
712 199 13 16
718 211 15 17
765 222 16 18
760 192 13 17
794 225 16 17
803 196 14 17
772 183 11 15
758 153 6 12
787 162 11 15
793 152 10 9
808 157 11 11
826 158 6 13
806 176 7 13
769 149 9 12
825 198 11 19
837 225 17 18
846 253 24 29
780 267 15 22
930 268 15 24
972 244 22 23
854 195 12 13
850 164 12 13
861 158 11 14
928 153 6 10
996 223 15 17
988 185 15 17
1010 186 11 15
965 167 13 17
973 131 11 14
990 132 12 11
1007 138 10 10
1003 120 9 10
1012 122 7 9
1017 126 6 8
1019 103 4 13
927 133 12 12
925 119 11 12
903 125 9 11
895 118 9 11
915 100 9 9
903 95 6 7
993 86 7 7
996 80 7 7
993 82 6 7
1015 73 7 7
37 128 6 9
266 110 6 8
316 97 6 7
780 103 7 9
825 78 6 5
819 70 4 8
799 76 4 5
817 82 4 5
808 72 4 5
807 62 3 5
