961 388 30 29
913 444 31 34
832 435 33 34
787 420 21 28
923 415 15 16
1010 400 9 14
872 398 15 17
861 423 17 15
804 392 17 20
822 384 9 14
758 399 18 22
726 376 14 18
703 392 16 18
685 373 14 16
672 444 26 33
669 410 20 28
634 390 18 21
605 373 12 15
582 428 26 31
584 393 13 19
490 399 16 18
457 388 21 28
414 428 28 33
407 394 14 18
335 417 22 30
368 410 21 22
294 392 23 28
355 381 14 14
343 372 8 12
377 388 7 10
383 371 9 11
225 417 24 33
108 408 33 37
194 392 12 13
257 381 12 12
143 395 20 21
0 419 18 31
15 395 25 24
537 404 17 24
