0 584 44 70
108 593 109 89
364 527 87 91
433 549 58 92
613 590 77 84
545 640 61 42
685 477 62 96
884 402 51 63
973 274 51 119
934 279 62 78
912 252 51 64
894 255 30 45
896 166 38 50
984 138 40 55
1000 61 24 53
917 90 41 46
883 122 46 50
849 198 32 22
980 27 31 46
881 46 42 49
828 303 63 79
737 390 60 79
771 312 50 60
782 254 47 53
677 335 69 82
642 420 64 78
662 283 51 54
637 248 41 55
772 158 48 51
765 222 47 59
744 165 35 49
791 108 39 47
769 98 40 46
742 80 37 46
714 86 36 44
544 68 36 42
595 82 17 33
661 106 34 33
707 161 40 49
616 101 42 45
606 141 50 59
528 110 43 42
516 146 47 56
640 178 44 39
645 204 48 62
548 249 49 64
492 253 50 71
539 198 49 58
449 172 53 60
494 160 27 41
459 113 42 50
491 113 36 38
490 31 35 44
374 52 39 39
382 97 43 48
321 84 43 50
256 85 37 43
379 213 45 50
399 257 56 57
336 253 38 42
235 50 33 35
143 61 36 44
247 87 26 28
200 82 32 42
174 88 37 36
168 117 45 55
232 109 43 57
94 81 30 30
117 132 44 61
13 81 40 41
11 128 48 55
215 184 39 58
184 161 43 38
129 209 36 38
111 243 28 47
61 169 40 48
0 240 45 63
47 274 49 66
171 281 47 77
210 247 53 62
231 297 55 57
279 285 34 48
292 332 45 68
205 401 73 93
23 426 65 81
130 492 68 74
470 457 72 86
412 419 64 94
385 403 33 57
426 345 65 95
369 283 33 40
549 5 11 15
382 30 11 9
