956 513 19 25
932 487 16 23
952 488 16 18
899 483 17 19
888 495 16 23
869 521 24 26
865 497 18 19
809 503 21 25
803 480 13 14
771 510 13 24
725 502 15 22
737 501 14 21
698 505 21 22
670 479 13 17
612 500 19 24
627 502 14 20
633 504 14 18
655 490 21 20
575 482 20 22
576 456 13 12
563 489 13 17
522 523 21 26
539 521 17 22
536 495 10 15
510 484 12 16
492 489 11 14
479 505 17 24
454 510 22 22
475 489 16 14
482 453 10 9
465 470 11 10
451 452 8 10
462 452 7 8
542 468 8 8
435 476 18 19
420 483 13 21
388 501 21 26
364 507 22 27
292 521 19 20
257 511 16 18
304 482 12 13
254 478 14 16
227 516 9 17
194 472 11 12
236 472 11 11
221 455 7 13
267 467 11 10
89 527 22 29
206 516 17 24
159 486 20 23
100 458 9 9
98 475 10 10
95 497 13 15
107 476 10 12
168 447 10 10
225 488 8 13
40 461 11 14
15 470 12 12
25 492 14 17
0 519 13 16
26 542 25 28
61 511 14 15
50 466 11 11
83 448 9 10
192 451 8 8
0 474 13 27
18 448 11 13
110 493 22 31
63 467 12 15
851 488 11 14
870 485 14 14
784 488 15 13
743 476 21 20
833 496 11 12
279 667 51 44
203 492 16 15
526 462 13 13
990 504 22 26
608 463 12 16
