1008 341 16 28
1002 325 17 18
1000 309 11 14
969 321 8 9
962 342 13 20
910 352 24 25
890 313 11 20
922 312 14 15
872 306 11 14
835 336 21 27
855 334 12 15
849 311 9 15
863 303 9 9
828 307 13 15
804 318 13 15
776 364 24 25
774 322 13 16
822 301 8 12
770 305 6 12
797 309 7 9
769 292 6 8
759 362 16 31
734 330 16 23
744 309 13 16
735 306 8 10
754 297 5 7
703 324 14 18
677 337 22 28
683 315 11 13
692 301 5 7
706 293 6 7
682 291 4 5
637 404 38 44
587 374 21 27
645 325 16 20
591 328 22 29
665 308 11 14
662 336 11 15
594 311 11 11
609 309 10 13
584 304 6 10
610 297 6 6
584 290 5 7
591 290 4 5
530 339 22 26
554 345 14 18
574 309 6 11
545 308 8 10
555 303 7 9
545 292 6 7
508 325 17 25
492 367 17 26
560 297 3 4
575 294 5 7
512 301 7 8
526 287 5 6
536 286 5 6
501 291 4 5
495 309 15 19
422 380 38 43
438 324 16 22
478 307 8 11
461 300 9 10
449 293 6 8
440 290 5 7
427 297 6 7
413 293 6 8
391 300 7 7
404 322 8 9
399 291 6 7
420 294 5 7
385 286 4 6
391 284 3 5
466 285 4 5
459 282 3 4
456 321 11 13
382 341 20 22
368 311 6 12
389 312 5 11
372 297 9 11
365 286 7 8
346 297 9 11
333 316 10 12
332 296 5 8
357 277 9 12
302 301 8 9
265 451 54 67
229 373 33 43
275 313 22 29
240 309 11 17
157 332 31 38
206 290 10 12
257 300 10 10
277 300 7 9
234 300 8 15
168 305 13 15
187 293 5 7
209 280 4 6
218 298 9 11
161 294 5 10
176 292 3 5
34 320 27 36
75 320 16 17
122 336 18 17
0 353 16 46
0 300 6 24
44 280 4 6
6 279 5 6
24 285 4 5
14 282 5 5
88 291 4 5
140 291 4 6
121 286 4 5
102 286 3 4
133 281 2 4
145 279 3 4
53 279 3 5
69 280 4 5
804 495 59 65
91 309 12 17
