44 515 24 31
4 527 22 32
54 545 20 28
82 517 15 20
115 514 12 15
75 556 26 37
96 539 18 25
114 565 21 27
8 561 43 52
166 505 11 14
163 524 12 15
165 534 26 44
187 536 20 21
225 508 8 13
215 523 13 19
211 545 26 38
184 559 24 38
22 505 12 12
96 492 7 10
269 523 15 21
268 558 25 32
271 582 26 44
231 613 38 47
129 607 35 43
80 627 48 56
340 536 14 17
357 542 17 25
349 520 10 13
399 534 10 16
411 528 9 14
287 536 25 34
319 638 33 42
366 639 45 58
483 615 21 42
495 589 24 35
515 571 17 28
505 539 12 24
542 541 12 25
532 616 40 58
422 560 14 21
379 551 19 22
382 583 33 30
315 521 9 12
293 521 13 14
361 521 9 10
600 545 9 16
612 578 17 25
629 547 9 12
660 593 19 28
685 601 28 42
710 576 15 24
751 594 23 38
669 570 16 18
732 557 9 12
719 568 11 14
670 546 8 11
642 623 36 38
759 557 6 8
515 525 5 7
331 517 9 15
401 514 6 7
313 499 8 8
828 603 19 28
832 572 16 19
689 562 8 10
732 673 34 27
937 635 51 65
876 646 32 41
778 543 7 8
647 518 6 9
628 515 5 7
614 519 7 10
57 491 8 10
35 482 8 9
96 502 12 22
648 666 40 34
509 139 53 71
945 434 6 10
995 467 8 11
1018 438 6 10
1005 578 10 12
1001 579 8 16
993 600 16 15
978 588 14 17
856 513 38 53
535 598 19 22
