57 193 16 20
6 211 14 20
100 216 13 15
162 298 21 25
122 302 17 23
119 337 28 32
14 401 21 24
370 224 10 15
437 233 14 21
368 262 16 21
355 281 13 24
297 290 21 30
368 343 13 25
319 396 24 37
446 385 30 42
418 302 12 23
444 258 12 15
471 303 22 20
415 620 21 45
565 524 35 39
595 219 12 17
612 225 12 16
669 241 12 17
668 223 10 17
532 234 11 18
573 228 10 15
567 244 14 20
550 254 17 19
519 269 10 17
594 273 14 17
569 269 15 21
599 288 20 25
696 273 14 19
693 304 13 22
670 313 19 23
664 345 19 29
665 387 18 30
707 414 27 45
663 491 31 35
838 565 31 41
607 615 14 37
809 209 8 10
807 226 11 18
797 247 14 19
795 270 8 19
806 298 9 19
729 274 17 24
728 207 7 11
723 219 6 12
752 214 9 13
698 215 8 9
697 237 11 14
716 229 9 14
767 247 11 15
883 195 7 10
855 213 10 13
873 217 6 10
845 229 8 11
862 248 14 16
885 263 13 18
885 235 7 10
835 339 17 25
775 369 20 30
890 307 14 17
859 377 19 29
994 170 6 10
1009 195 7 11
1006 208 10 14
971 182 8 9
948 184 6 8
912 200 9 12
925 209 9 11
969 221 8 10
950 218 6 10
936 223 11 13
919 225 11 12
945 236 11 17
968 234 6 14
979 230 6 10
973 263 9 11
932 257 9 15
924 283 12 13
922 243 12 20
959 199 9 11
927 184 6 10
942 176 5 8
902 189 8 11
895 228 9 12
854 235 10 11
824 237 9 10
890 429 25 39
990 380 24 38
991 416 26 35
997 445 22 34
757 238 13 18
829 253 9 14
