567 300 156 192
426 979 58 62
355 907 30 61
231 883 44 42
142 834 20 29
123 801 12 22
52 812 18 32
34 809 24 34
17 790 19 19
0 786 14 23
16 767 7 10
16 754 9 9
32 747 10 7
17 734 4 4
28 727 3 6
34 730 4 4
40 724 3 4
149 706 3 3
118 703 3 4
92 705 3 3
34 707 4 4
59 706 4 3
64 705 3 3
39 699 3 5
44 706 3 3
20 700 3 4
16 704 3 3
8 703 4 5
0 703 2 4
54 728 3 4
76 701 3 4
24 713 3 3
21 708 3 4
3 704 2 3
922 575 8 9
932 573 5 9
930 623 6 8
927 587 9 9
875 549 7 14
293 680 4 5
302 679 4 6
312 682 4 5
306 677 4 5
312 672 3 5
315 667 3 5
313 659 4 5
325 655 3 6
323 670 3 4
331 674 4 5
315 643 5 5
308 647 5 5
293 650 3 4
290 661 5 4
296 663 4 4
279 686 3 3
276 667 4 4
286 657 4 3
273 684 3 4
273 690 4 4
267 692 4 5
362 658 5 5
368 661 3 5
346 658 3 4
355 664 5 5
360 624 5 6
387 621 4 5
397 615 5 6
428 610 5 6
440 610 5 7
421 640 4 7
415 635 5 4
477 608 6 7
508 617 6 8
502 631 5 6
476 632 6 6
446 624 5 6
434 625 7 8
404 644 6 7
449 602 6 8
457 595 6 9
