989 390 35 74
1000 290 23 35
891 297 39 46
926 263 9 14
913 257 7 8
955 268 11 14
852 266 10 11
867 260 9 9
837 261 9 13
821 261 15 17
808 271 14 21
766 285 39 40
743 362 81 96
633 239 40 50
772 251 23 25
736 265 13 14
705 264 16 22
687 279 21 24
687 261 12 14
800 251 11 11
743 253 8 9
491 378 80 107
504 272 39 49
555 261 22 28
583 248 14 16
535 252 13 15
492 278 18 26
461 302 26 33
61 312 79 88
234 362 73 85
255 284 43 43
222 271 22 27
149 305 36 50
40 292 37 47
152 251 21 27
83 264 26 22
49 250 22 21
205 264 9 13
256 267 9 11
325 264 16 19
314 266 14 17
268 258 13 13
8 295 5 20
9 261 23 25
26 231 17 17
98 241 13 13
75 263 8 11
65 233 9 8
110 268 16 17
112 226 7 5
122 235 7 8
77 235 6 7
194 251 8 8
375 273 43 53
416 274 20 23
438 276 13 20
438 253 16 19
349 300 24 32
347 276 21 22
290 265 18 21
348 254 8 10
345 247 6 7
385 248 6 8
489 261 18 16
506 249 9 9
468 252 12 13
460 265 11 10
418 246 8 9
432 246 9 10
403 242 7 9
463 247 7 9
496 244 3 5
480 239 7 6
266 238 8 9
295 242 6 6
226 244 6 7
248 243 7 7
209 241 8 8
216 233 7 7
232 242 6 8
224 233 4 6
312 242 8 8
309 250 11 12
359 249 9 9
363 239 6 7
393 243 7 9
454 243 5 5
483 249 4 5
523 249 7 7
532 241 3 4
510 241 6 5
503 239 4 5
569 244 9 10
547 240 7 7
714 252 7 9
22 213 10 13
795 281 21 36
