832 468 10 14
863 465 9 17
840 458 11 6
889 462 10 10
905 433 7 11
916 418 8 6
921 425 6 9
927 426 2 6
882 376 5 6
902 391 5 7
922 396 4 6
938 391 5 7
895 443 9 11
890 439 7 11
757 408 4 5
976 416 9 10
865 362 6 8
992 403 5 9
944 397 6 7
872 542 17 20
858 569 20 26
892 569 17 28
921 565 14 28
990 483 13 15
895 719 25 43
999 638 25 35
29 450 8 15
67 429 13 17
51 462 12 19
152 455 9 13
184 402 11 12
77 497 17 23
111 541 12 21
194 519 20 22
215 497 17 20
5 546 20 26
81 565 19 26
209 593 23 24
194 623 14 31
78 649 11 32
164 686 20 23
156 739 37 28
307 404 9 12
314 421 11 15
319 459 16 14
365 418 9 11
406 450 11 15
405 406 8 9
507 647 27 36
265 610 25 38
334 587 24 34
387 582 18 29
312 657 36 48
417 645 7 26
443 707 19 39
580 524 18 25
645 581 9 17
743 594 18 29
621 606 25 32
558 713 31 41
649 671 17 39
489 566 17 22
496 578 17 32
781 515 16 17
631 500 18 21
503 413 10 10
621 417 11 14
527 457 13 16
531 469 11 17
598 420 6 10
549 410 12 11
649 424 7 9
657 425 8 9
929 449 13 16
833 362 6 5
838 377 5 7
844 373 6 9
785 402 10 9
867 392 5 7
761 465 13 22
777 452 12 15
825 431 3 7
0 497 3 11
866 451 9 9
953 360 6 8
902 470 11 16
