949 596 46 49
994 547 30 55
955 453 34 40
883 651 54 33
788 615 37 56
664 652 59 32
646 578 32 57
891 425 35 43
832 464 41 56
750 442 42 59
804 375 36 45
741 366 37 50
946 363 30 35
989 292 31 42
910 297 34 43
934 264 29 32
983 238 29 38
893 241 24 29
852 306 30 26
984 146 29 31
988 197 31 31
887 187 25 32
918 88 24 34
842 100 27 34
505 595 45 53
420 631 52 53
278 644 55 40
320 614 46 56
107 637 53 47
152 659 42 25
605 438 41 59
678 353 34 41
586 369 32 46
787 179 23 31
765 242 28 36
708 195 25 23
655 233 30 37
729 130 24 24
742 107 24 28
429 467 41 55
490 436 34 45
366 460 45 56
329 424 36 45
74 520 46 54
190 520 41 50
694 323 28 39
510 334 33 45
502 314 26 34
320 283 34 46
363 356 29 39
244 418 34 44
267 338 28 44
192 224 26 31
80 194 29 28
25 216 27 34
137 110 20 25
120 94 17 21
101 59 18 21
57 41 15 19
390 181 20 30
427 167 23 31
374 127 19 21
322 156 22 29
298 125 19 22
461 147 16 28
245 88 25 33
266 61 19 21
190 79 20 26
230 102 18 25
205 1 14 19
167 9 7 16
114 0 14 9
302 40 18 22
303 101 19 25
345 73 17 22
350 35 18 23
361 14 17 22
418 37 14 20
456 68 19 24
405 19 11 14
352 11 13 15
360 61 14 18
366 79 10 15
530 88 23 31
488 32 18 23
472 34 10 15
566 28 19 24
573 12 11 14
469 99 19 23
598 108 25 34
607 79 20 24
590 61 15 20
661 192 24 31
605 167 25 33
646 100 12 17
621 67 18 22
648 50 17 21
667 25 17 23
777 10 17 18
754 29 17 23
67 119 12 21
368 265 12 22
10 503 40 63
0 412 22 45
