706 617 7 9
633 828 11 15
657 621 5 11
707 677 7 13
573 602 5 7
666 730 5 11
200 620 5 7
212 618 4 8
190 604 5 9
152 668 7 12
203 636 6 10
248 652 6 11
305 633 5 7
321 649 4 11
312 630 7 9
340 707 7 9
457 1004 17 19
191 986 12 23
152 684 7 8
176 701 7 9
200 714 7 10
225 729 9 9
233 713 7 8
288 738 6 9
294 712 8 11
285 709 7 12
277 685 6 10
269 685 6 9
256 731 7 9
227 688 6 9
208 676 8 8
250 671 6 9
279 661 6 8
262 647 7 7
282 641 5 8
292 627 8 12
241 641 5 6
272 622 7 13
262 608 6 8
290 588 5 8
227 638 5 8
214 645 6 6
213 654 5 8
246 619 7 9
221 630 11 7
229 625 7 7
164 681 9 9
158 665 5 8
160 650 4 8
184 641 5 8
188 635 6 10
190 615 6 9
175 620 7 7
160 628 5 9
153 612 4 8
145 647 6 9
146 628 5 10
165 608 5 9
317 670 7 8
336 684 6 8
366 692 5 10
391 685 6 11
387 671 6 9
355 660 3 7
297 660 7 8
305 650 7 10
304 622 5 9
372 620 4 7
384 616 7 9
380 629 4 7
384 644 4 8
435 720 8 10
457 736 7 12
447 778 9 10
392 772 10 12
405 733 8 12
347 758 11 14
328 750 8 13
343 729 8 11
374 714 6 12
295 854 8 15
435 692 7 9
428 669 7 8
420 657 7 8
417 649 5 8
401 643 8 9
411 645 4 6
359 645 5 7
389 663 5 8
568 663 5 10
548 660 7 6
539 660 5 6
523 647 7 10
500 641 6 7
487 655 8 9
517 669 8 9
531 674 7 10
502 674 7 7
459 645 6 7
476 653 4 7
450 663 4 8
497 705 8 11
517 714 7 7
549 726 9 13
507 745 7 14
531 772 10 13
550 712 7 11
571 694 8 13
583 715 7 13
542 630 5 9
559 641 4 8
454 677 6 8
476 667 9 10
528 620 5 7
519 639 6 7
462 633 4 7
480 635 4 6
447 628 5 10
466 687 6 8
589 734 9 12
626 698 8 11
622 679 6 10
497 797 10 13
547 811 12 15
596 817 12 14
588 782 9 16
495 615 5 7
463 607 5 7
444 597 4 6
560 588 5 8
579 612 6 11
561 614 7 8
602 612 6 10
589 603 5 9
614 651 4 6
626 648 6 7
661 639 6 8
631 668 4 7
644 687 8 9
662 656 6 10
676 661 7 9
688 665 5 10
715 632 4 8
664 688 6 11
693 648 7 10
647 631 8 10
726 645 5 12
693 671 8 10
635 632 3 6
698 628 7 10
715 669 6 7
760 678 8 10
786 675 5 8
817 656 5 7
660 609 7 9
598 628 7 8
634 717 8 13
658 716 9 13
640 656 9 10
791 658 8 12
852 670 7 11
699 720 7 9
683 749 10 13
726 732 8 14
783 767 12 15
825 721 10 12
835 794 13 17
865 774 9 14
760 811 9 14
660 810 16 14
682 767 12 14
738 775 10 15
828 846 17 17
872 683 4 6
856 695 5 7
863 707 9 8
650 738 10 15
640 782 9 12
637 802 9 9
658 854 14 14
726 873 16 15
821 903 16 19
592 1002 22 22
308 579 21 43
762 629 7 10
762 611 4 6
619 618 4 6
635 623 5 8
615 630 6 8
