253 114 15 18
274 105 10 12
278 102 14 16
327 126 14 14
356 107 11 19
385 80 12 12
394 109 14 18
342 70 13 15
352 94 14 15
89 267 21 25
98 281 28 29
126 262 23 25
45 286 32 34
67 327 37 34
231 303 32 39
259 241 26 37
321 234 24 25
323 274 28 33
362 242 26 35
367 303 30 45
406 253 27 41
489 187 24 29
510 241 23 32
485 276 27 26
539 285 30 36
476 298 24 36
520 153 18 20
563 167 21 25
463 174 11 21
493 168 15 20
631 240 26 35
672 147 22 27
694 169 19 26
629 302 35 46
690 260 32 36
688 282 35 45
718 205 20 25
704 227 31 31
744 249 36 31
756 184 25 28
855 214 20 27
882 185 31 26
886 221 28 34
935 190 20 24
984 180 26 33
1008 163 16 28
947 219 27 36
911 242 30 41
858 279 39 53
1007 256 17 34
474 345 32 24
469 447 50 56
730 531 54 65
267 563 58 71
485 560 65 74
51 623 74 109
684 114 16 21
670 65 13 13
584 37 16 13
586 80 17 21
606 132 12 16
648 123 12 16
