88 241 38 46
113 233 31 44
91 204 35 35
98 129 29 35
193 186 31 40
238 103 22 31
291 115 33 47
254 249 41 48
165 311 59 44
121 296 46 54
334 291 41 56
29 324 47 55
12 376 36 57
119 397 32 55
338 355 61 58
455 514 52 132
428 529 46 111
837 571 51 111
433 432 47 58
849 407 33 52
726 369 48 57
734 320 46 63
720 310 46 56
641 353 47 65
822 360 45 44
818 308 46 61
934 306 41 54
875 303 34 56
680 283 39 51
645 271 39 60
604 262 42 60
732 51 12 18
880 119 28 40
890 92 30 39
915 146 32 35
991 173 32 51
975 132 23 33
950 151 25 26
912 224 33 42
807 187 39 49
730 225 40 42
754 148 26 38
734 171 33 45
704 133 33 42
857 278 45 52
743 287 49 53
425 76 16 33
447 132 32 40
485 180 37 40
521 159 31 40
573 139 28 37
619 153 32 36
417 374 47 54
434 362 41 52
494 331 50 57
470 269 45 52
489 247 31 41
