86 310 12 9
13 309 10 9
43 274 9 10
162 268 9 8
172 257 8 8
183 268 10 10
95 297 12 10
59 304 12 12
70 294 9 9
77 305 6 5
153 303 4 5
75 321 6 5
150 289 6 7
32 313 7 8
24 279 7 7
85 263 4 4
95 261 4 3
199 258 7 6
172 318 14 11
201 315 12 14
142 330 12 12
100 328 10 8
58 354 14 16
164 374 15 18
110 372 22 19
1 352 12 14
158 344 11 9
42 315 9 4
1 287 3 9
20 319 8 7
111 300 7 3
184 288 4 3
24 431 21 25
84 385 18 23
215 379 16 17
168 431 21 23
216 445 28 27
49 443 24 27
4 483 20 23
78 480 25 30
36 500 29 25
24 541 30 36
73 533 25 32
107 533 30 34
168 481 27 37
150 543 28 35
201 524 29 35
230 496 32 43
261 529 31 32
226 580 29 35
293 547 30 33
264 446 23 21
230 256 6 8
252 254 8 10
211 294 11 14
234 292 13 10
253 281 6 6
275 274 10 9
264 284 11 12
276 261 11 6
295 272 10 9
298 285 8 7
243 312 11 7
320 269 10 8
334 274 10 12
349 301 9 7
355 277 6 8
346 257 9 11
378 260 7 10
316 281 7 8
242 336 13 12
279 317 12 15
352 314 11 13
299 327 8 8
337 346 15 14
219 356 10 7
306 329 8 14
314 359 15 10
374 291 7 9
373 348 16 13
304 376 15 14
287 441 15 21
324 404 21 23
321 444 22 25
365 428 20 21
396 433 24 30
335 503 28 30
383 479 26 36
354 532 28 34
391 524 26 34
427 510 32 35
426 569 32 34
460 430 20 21
464 503 26 32
489 506 22 34
412 236 7 6
446 250 9 10
447 238 8 7
464 229 7 7
474 223 8 7
487 230 7 6
464 249 7 5
480 252 12 13
367 254 9 8
421 251 5 5
390 287 11 8
465 281 10 9
454 291 11 13
461 310 8 15
431 279 7 8
440 273 7 7
461 260 6 5
336 325 16 15
465 329 11 19
596 361 20 24
494 377 14 18
536 375 17 20
502 326 8 11
499 413 18 29
582 416 20 23
547 458 25 31
573 499 22 33
594 473 30 35
620 485 18 30
643 488 28 30
674 503 27 30
671 549 23 33
698 549 26 38
539 503 26 35
520 528 28 31
509 567 29 28
609 543 20 36
588 549 24 25
572 576 25 32
630 562 29 29
754 524 26 35
768 552 28 34
825 543 32 37
495 234 6 8
500 243 10 9
525 230 7 7
525 241 9 6
569 254 7 8
563 238 8 7
559 230 6 5
567 267 8 10
582 269 9 11
591 269 7 10
607 267 10 13
590 238 7 8
523 287 8 7
530 306 12 14
573 315 12 13
727 228 6 5
661 228 5 7
699 248 9 9
713 243 10 7
709 257 6 5
713 265 9 10
686 232 5 4
672 241 7 7
693 226 9 9
719 232 7 6
733 256 11 9
701 304 12 12
727 297 11 14
720 296 6 9
657 300 11 12
629 327 16 19
647 332 14 16
694 333 11 15
705 328 14 14
739 315 13 11
660 365 21 19
687 362 11 14
725 353 19 16
752 300 11 11
776 311 15 17
739 373 18 24
763 359 14 20
802 318 12 17
795 293 13 9
828 303 10 9
798 349 16 20
813 338 13 14
826 341 8 12
845 331 12 15
843 375 17 17
735 411 20 25
835 408 20 22
806 446 19 19
878 431 26 26
863 327 11 15
909 302 11 12
887 282 14 8
714 439 27 25
687 444 23 28
904 345 16 18
925 358 19 20
906 432 19 24
888 335 11 11
538 270 9 5
611 297 9 9
572 371 13 11
952 403 16 15
995 420 22 26
899 467 24 34
856 468 28 30
826 462 19 25
980 440 16 16
936 510 31 29
932 562 30 29
981 561 31 34
870 255 10 7
799 276 11 9
775 249 9 8
776 260 7 6
789 271 10 9
806 257 9 7
817 278 6 6
833 259 9 9
828 292 7 6
898 250 7 7
926 242 5 7
932 262 5 9
947 312 16 20
912 266 12 15
954 298 13 8
958 341 14 19
973 337 11 16
990 337 15 11
982 313 4 9
999 355 15 19
995 276 9 11
1016 260 5 5
955 378 13 6
456 374 20 21
431 335 11 16
390 331 11 18
324 232 8 7
333 238 7 8
339 233 8 7
268 238 8 5
317 231 4 4
290 257 8 5
233 243 7 6
308 232 7 6
397 229 8 5
390 239 5 5
400 251 9 10
401 236 7 5
408 227 8 5
451 229 5 4
421 229 6 10
413 249 6 8
414 262 10 9
734 278 11 11
286 233 11 9
370 232 9 10
988 230 8 6
672 312 10 10
630 257 8 7
731 337 12 12
694 363 11 13
126 367 11 16
396 304 9 13
419 301 11 14
258 247 9 11
877 228 6 8
912 227 6 6
893 400 20 22
796 379 19 22
114 316 11 17
107 442 20 24
470 468 26 35
819 503 30 35
