989 645 19 22
827 687 6 20
881 674 10 25
990 586 5 9
776 598 9 14
887 576 8 11
980 574 4 6
969 560 4 7
887 595 9 12
895 540 4 5
949 545 4 6
861 562 4 5
1003 577 9 10
756 571 5 7
792 573 6 7
807 572 6 8
710 588 8 9
685 582 6 8
671 604 10 11
600 600 6 13
673 581 5 7
596 580 5 7
548 616 9 11
510 645 10 13
511 576 5 6
490 600 6 7
471 585 8 8
446 588 6 7
496 572 4 5
553 583 8 9
418 622 9 19
359 623 16 20
389 608 12 12
320 588 8 9
284 606 12 15
270 563 8 13
259 566 3 13
387 589 7 9
590 599 7 9
595 587 9 11
577 573 6 9
116 565 5 8
100 563 6 7
90 576 4 5
437 573 5 7
411 591 7 8
306 576 6 6
384 578 5 6
370 575 7 9
364 567 5 6
838 585 6 10
840 564 3 6
737 575 5 5
812 592 9 10
721 579 7 8
716 556 4 5
777 557 4 5
982 570 5 6
911 575 5 9
908 559 8 8
986 560 6 6
992 565 6 4
983 575 4 5
986 567 4 5
641 610 7 11
660 600 11 11
576 591 8 8
586 582 6 7
709 568 5 7
636 569 6 5
438 596 5 11
459 625 7 14
746 586 6 8
934 577 6 7
938 594 7 12
703 556 4 4
