34 504 33 38
201 544 46 32
255 547 35 28
291 506 21 28
222 487 22 29
240 438 26 30
163 317 22 26
388 412 27 38
392 326 20 25
268 306 17 27
77 381 21 26
99 422 21 31
43 408 34 42
12 250 27 32
113 245 19 22
216 225 18 21
243 236 18 22
232 207 11 12
248 206 9 14
256 170 10 15
260 190 9 13
237 164 13 18
251 150 12 14
198 189 17 17
124 208 10 17
158 180 11 10
183 162 14 15
106 191 12 13
25 209 19 18
12 197 12 16
85 146 11 13
44 146 13 16
27 130 11 14
16 133 11 12
86 188 12 15
106 177 8 10
132 183 13 14
135 174 10 10
135 162 8 9
145 162 11 11
189 131 7 11
170 136 10 13
224 117 10 14
240 122 12 15
265 98 9 12
268 118 9 15
199 138 11 10
201 117 9 7
213 117 7 9
124 132 11 14
109 146 8 10
116 140 9 10
76 133 8 11
102 119 7 12
97 127 8 10
58 102 11 12
31 100 9 12
34 109 11 10
8 87 7 10
26 82 8 10
75 103 6 7
82 112 8 8
93 106 9 14
107 122 7 11
148 110 7 7
135 122 7 6
149 91 8 9
102 101 7 9
56 97 9 8
51 107 8 12
163 112 5 8
174 94 8 11
184 98 8 12
202 92 7 12
92 95 9 9
136 47 6 7
92 37 7 7
114 37 4 6
240 55 6 9
197 92 6 8
215 98 8 8
162 54 4 8
187 56 5 8
23 61 4 7
19 47 5 6
33 40 6 7
25 27 5 5
7 29 5 7
10 31 4 7
68 36 5 6
78 43 5 7
96 50 6 9
808 518 45 50
748 549 32 25
655 543 30 32
578 550 42 26
508 535 38 28
440 407 22 34
391 352 22 21
456 380 23 26
498 390 21 17
501 447 25 28
510 462 14 27
570 482 26 31
548 419 19 23
626 446 29 36
696 445 34 39
794 493 28 29
890 423 26 39
962 432 36 43
795 337 27 28
912 344 21 29
898 282 24 30
953 305 23 26
985 333 11 19
986 367 13 20
928 428 22 28
865 382 21 15
522 369 11 16
869 263 12 20
821 252 16 20
857 271 9 11
919 199 15 17
851 232 13 16
822 206 11 17
859 206 13 18
840 188 7 11
637 152 10 13
618 141 9 9
606 185 11 12
637 183 11 15
619 196 9 9
603 206 11 9
659 134 7 9
683 149 6 11
689 135 8 9
706 134 7 9
511 80 7 10
486 100 8 7
360 84 8 8
304 57 7 10
427 68 6 7
416 96 6 8
512 100 9 10
537 73 8 15
812 184 6 12
818 175 7 9
807 166 7 10
868 186 6 11
900 164 8 10
886 147 8 10
841 139 11 11
790 142 7 8
753 141 9 8
778 141 7 9
920 137 8 11
922 173 7 9
894 174 8 9
855 153 7 9
851 138 6 9
879 130 6 8
934 160 9 15
932 175 8 11
974 210 8 15
979 147 10 12
963 124 7 10
959 166 8 13
991 102 7 11
928 102 7 8
914 107 6 7
880 115 9 12
778 122 9 7
761 118 6 6
812 110 6 6
818 123 6 5
838 111 8 9
892 86 7 10
925 92 6 6
958 96 6 7
958 111 6 7
968 83 4 6
995 89 6 8
1011 81 6 9
989 80 6 8
863 105 6 7
878 105 7 7
862 113 7 7
848 124 7 11
845 115 4 5
852 109 4 6
841 93 5 8
843 82 5 5
830 76 5 8
869 77 5 6
655 107 5 9
658 127 5 5
687 110 8 9
720 104 6 9
674 83 7 10
690 87 5 6
687 100 9 8
701 85 6 6
645 80 7 10
560 98 6 7
684 72 5 6
697 65 5 7
724 68 7 8
748 81 5 8
617 62 6 7
580 79 6 7
564 82 7 9
574 54 5 6
595 57 5 7
782 74 4 7
808 100 6 8
793 94 6 8
759 70 6 7
771 99 5 7
814 80 6 5
804 79 6 8
