642 517 27 38
695 480 18 22
970 479 23 27
883 473 17 20
892 459 19 13
833 458 13 15
963 409 15 18
936 391 13 18
995 384 11 13
1008 385 11 13
732 570 37 37
676 395 15 19
710 392 17 18
594 418 19 18
771 406 21 31
813 400 10 13
558 378 9 11
592 372 7 12
603 381 10 10
275 579 32 45
432 616 46 50
156 638 35 45
82 611 42 38
162 507 31 37
77 495 23 26
149 453 22 26
236 440 22 23
6 514 24 41
44 477 22 21
11 422 20 23
73 413 15 23
224 418 14 20
324 422 46 55
485 492 19 31
529 442 22 28
546 412 19 25
106 375 13 15
139 402 15 18
152 373 12 17
201 372 12 16
223 363 11 13
200 346 10 14
176 350 8 13
95 359 10 13
123 368 11 12
21 396 16 17
10 368 12 16
20 354 9 13
89 325 7 8
223 401 14 20
400 388 13 15
267 338 9 10
254 359 14 15
746 379 9 11
714 359 8 10
979 374 12 13
857 343 7 10
736 359 8 9
545 390 12 14
525 363 8 11
506 372 7 10
467 352 8 13
465 375 8 13
154 305 6 8
196 300 7 9
229 298 4 6
251 290 6 8
236 345 9 11
55 284 5 7
39 286 6 6
28 284 6 6
80 289 3 4
84 285 3 5
177 286 5 6
611 320 8 11
574 338 6 8
647 375 8 8
796 416 11 13
751 360 7 9
883 381 9 12
819 312 7 7
792 308 7 9
679 309 5 6
975 322 6 7
932 328 6 8
932 319 5 6
908 565 30 40
589 400 11 12
0 470 8 25
0 380 5 15
