527 372 10 10
30 298 6 7
43 294 6 8
47 278 7 7
58 275 6 7
61 290 5 7
56 286 6 7
79 290 6 7
86 293 7 6
93 286 7 7
93 269 6 8
79 271 7 8
82 281 7 8
155 270 7 7
159 283 6 7
235 264 5 9
186 402 18 16
248 385 15 15
277 397 11 14
334 422 13 19
147 418 14 14
479 283 5 5
446 322 7 9
503 365 9 9
449 389 10 15
431 394 11 10
460 347 9 9
592 312 7 8
620 353 8 11
667 380 10 13
575 382 10 14
544 392 13 15
616 401 11 14
662 403 10 16
560 297 5 7
362 412 17 17
457 403 10 13
475 419 13 17
508 426 9 16
589 415 12 15
363 364 8 12
370 361 9 10
427 319 8 10
405 345 10 11
859 425 11 14
915 436 13 14
842 516 25 32
928 465 18 20
683 460 14 15
509 472 14 16
257 357 13 15
292 425 11 21
300 407 12 14
