887 513 18 22
751 527 22 28
977 589 23 30
975 538 27 28
917 487 17 22
768 478 18 21
690 452 16 22
878 375 13 17
916 368 13 16
965 386 16 18
970 437 18 23
860 430 16 22
899 419 14 18
840 445 16 21
594 434 15 15
591 459 13 14
683 401 13 16
726 360 12 15
814 356 12 16
830 367 12 16
835 341 9 14
790 608 13 23
718 629 25 33
844 560 18 20
889 663 26 21
757 407 17 16
688 323 9 11
574 327 8 11
720 328 8 16
760 379 12 15
980 322 10 14
1015 389 9 18
877 352 9 12
284 566 23 28
317 580 20 28
273 503 21 23
392 372 11 15
289 403 15 18
274 396 13 17
350 386 11 11
400 349 11 13
426 344 9 11
475 325 8 11
359 341 8 10
296 366 11 16
306 345 11 12
455 373 9 13
515 396 12 15
519 471 17 18
521 506 14 18
516 447 13 14
560 381 14 17
475 394 15 19
376 321 8 14
349 319 8 12
330 382 11 15
421 307 7 11
601 319 8 15
466 353 9 15
461 339 8 12
7 532 17 23
54 615 15 19
6 653 20 25
136 626 24 24
226 650 19 30
218 536 18 21
194 480 16 19
112 470 17 21
83 434 16 18
174 453 14 17
237 427 13 18
132 410 14 16
149 385 12 17
202 390 11 16
193 411 13 14
257 356 10 13
256 450 12 17
32 522 15 14
94 468 13 16
210 364 11 13
316 526 15 19
186 320 10 13
176 287 9 11
935 251 10 16
950 307 9 13
719 309 9 11
890 297 10 11
939 294 9 13
713 256 9 11
762 242 7 10
737 283 9 12
897 252 7 11
562 248 5 8
529 248 6 8
490 266 6 8
492 297 6 8
456 299 7 9
505 266 6 9
544 248 5 7
571 287 8 12
608 297 9 11
501 257 7 7
475 253 5 7
459 252 6 9
431 258 6 8
341 310 7 10
208 329 8 10
223 264 6 8
374 285 8 10
44 371 10 15
90 397 13 16
16 453 15 15
155 433 11 14
835 304 9 13
249 309 9 9
197 298 8 10
195 282 6 8
187 285 7 8
331 250 6 8
314 259 6 9
307 258 5 8
337 298 5 9
382 259 5 8
360 274 7 9
287 258 5 7
277 250 5 7
415 233 5 7
239 245 5 7
201 268 6 6
343 288 6 6
309 249 5 5
266 239 5 5
371 252 5 7
762 296 8 11
850 252 9 10
811 324 9 13
800 269 8 11
146 316 7 10
230 256 6 7
502 233 5 7
525 236 5 7
526 226 5 7
565 230 5 6
586 239 5 8
572 246 6 8
609 247 5 8
621 234 5 7
688 229 5 6
575 225 5 7
543 233 4 6
489 236 4 7
122 498 22 22
98 566 15 21
27 495 17 16
113 384 12 16
995 307 11 13
1005 326 10 13
766 282 7 9
417 333 8 10
519 290 8 8
166 380 10 12
