494 296 9 13
513 304 8 13
518 319 10 14
478 285 8 10
403 340 11 11
367 309 9 10
301 298 9 9
338 288 9 9
123 322 9 10
113 331 10 13
96 312 7 9
83 310 8 9
9 312 9 11
176 304 6 10
114 302 7 10
91 287 7 9
207 298 9 11
389 276 8 12
409 277 11 13
586 294 6 8
528 317 10 14
546 337 11 13
615 284 7 11
681 302 11 12
562 297 8 9
204 351 13 15
124 493 25 27
281 459 19 25
484 245 7 11
340 274 8 9
352 269 6 8
294 388 11 18
290 314 12 15
268 282 10 12
212 276 7 10
274 447 17 17
628 314 8 14
597 290 10 13
606 286 6 8
469 502 23 19
407 373 14 18
569 404 18 25
689 342 12 15
156 353 13 13
133 308 7 8
299 279 10 12
310 284 8 13
317 281 6 8
367 282 8 9
327 331 10 11
481 261 9 11
438 312 11 15
636 281 9 11
731 370 12 14
658 275 7 10
0 398 10 14
1018 315 6 16
1013 346 10 13
204 315 10 14
251 304 8 15
265 340 10 14
243 319 10 14
888 185 37 57
43 462 24 32
75 437 19 22
140 444 23 24
166 431 22 21
211 418 19 25
198 476 23 25
330 442 17 21
328 410 16 23
222 394 20 18
36 362 16 18
60 340 13 14
81 391 12 15
79 413 21 22
0 442 11 24
14 336 14 18
30 325 13 17
54 322 11 12
69 326 10 15
121 362 14 17
180 374 16 18
151 401 14 16
128 429 20 20
135 410 15 17
150 382 16 15
219 370 11 14
276 428 18 18
379 408 16 22
368 395 15 20
356 364 13 17
288 355 12 14
249 357 15 17
161 320 9 12
168 314 8 12
458 342 10 14
541 466 21 29
559 426 15 20
607 456 17 22
636 458 12 20
641 417 16 24
621 391 15 22
589 386 15 25
535 387 12 20
511 400 15 22
465 401 18 23
454 424 15 23
420 437 22 24
429 405 13 20
417 383 14 19
333 389 14 19
394 353 12 16
227 275 8 11
680 248 6 8
694 269 6 8
516 242 8 8
671 232 5 7
668 227 6 7
728 276 7 9
705 285 7 9
728 251 5 7
731 245 8 10
768 238 5 7
712 236 5 8
72 295 8 10
445 361 13 17
483 355 11 14
506 373 12 20
476 386 11 15
537 369 13 15
561 349 12 15
589 366 13 16
613 359 14 16
515 350 14 17
655 380 14 21
706 382 11 18
720 461 14 19
694 357 11 16
709 356 11 17
664 347 12 16
651 357 12 15
661 326 10 13
675 313 8 13
695 318 9 13
724 328 12 16
709 311 9 11
703 295 9 12
622 348 10 12
596 323 11 14
617 320 9 13
581 338 12 14
583 314 8 12
545 297 11 14
649 302 8 12
432 332 10 12
466 298 9 11
454 293 10 12
357 318 10 11
379 292 8 10
385 323 11 13
406 311 8 10
280 327 11 12
266 306 7 9
231 299 8 10
244 286 7 9
259 288 7 10
