13 449 11 11
34 479 12 14
84 476 10 11
96 491 16 17
124 484 10 13
211 475 12 19
151 406 9 10
138 397 8 9
117 395 7 10
159 444 11 10
226 408 8 9
239 374 6 7
104 412 7 11
165 399 3 7
294 462 15 19
358 475 11 16
375 462 9 14
406 450 8 16
410 502 14 10
400 424 9 12
352 419 6 9
367 418 7 7
350 400 10 11
307 435 6 8
311 418 8 9
264 453 6 9
275 492 8 13
267 399 7 9
240 399 6 7
389 461 8 7
342 391 4 7
548 442 13 14
454 465 8 14
434 432 8 10
450 394 11 12
535 421 6 13
546 421 9 10
487 385 6 7
605 388 8 11
586 423 8 10
595 374 6 9
504 403 8 10
502 440 7 15
439 406 8 8
459 367 4 5
428 376 4 7
569 403 7 11
719 477 16 19
750 484 21 22
642 493 16 19
639 454 7 11
632 444 9 9
612 445 11 11
745 424 12 13
711 449 10 17
733 409 10 14
697 404 8 13
643 400 6 10
664 396 7 10
705 389 9 9
846 484 14 17
838 430 15 16
870 421 15 15
906 417 16 16
921 485 15 22
948 424 16 22
994 421 10 17
801 422 13 14
813 434 9 11
789 404 10 12
840 389 12 15
943 374 11 15
859 374 7 10
975 374 7 10
678 380 10 13
546 361 9 13
523 373 9 10
491 366 8 9
174 392 10 9
209 391 9 11
175 453 10 14
