858 348 44 48
812 391 31 36
775 369 23 26
787 338 16 20
749 415 15 18
736 388 13 18
721 386 13 16
705 371 17 18
683 376 15 19
732 342 10 12
656 359 13 14
677 335 8 11
119 401 21 22
206 404 16 17
207 358 16 17
209 343 14 13
244 346 9 11
285 347 8 11
304 342 11 12
316 347 8 12
22 351 25 32
118 362 12 18
647 338 10 13
638 347 9 12
355 353 10 9
372 344 7 10
338 349 7 11
978 339 12 11
1001 334 13 16
908 337 13 17
838 340 12 16
746 337 9 10
706 340 6 8
618 346 5 8
623 346 7 5
605 341 6 5
599 335 6 7
650 368 8 10
614 348 6 9
609 353 9 14
561 342 4 7
536 342 5 7
540 337 3 3
515 339 5 5
512 337 4 5
494 339 5 7
486 339 5 7
472 342 4 7
463 341 4 5
448 346 6 7
469 343 3 6
441 340 5 6
437 344 4 4
397 341 6 7
369 339 4 4
379 348 5 7
362 343 4 5
344 347 5 10
355 346 5 6
351 348 5 11
183 344 15 20
148 346 12 17
136 346 7 11
111 350 8 12
268 356 10 16
801 374 19 25
687 359 12 18
773 337 11 11
663 339 9 10
573 340 8 9
937 490 53 64
875 520 36 47
