706 390 34 46
712 352 29 30
546 389 46 50
493 385 37 44
439 416 35 35
779 359 30 40
743 283 11 18
683 302 10 24
637 279 12 17
634 326 15 17
595 348 18 26
554 315 24 28
597 280 14 18
436 330 19 24
521 292 15 20
419 309 12 13
299 402 44 51
132 446 51 60
219 358 24 29
80 368 23 25
252 317 22 25
353 322 27 32
334 323 19 22
286 342 18 23
212 293 12 12
187 292 11 11
139 300 10 15
116 303 10 12
80 293 14 15
22 294 13 16
275 315 15 16
169 296 10 14
126 283 15 10
398 275 13 18
420 266 10 12
356 262 7 8
331 281 9 11
345 276 6 9
382 283 11 12
397 298 14 17
546 268 10 11
504 274 11 11
489 275 11 13
470 299 19 18
826 325 31 35
942 312 15 20
996 266 13 15
962 267 11 14
860 265 10 10
897 269 9 11
949 264 9 10
829 284 18 15
