241 134 64 67
111 339 19 27
38 388 24 30
2 415 28 36
2 389 23 33
214 475 32 41
381 472 35 39
332 468 27 36
333 378 23 30
398 324 25 28
497 297 31 35
312 582 37 32
319 560 31 46
374 556 35 43
398 560 37 46
421 527 32 39
476 528 32 39
344 514 37 45
282 653 41 32
640 494 36 43
990 457 20 22
995 362 29 36
956 365 27 30
823 480 23 36
852 398 22 23
874 397 17 17
866 365 19 23
973 269 18 21
1014 279 10 22
976 245 17 23
950 247 11 14
594 428 21 27
577 389 19 24
279 361 23 25
324 327 25 34
364 300 19 23
409 255 11 12
438 296 15 18
252 245 14 15
285 263 10 13
276 322 15 23
341 262 13 14
546 396 23 29
598 554 28 37
917 471 39 50
61 512 41 57
40 315 16 25
61 389 22 35
318 285 9 12
371 257 12 16
246 285 10 17
456 329 22 32
