932 220 27 21
99 248 33 31
69 255 24 20
132 272 12 14
492 330 27 32
440 227 19 25
3 238 4 6
12 233 7 9
26 232 6 8
55 242 6 7
46 242 7 9
48 214 6 8
1 226 6 7
5 205 5 8
10 222 7 8
23 212 6 8
68 220 5 8
76 226 6 11
95 223 6 11
239 239 6 10
177 235 6 7
148 223 8 11
124 239 10 13
157 232 6 7
201 230 6 9
216 241 5 10
194 225 5 7
232 234 7 11
250 246 6 11
343 236 7 11
321 248 6 11
332 238 6 9
415 234 8 10
363 222 5 8
377 222 7 8
507 220 8 11
619 257 9 14
560 219 6 13
641 211 6 10
600 213 7 10
651 201 6 10
