884 1098 139 176
916 941 28 33
355 1337 205 210
612 1073 44 72
204 1444 38 42
197 1066 165 235
13 1236 38 57
473 1019 34 38
741 751 85 112
687 694 69 94
547 704 40 71
458 609 30 38
200 777 106 123
0 550 62 133
765 598 67 98
668 416 77 88
741 443 55 76
819 403 48 69
967 392 41 54
1001 354 22 58
457 508 57 60
543 445 60 74
317 444 60 73
182 371 27 43
116 327 17 19
427 365 50 70
306 379 51 58
357 338 33 48
284 431 29 61
636 382 61 69
505 350 37 45
295 273 42 43
257 295 37 40
316 328 30 27
72 220 32 45
37 238 39 52
135 256 33 23
0 201 32 43
949 213 30 39
896 242 27 30
847 270 49 59
907 282 37 42
999 196 24 33
993 164 21 27
1007 131 17 34
972 250 23 34
565 379 49 53
47 114 25 31
131 142 26 28
92 141 22 25
80 176 27 25
183 177 27 30
218 182 25 24
282 165 23 25
255 178 19 20
229 125 18 25
179 131 17 23
99 93 18 25
149 118 14 16
193 228 25 29
674 326 45 52
0 826 40 80
855 1385 33 42
