306 173 57 65
435 183 43 44
772 276 62 102
171 152 35 41
5 172 31 38
251 135 23 25
67 94 22 30
46 129 23 27
508 132 16 23
600 119 25 31
450 96 17 20
482 83 13 17
411 113 15 22
352 104 12 15
344 86 9 12
520 102 13 15
501 119 13 18
574 105 18 22
747 120 18 23
754 108 16 19
686 90 14 17
704 101 11 12
676 106 11 16
641 97 17 20
646 83 15 17
662 92 10 14
814 89 14 18
832 92 13 16
853 90 11 14
871 77 11 17
901 81 9 11
376 133 15 18
350 139 25 28
317 124 20 25
276 96 6 12
282 98 8 10
295 95 9 11
617 98 9 12
574 79 5 7
187 133 21 22
