525 89 4 7
495 93 6 7
463 104 6 6
491 127 24 35
526 119 9 14
561 103 14 15
639 125 22 31
554 165 33 35
760 135 44 58
750 92 9 9
789 112 36 44
713 142 58 73
629 145 24 33
595 184 46 64
517 198 60 83
478 160 32 54
411 144 26 32
318 156 12 15
335 178 65 93
422 192 32 47
270 161 13 20
267 193 15 22
242 199 14 19
170 163 9 11
182 188 27 31
60 193 8 9
42 207 8 17
96 221 43 48
62 255 69 77
13 254 39 43
190 263 87 111
130 228 53 61
169 191 20 23
0 289 58 142
466 420 151 173
841 202 109 124
897 157 52 66
980 151 44 112
830 133 29 39
642 219 72 104
516 135 8 20
