983 574 20 22
949 571 17 19
929 539 16 20
927 577 16 20
883 565 17 21
949 512 14 17
879 509 16 17
986 458 17 17
929 458 14 18
893 457 14 16
934 381 23 26
974 386 6 7
883 385 7 9
852 420 16 19
851 492 13 19
920 490 12 19
806 503 15 19
796 477 13 18
754 547 15 22
792 539 14 19
703 544 18 21
669 614 16 22
673 569 18 22
626 563 18 22
660 522 17 21
603 523 17 21
587 556 18 25
817 385 7 10
779 383 8 9
684 434 15 21
940 321 6 9
545 526 17 18
557 573 16 19
551 502 14 15
512 485 14 20
503 549 14 21
557 420 16 19
606 424 17 18
647 376 6 7
523 415 17 22
466 425 19 22
511 370 7 10
432 366 11 12
444 543 16 21
440 508 16 17
384 569 15 21
348 565 22 12
339 524 15 22
320 529 14 20
291 502 16 20
177 475 16 20
213 479 17 17
201 538 17 16
165 526 15 20
218 496 14 19
418 416 18 20
382 419 17 20
346 404 17 23
293 445 16 19
259 409 14 19
278 431 17 20
124 598 17 20
120 547 14 15
62 520 18 23
113 513 16 21
18 585 21 22
0 541 10 19
20 537 17 19
153 378 7 9
112 400 19 20
146 408 20 24
75 398 16 20
59 416 20 23
189 411 14 18
271 365 22 25
882 422 18 18
1002 116 8 8
994 105 7 10
999 86 5 8
984 83 6 7
971 46 6 8
957 98 7 10
947 49 5 7
906 56 7 8
921 51 5 7
913 91 5 7
900 26 7 8
883 62 6 7
887 91 6 8
896 88 7 9
882 20 5 7
870 90 6 6
865 15 5 7
852 13 5 7
875 56 7 7
857 78 7 7
849 87 7 8
846 81 8 9
857 39 7 9
847 55 8 8
872 84 7 9
809 79 5 6
832 52 7 8
800 59 6 8
813 60 6 8
799 22 5 7
794 82 6 8
761 81 6 8
780 77 4 8
769 63 6 8
774 62 6 8
782 20 7 9
770 27 5 8
758 58 6 7
737 80 6 8
744 81 7 7
745 54 6 7
745 22 6 8
735 49 7 9
721 43 7 10
730 19 6 8
718 15 7 8
716 70 7 9
707 25 6 8
686 21 7 8
694 26 7 8
684 42 6 8
702 47 8 10
678 78 6 8
689 78 7 8
664 72 7 10
654 75 6 9
661 45 7 9
676 23 7 8
672 21 7 9
661 28 6 8
650 25 5 7
653 34 6 8
648 71 7 9
624 50 6 9
641 2 7 10
635 2 6 9
619 19 7 10
622 12 6 7
611 3 6 9
610 65 7 11
591 47 6 10
587 18 6 8
573 20 6 9
571 67 5 8
592 75 8 11
606 49 8 10
620 74 7 9
538 81 7 9
561 79 6 8
560 63 8 9
577 50 6 8
550 35 5 8
555 26 4 7
536 25 5 7
501 46 6 9
521 78 6 9
543 77 7 8
530 72 7 8
579 46 6 8
516 27 6 8
499 22 6 8
483 28 6 8
485 29 7 7
487 50 8 9
477 85 8 9
468 28 6 9
444 87 6 9
447 46 7 9
457 27 6 8
442 27 6 8
445 24 6 8
476 51 5 8
465 49 6 7
513 87 6 9
479 65 7 8
496 82 6 9
449 82 6 7
399 85 7 8
428 29 6 7
417 24 6 8
426 27 5 6
412 47 5 7
472 77 6 7
428 51 7 7
396 49 6 8
398 26 6 8
387 32 5 7
410 84 6 8
405 78 6 8
379 79 5 7
372 92 7 7
359 54 6 7
369 20 6 7
353 27 5 7
363 79 5 7
348 27 6 7
349 88 7 8
343 81 6 8
342 51 5 7
337 26 5 8
325 54 6 7
325 82 5 7
419 87 8 9
456 78 6 8
310 153 5 8
275 155 7 8
248 155 7 9
218 141 6 7
204 129 7 8
198 115 7 7
285 94 6 7
233 96 6 7
193 138 7 9
304 90 6 8
317 82 6 7
304 83 7 8
294 81 6 8
274 90 8 7
279 85 6 7
311 53 7 7
303 56 5 7
292 55 6 7
325 26 6 8
369 31 6 7
383 39 6 7
316 30 5 7
309 28 5 7
295 29 5 7
284 31 6 7
271 24 7 9
264 25 6 8
277 56 6 8
247 64 7 8
256 28 5 8
252 32 6 7
242 53 5 7
251 87 6 8
221 68 7 8
208 62 7 9
214 59 5 6
225 55 6 7
228 21 5 6
228 30 5 5
215 31 5 6
202 31 6 7
123 143 7 8
126 127 6 7
112 131 7 8
97 138 7 8
65 148 7 9
152 121 6 9
137 128 6 8
35 179 7 8
182 30 7 9
194 59 7 8
192 28 5 7
175 32 5 6
165 28 6 7
179 59 6 6
165 105 7 7
155 58 6 9
279 46 6 6
137 93 7 10
156 94 7 9
146 106 7 8
118 97 7 9
140 33 5 7
140 57 6 9
58 64 5 7
66 90 6 7
70 58 6 7
82 63 6 7
92 59 6 8
101 57 6 8
117 64 5 8
101 87 5 7
130 93 7 7
222 102 7 7
112 62 5 6
80 93 7 7
94 94 6 8
108 95 7 8
35 23 5 6
12 30 5 6
16 60 7 8
46 52 5 5
51 93 6 8
11 87 7 8
40 91 7 7
985 113 6 8
626 67 6 6
253 513 19 22
745 420 14 21
579 493 13 16
795 73 6 7
784 60 7 9
815 78 6 7
824 87 7 9
966 98 6 8
195 81 6 8
266 93 6 8
134 56 4 7
141 136 8 9
191 75 6 7
41 61 6 8
224 146 7 8
376 51 7 9
241 41 6 7
258 57 7 8
272 59 6 8
1013 83 6 9
124 66 6 8
131 77 6 7
25 98 6 8
977 438 18 18
931 70 7 8
808 62 5 5
514 52 6 6
509 77 4 7
461 71 6 6
463 61 4 5
511 28 5 7
428 81 6 7
390 84 5 7
233 55 5 5
173 122 5 7
164 114 4 7
148 47 6 8
199 52 5 7
240 93 6 5
161 56 6 6
173 50 6 6
687 549 16 19
488 535 17 15
