36 243 14 19
1 270 12 20
7 318 10 13
32 309 13 18
1 221 6 20
2 208 11 18
4 187 10 19
179 250 20 25
173 304 28 42
112 305 16 25
87 331 23 26
126 366 27 31
206 343 26 36
187 398 36 40
101 368 21 28
587 250 20 24
7 333 16 33
18 358 21 44
32 364 29 58
63 387 42 61
4 398 25 41
12 250 14 15
197 548 25 38
289 348 25 44
317 360 40 60
356 380 41 54
364 453 39 58
320 320 21 30
354 302 17 27
189 193 17 29
284 207 6 9
369 202 6 11
385 268 15 28
358 238 11 15
292 196 11 13
90 554 57 83
254 612 77 73
432 231 13 18
415 240 10 17
406 257 13 20
477 242 15 20
507 249 12 17
474 278 15 22
511 283 13 20
442 272 17 23
450 298 14 24
430 291 22 36
407 292 13 21
410 322 18 30
350 183 6 10
409 363 33 35
444 368 39 39
511 362 30 36
508 212 13 19
462 220 14 21
594 210 10 16
635 227 12 15
660 221 14 17
623 209 10 10
625 227 9 9
570 261 15 22
548 288 17 21
526 315 20 23
585 296 31 39
620 278 16 23
643 267 19 24
672 273 16 18
702 242 17 27
718 282 23 33
692 302 20 27
617 333 37 48
710 324 26 38
702 381 23 33
595 263 14 19
733 215 17 20
677 209 16 21
820 179 11 20
853 317 22 25
842 273 8 16
805 214 8 12
846 366 33 44
907 315 39 45
879 301 33 35
1007 241 16 22
983 263 23 30
957 294 24 28
985 312 30 43
561 522 48 70
697 551 53 67
975 358 43 49
988 430 34 51
1001 461 22 68
864 543 51 99
907 525 58 90
564 127 9 13
628 175 7 11
580 226 10 17
564 174 10 23
538 266 12 15
520 265 12 15
604 356 23 29
370 259 9 13
353 230 12 16
96 134 9 11
85 356 12 18
37 215 12 19
