803 356 67 89
901 347 45 61
581 275 71 87
389 383 79 81
313 312 55 64
388 212 160 148
166 239 49 56
216 486 88 87
40 464 76 72
0 354 28 57
0 300 17 31
15 181 38 47
0 187 15 38
192 153 38 44
310 156 43 48
0 126 19 26
70 105 14 15
286 61 34 34
179 46 30 32
255 43 30 33
65 52 37 38
695 190 59 67
826 172 39 53
599 133 48 54
920 89 44 55
917 179 45 60
797 44 34 44
646 21 43 48
546 39 33 43
501 74 42 46
393 100 38 39
456 22 30 35
546 10 28 26
268 0 25 26
240 5 20 25
175 17 27 28
114 18 22 27
192 0 17 10
3 14 10 15
43 89 20 18
