207 659 48 71
85 604 53 68
123 606 39 66
160 570 42 51
244 545 43 65
305 533 48 58
292 606 48 55
389 611 45 52
10 466 37 45
97 457 30 43
148 454 35 54
184 472 30 49
257 470 29 48
327 470 41 52
342 416 33 44
413 462 34 47
442 456 18 47
421 370 35 49
386 542 50 51
425 536 31 55
480 527 58 65
449 380 22 43
465 400 17 31
542 405 38 45
484 320 28 37
395 288 18 26
548 310 26 29
534 504 40 53
458 711 57 58
473 266 15 19
521 268 16 20
429 255 10 16
398 255 11 16
603 333 20 35
579 269 22 24
712 363 36 40
730 330 20 29
748 347 24 36
781 357 33 39
758 287 17 22
606 521 51 54
689 536 41 54
754 545 40 49
775 533 35 51
584 643 42 51
565 637 40 55
646 645 43 58
700 691 68 58
816 685 43 57
857 674 55 71
777 639 51 57
808 615 37 53
857 598 37 51
627 486 39 51
945 665 59 74
887 399 23 31
761 396 31 36
876 366 29 33
610 415 44 50
708 307 21 24
867 310 23 25
423 284 23 23
437 270 18 20
