830 427 29 35
877 383 23 23
711 438 30 27
819 361 22 26
699 402 22 24
738 365 19 24
659 401 22 26
706 368 16 21
649 348 20 21
690 327 15 15
788 317 17 18
759 461 28 46
621 443 34 42
548 418 21 23
956 259 68 124
904 283 19 20
851 283 17 19
913 236 14 17
954 219 8 9
854 260 10 12
721 319 15 16
764 279 13 17
674 294 8 9
735 270 6 7
726 285 8 8
814 281 14 17
829 273 12 14
780 276 16 18
826 241 8 8
587 275 8 10
155 529 22 24
147 486 18 19
121 455 16 24
440 416 32 30
333 495 21 26
433 194 10 12
395 171 12 15
188 52 15 17
135 24 18 21
875 254 12 15
824 253 9 13
479 223 10 11
572 272 9 10
537 262 9 11
508 234 10 15
307 113 13 18
