80 406 135 169
88 278 53 73
105 259 51 73
61 196 36 48
128 202 25 33
130 176 18 23
142 176 13 23
0 179 11 26
28 157 24 31
49 162 14 19
57 148 14 19
304 187 21 41
276 153 18 25
299 165 11 18
247 152 9 13
330 254 41 72
216 128 9 10
173 131 9 10
129 127 9 9
113 129 10 9
135 99 10 11
162 132 6 11
148 134 9 12
64 113 9 14
186 137 6 6
487 292 38 70
402 217 26 48
538 233 30 52
585 235 29 37
546 197 39 43
431 201 19 31
358 184 20 30
376 186 13 20
377 175 16 21
397 163 12 21
515 124 15 17
577 137 6 6
608 121 6 7
497 135 7 7
981 392 37 55
723 212 21 32
675 209 22 28
696 183 19 25
794 195 14 20
825 209 12 17
849 243 10 16
901 225 21 26
865 212 15 20
846 204 13 17
848 192 11 13
835 181 11 14
855 174 15 19
877 194 11 12
866 189 9 10
813 177 11 13
810 193 11 13
812 157 7 10
876 138 7 8
875 154 8 10
917 187 12 15
905 176 9 14
919 174 11 14
909 160 7 9
986 193 26 29
241 121 6 8
270 116 6 8
525 424 59 94
