1005 202 11 14
981 206 8 12
969 253 5 6
976 266 5 6
998 261 6 7
1007 266 6 7
1012 254 6 7
1017 262 5 6
1015 269 6 7
1008 278 8 9
1003 288 8 8
987 301 8 10
993 282 6 8
991 273 7 8
978 285 7 9
969 305 8 9
950 292 8 9
969 274 7 11
965 276 5 8
948 277 7 9
943 262 7 9
950 259 5 8
929 307 7 9
938 287 7 10
922 283 7 9
913 306 7 10
902 304 7 9
889 303 7 10
892 278 6 9
912 282 7 9
902 283 7 9
870 279 5 9
870 261 8 8
890 265 6 7
900 266 5 5
907 261 5 7
914 263 7 8
923 273 5 7
918 269 6 7
892 249 4 4
905 251 4 5
923 250 3 5
928 256 6 7
933 262 5 6
947 307 7 9
883 343 8 11
882 360 10 11
839 294 6 8
827 300 6 7
837 311 6 9
813 340 9 11
832 343 7 9
812 325 7 11
838 278 6 9
818 270 6 9
810 270 6 8
790 361 8 14
767 369 10 12
776 344 8 11
771 343 7 10
747 366 9 13
724 365 10 14
752 351 9 12
760 342 8 10
740 343 9 11
753 333 8 11
767 325 7 10
767 314 8 9
740 321 8 8
730 325 8 12
813 291 7 9
728 263 4 5
739 260 4 6
768 259 4 5
772 270 5 7
778 273 4 6
783 293 4 6
745 287 5 6
736 286 4 6
743 276 4 5
748 276 3 5
750 271 3 4
761 273 4 5
769 291 5 7
1006 317 6 9
896 334 7 11
919 330 7 12
930 329 9 11
954 340 8 11
944 330 7 10
922 357 8 12
934 346 8 11
919 340 8 11
897 390 13 16
879 400 10 12
902 411 14 18
927 426 13 15
935 402 11 15
944 413 13 17
954 402 8 11
969 401 13 15
963 396 10 12
960 368 9 11
989 334 8 10
1001 341 9 11
1013 347 8 11
1001 390 10 13
963 432 13 18
979 439 12 18
960 463 11 21
969 459 16 26
900 444 12 15
907 456 16 22
874 446 16 19
670 383 11 14
665 373 10 11
680 357 9 13
694 355 7 13
715 338 7 11
702 337 8 10
689 340 7 9
720 311 6 8
708 312 6 6
698 309 7 8
700 327 6 8
683 314 7 9
666 323 7 8
676 295 6 8
717 279 6 8
660 296 6 8
631 322 8 11
631 304 6 9
640 276 4 7
821 365 10 14
768 401 11 16
743 417 13 18
721 440 15 19
715 463 13 18
738 490 17 26
862 467 17 22
875 504 18 23
914 504 18 25
879 535 20 28
811 520 18 28
779 538 20 24
739 538 20 25
693 528 18 25
660 541 21 23
679 509 17 26
688 471 15 23
675 462 13 19
671 451 13 19
688 434 13 19
684 425 11 16
670 436 10 13
623 515 12 22
613 481 14 22
623 465 14 18
631 438 12 19
630 417 9 14
574 471 13 18
591 425 12 19
597 399 12 15
631 388 13 14
705 420 9 15
628 375 10 13
622 358 9 12
648 369 10 11
670 343 7 12
659 343 7 10
643 337 6 8
628 349 9 11
623 340 7 11
608 331 6 11
588 365 11 16
587 352 7 9
586 331 6 9
594 326 6 9
574 364 9 12
604 299 7 8
624 300 6 8
593 298 4 7
575 303 6 7
579 297 6 7
642 296 4 6
693 290 5 7
1002 484 17 23
991 541 19 26
957 535 20 26
923 540 23 28
935 566 24 31
753 582 24 28
725 568 16 23
648 591 25 29
561 497 15 22
516 483 16 21
489 516 15 23
528 577 22 26
509 570 19 29
479 589 21 29
579 591 20 31
513 462 15 21
565 558 18 22
529 548 18 22
530 496 10 22
440 588 20 26
436 634 22 19
406 570 24 22
439 532 20 27
432 528 13 21
368 520 16 20
409 503 15 19
430 480 18 25
486 477 13 20
400 458 13 18
392 453 12 17
358 456 14 17
425 454 15 18
426 419 14 18
494 440 14 15
571 435 12 15
566 407 13 17
558 399 12 12
553 381 10 12
522 413 12 15
350 427 12 17
398 427 12 16
390 425 10 16
381 407 11 16
392 408 10 15
414 405 11 13
407 389 11 13
386 386 10 14
453 430 11 18
476 415 11 15
514 402 12 15
531 400 10 14
491 390 11 14
501 376 10 13
458 390 13 14
437 385 11 13
416 371 10 13
398 367 10 12
385 351 9 10
399 351 7 10
411 353 9 12
435 357 8 12
450 368 7 10
467 378 10 14
539 354 9 11
539 345 9 10
546 336 7 9
556 369 11 12
587 387 11 13
568 356 8 9
570 340 10 11
566 335 8 9
561 332 7 10
566 325 7 10
531 326 7 11
550 321 6 8
474 361 9 12
352 364 10 11
347 344 6 10
354 334 7 8
371 335 7 10
370 349 8 13
390 343 8 9
418 343 7 10
446 347 9 11
453 350 5 9
476 351 7 9
490 343 6 11
469 334 8 11
462 333 7 9
454 338 8 8
444 328 8 10
427 334 7 11
418 334 8 9
403 329 7 8
389 331 7 9
372 324 6 9
481 337 6 10
205 593 24 31
188 586 19 24
44 611 22 30
0 622 29 39
24 582 22 28
92 584 21 32
149 576 19 29
164 543 22 26
232 543 14 25
280 533 15 24
310 558 19 24
337 515 7 21
323 509 14 23
234 480 18 25
193 502 16 24
125 526 17 25
84 525 20 25
46 516 17 21
57 489 16 21
22 477 15 22
106 494 14 20
119 471 13 19
150 463 14 19
173 460 14 21
204 450 13 17
220 467 13 20
84 462 16 20
25 438 15 19
51 442 14 20
286 441 15 19
326 424 12 18
329 448 13 19
268 411 14 18
242 413 14 19
203 434 14 17
203 415 14 17
156 423 14 19
134 420 12 17
118 416 10 16
85 413 13 17
42 414 13 16
111 332 6 7
65 337 7 8
86 348 8 8
51 341 8 8
95 328 6 7
88 320 5 7
1 350 7 10
11 336 8 10
32 340 7 9
24 339 6 8
27 353 8 10
24 323 6 7
10 322 6 7
18 303 4 7
51 317 5 7
79 341 7 9
95 360 8 8
69 313 5 8
119 315 6 6
43 337 7 8
84 297 4 6
54 354 5 8
59 356 5 9
124 321 5 8
12 361 8 10
14 379 9 10
32 380 8 10
35 403 10 13
49 378 8 11
61 376 7 11
149 385 9 11
159 386 8 10
167 404 10 14
82 379 7 10
126 371 8 10
165 361 8 10
148 366 7 10
117 355 7 10
342 392 11 15
331 388 10 15
251 403 10 13
242 391 10 12
213 385 11 14
182 389 10 12
183 442 11 17
251 462 13 16
205 368 8 11
242 371 9 14
265 372 8 12
135 390 9 13
162 333 5 8
178 336 7 8
195 335 5 10
202 339 7 9
224 340 7 9
237 337 7 8
257 331 5 8
267 325 6 8
292 346 7 10
260 357 7 11
243 356 8 10
276 396 12 16
305 368 9 11
284 385 9 11
309 376 8 10
293 360 8 9
307 355 7 8
305 338 6 10
283 337 6 8
228 328 5 8
214 330 6 8
284 326 6 8
316 322 6 8
0 513 12 22
0 452 10 17
218 532 19 26
761 630 20 24
292 523 16 17
2 313 5 7
28 301 5 7
37 323 6 6
55 304 6 7
103 314 5 7
115 311 5 7
103 308 6 7
130 323 6 8
141 336 6 7
134 343 9 10
169 328 5 8
136 314 5 8
173 322 5 7
194 320 6 9
219 315 5 7
140 307 4 7
156 305 6 8
164 309 5 7
170 310 6 8
249 313 6 7
188 309 6 7
204 312 5 8
237 322 6 7
256 299 4 7
218 306 5 7
173 298 4 7
485 311 6 8
391 307 6 8
376 315 6 7
278 313 6 7
352 300 6 8
295 319 6 7
404 315 8 8
477 309 6 6
505 290 6 8
398 304 6 8
530 303 6 6
477 295 4 6
546 307 5 7
611 294 5 6
620 290 5 6
622 323 8 8
605 326 6 8
657 320 7 7
637 316 6 8
555 309 6 5
561 296 5 7
568 296 6 7
511 285 5 7
586 292 5 7
843 272 8 9
861 285 5 6
854 277 5 6
830 260 4 5
679 286 4 5
674 270 5 6
682 264 5 6
646 276 5 6
623 280 5 7
547 285 4 6
543 286 5 6
524 295 4 7
529 283 4 6
518 285 4 7
567 285 4 5
598 287 4 7
561 284 5 5
456 292 5 7
373 309 5 7
422 291 5 6
443 291 4 6
471 286 5 6
401 288 3 7
378 290 5 6
495 279 3 4
504 279 4 4
521 279 4 4
216 296 7 8
208 299 7 7
128 298 7 9
118 293 5 7
98 298 5 7
140 296 5 6
19 317 5 6
34 303 4 6
76 305 5 7
105 323 6 8
300 303 5 7
243 298 6 7
289 296 5 7
331 297 4 6
335 294 6 8
260 293 4 6
240 292 5 7
296 326 6 8
299 335 7 7
276 294 4 6
330 326 7 7
328 353 6 9
348 317 7 8
354 326 5 8
337 320 7 6
357 317 7 7
420 314 4 6
448 305 6 8
464 304 7 10
461 325 6 8
486 290 3 4
260 389 10 12
991 529 22 29
923 491 19 21
824 518 18 25
1005 413 14 13
