993 185 31 52
860 217 41 57
826 146 36 37
901 110 25 28
977 112 7 9
968 109 7 11
963 94 10 11
729 159 49 49
683 212 31 41
591 182 33 40
660 150 15 18
557 165 36 37
592 145 24 22
679 135 10 12
782 138 19 26
727 119 8 10
471 200 38 39
372 151 38 43
428 157 27 34
480 131 19 25
553 130 9 15
531 138 8 12
409 137 13 15
441 129 6 9
418 124 7 9
323 139 30 32
244 168 43 51
312 132 11 14
311 152 13 18
275 140 14 16
301 138 6 8
293 136 7 11
199 145 33 33
143 198 39 42
125 139 22 27
152 159 19 30
86 148 12 20
107 138 11 15
0 163 48 46
42 185 30 37
965 326 59 98
830 524 125 152
687 105 4 6
687 126 6 10
620 129 7 11
636 137 5 9
800 114 7 10
849 117 7 9
813 147 21 25
989 140 30 30
935 120 6 10
