891 883 24 32
950 869 19 20
924 952 24 34
900 975 23 33
815 968 29 27
808 1047 16 34
705 917 32 40
649 947 40 46
658 866 17 29
857 888 22 31
803 801 16 29
861 804 17 23
921 847 13 29
969 806 15 22
977 783 16 19
976 765 13 17
889 760 13 15
813 766 19 19
850 742 15 20
736 816 15 29
659 816 25 33
652 767 19 30
702 777 22 29
691 737 19 24
642 730 20 25
735 740 13 21
554 853 17 39
461 875 32 40
359 867 29 46
276 891 44 59
436 800 23 37
488 793 24 35
590 789 11 27
598 744 16 29
531 759 19 30
469 750 14 23
414 743 19 29
335 697 17 26
189 705 18 31
242 753 21 32
450 690 16 19
513 697 14 25
598 719 19 23
616 690 19 26
705 692 16 20
659 687 11 22
106 874 41 50
165 878 38 51
24 789 29 40
156 648 23 32
356 668 17 24
922 688 19 23
843 706 16 19
800 694 11 18
758 636 20 28
680 642 14 19
619 658 16 19
640 640 12 17
615 637 14 18
648 565 13 19
680 525 12 18
731 591 14 19
756 574 8 13
785 571 10 12
859 602 12 13
874 615 8 12
909 624 13 15
921 615 9 18
971 662 12 13
961 638 12 16
992 663 7 9
571 642 15 19
560 674 16 22
536 623 13 20
399 603 19 21
367 603 16 16
340 628 16 24
307 582 19 20
311 500 13 23
331 517 12 17
488 550 16 20
540 532 15 20
576 557 13 16
596 552 12 17
499 508 15 18
430 474 16 19
409 502 15 23
445 660 18 16
258 594 14 17
264 630 15 20
242 644 19 25
169 587 18 25
98 579 19 28
145 540 18 25
55 463 24 29
55 463 24 29
191 480 18 21
217 485 13 20
259 500 14 20
266 513 13 14
57 1067 57 68
209 613 18 24
122 570 18 25
578 1001 23 43
793 763 15 25
