396 383 4 3
313 442 5 7
319 412 2 2
314 403 2 2
312 411 2 2
331 392 2 2
352 392 3 2
356 382 2 3
316 384 2 2
333 404 3 2
333 409 3 2
362 397 2 2
361 384 2 2
351 419 6 6
239 445 4 3
276 455 3 3
224 406 2 2
230 418 4 3
197 425 2 2
197 401 1 2
278 396 4 3
265 396 1 2
291 436 4 3
282 423 3 2
184 436 4 3
233 461 6 3
262 450 4 3
248 455 8 7
237 435 4 3
245 440 3 2
284 407 5 3
428 437 5 3
444 437 5 4
425 441 7 7
432 387 4 3
451 449 6 6
389 458 5 5
389 443 3 3
559 496 4 3
458 496 7 6
473 519 5 3
501 528 5 6
466 477 2 3
445 485 4 4
460 524 3 3
175 559 9 9
190 564 6 8
177 536 5 5
210 482 5 3
238 485 6 5
179 518 3 4
179 550 4 5
187 478 6 6
252 492 4 3
302 540 3 2
280 554 4 3
296 554 3 2
203 530 4 6
184 523 7 6
203 542 7 6
198 470 3 2
62 501 8 11
226 623 4 7
231 573 8 6
202 628 8 7
218 626 8 10
33 620 5 8
17 611 9 7
18 594 3 3
12 581 4 5
43 591 8 7
49 543 5 5
183 641 5 8
219 612 6 7
41 661 9 3
21 654 4 8
92 652 5 10
331 471 5 5
342 460 7 6
282 474 4 4
275 445 3 3
303 616 7 7
313 598 5 6
361 596 4 4
369 587 6 8
277 606 5 7
294 607 5 7
249 573 5 4
266 597 8 7
289 597 6 5
361 624 5 6
383 622 4 6
298 629 6 8
289 632 4 7
322 568 3 4
391 612 4 5
243 605 4 6
224 569 2 2
308 552 5 5
337 563 4 5
323 605 3 3
334 609 2 2
330 609 3 2
338 608 2 2
343 606 8 13
360 564 4 4
408 550 3 2
397 548 5 2
407 560 8 8
469 450 5 8
483 468 3 3
479 468 3 2
500 466 2 2
499 474 2 3
495 642 12 11
549 633 9 9
542 644 4 9
445 627 6 10
416 626 6 7
443 619 5 5
529 621 6 8
539 616 6 5
555 609 5 4
473 617 7 10
483 618 4 3
505 629 8 8
530 618 4 3
555 618 5 6
436 618 3 3
396 643 4 9
554 604 4 4
530 600 3 4
533 596 3 4
543 592 3 5
738 630 9 10
700 635 8 10
724 620 7 8
674 620 6 6
667 606 7 7
679 588 5 7
696 596 4 3
664 631 5 4
656 639 6 9
595 630 8 7
609 636 7 7
609 621 5 8
631 630 7 7
629 613 8 9
642 618 8 8
644 605 8 8
614 602 8 7
657 593 8 7
654 599 10 11
654 586 9 10
709 629 4 5
713 625 3 2
666 650 7 7
657 623 6 5
713 603 9 7
913 561 5 5
883 618 9 10
863 609 8 8
879 606 7 9
830 634 7 7
854 619 8 8
869 619 9 9
864 599 9 8
801 625 6 9
951 572 6 7
972 564 6 9
985 566 5 4
968 586 4 5
932 566 6 9
887 634 7 11
875 630 7 9
927 637 9 10
894 609 5 7
981 602 6 7
955 630 7 5
970 632 6 7
908 638 5 8
924 619 4 4
934 624 5 4
943 614 4 5
945 628 7 6
989 620 5 6
896 621 7 10
950 638 7 9
917 632 5 7
921 629 4 8
900 595 3 3
964 653 5 5
568 630 5 7
584 633 7 8
575 626 5 4
567 644 4 9
289 657 8 7
500 348 10 12
890 557 9 11
855 542 9 8
820 588 6 7
951 612 7 8
984 572 4 6
976 577 4 4
945 549 5 7
987 531 7 6
976 543 5 4
844 568 4 5
841 575 4 5
855 574 5 5
855 565 5 5
863 564 6 6
865 548 5 7
792 584 7 7
773 601 6 7
748 595 10 10
775 653 7 5
824 629 4 7
788 555 5 5
805 563 7 7
815 555 7 8
755 506 5 7
962 501 7 7
952 513 6 8
678 515 5 7
659 553 9 15
716 559 8 14
717 591 8 8
729 597 6 8
750 611 10 17
686 598 6 6
675 595 6 10
790 608 6 8
791 596 7 8
780 596 6 8
767 584 5 5
691 547 6 7
750 522 5 5
685 522 4 5
674 525 3 4
562 573 7 7
580 581 9 9
566 592 5 5
594 582 6 6
664 574 6 6
502 584 5 6
445 590 7 9
564 523 7 11
601 528 7 6
641 533 10 12
676 547 8 8
562 562 8 8
469 523 8 7
380 639 6 12
369 608 6 8
255 628 5 7
415 572 7 7
458 537 4 9
335 536 4 7
338 569 7 12
379 555 6 6
386 556 5 7
374 562 6 6
314 542 5 6
270 537 8 9
509 524 5 7
515 528 7 6
443 560 5 6
352 621 4 7
251 604 6 6
259 598 4 6
286 589 3 5
295 582 5 6
263 555 6 7
77 497 7 9
76 453 12 12
65 470 6 8
141 448 6 8
163 452 5 8
176 452 7 11
189 451 8 9
217 446 6 9
187 498 6 7
188 509 5 9
193 509 6 12
191 533 6 8
190 544 6 10
187 556 5 6
203 571 8 6
65 445 8 9
79 436 3 4
142 436 8 9
133 449 6 9
124 447 6 6
48 505 6 7
81 518 11 11
207 425 6 11
217 424 7 6
182 419 7 6
194 414 5 5
204 397 6 9
282 430 7 6
297 442 6 5
295 493 6 8
269 485 8 8
231 474 7 4
309 414 4 4
340 422 4 5
333 439 6 5
333 447 5 6
270 411 5 5
514 465 8 10
522 458 7 7
484 471 4 6
425 420 9 9
439 409 7 9
417 432 6 6
407 447 6 6
400 473 8 7
419 487 5 7
446 473 9 8
461 469 5 5
470 465 5 5
456 476 6 9
389 413 9 10
364 419 8 9
376 406 6 7
358 405 5 5
407 378 6 4
421 379 5 5
344 413 5 7
344 435 6 5
355 443 6 9
348 492 5 6
374 390 6 8
508 439 3 5
524 431 4 5
412 393 5 7
370 373 7 6
331 381 6 6
323 380 5 7
324 399 6 7
312 390 5 5
304 406 4 6
475 448 6 9
480 430 4 3
475 429 3 4
443 422 4 4
412 413 5 5
396 376 4 5
438 391 5 4
443 396 4 4
356 428 3 4
365 434 5 5
379 422 5 6
384 442 5 7
397 442 5 10
393 406 4 5
403 398 5 5
394 426 6 6
352 368 6 6
388 371 5 7
337 404 3 6
987 571 3 6
652 621 4 5
722 602 6 9
408 611 5 6
415 643 5 5
761 625 7 9
487 612 5 5
547 620 4 6
539 591 3 4
533 592 3 3
312 494 9 12
429 457 7 7
414 456 7 7
429 470 6 5
493 449 11 9
507 449 12 7
418 465 6 10
351 463 6 6
369 445 5 6
330 444 5 5
336 420 5 4
