212 218 19 22
354 228 20 24
256 190 14 17
189 196 16 19
128 201 20 25
89 199 17 17
365 190 13 16
228 178 12 14
426 224 24 30
525 195 19 21
569 204 18 20
628 240 21 27
702 371 59 66
787 215 21 30
619 189 12 18
581 167 9 13
555 168 11 13
822 207 18 20
767 197 15 16
766 222 14 24
756 213 15 15
932 238 23 23
975 215 20 21
603 533 20 97
644 211 15 13
612 173 9 8
693 194 11 16
535 180 12 16
164 255 14 18
163 180 10 14
221 163 5 7
258 182 12 12
55 209 9 14
120 177 11 13
157 159 7 7
483 189 11 11
500 173 11 12
465 185 9 11
470 172 8 11
435 190 10 13
400 198 12 12
416 199 6 8
406 179 6 8
386 192 8 10
315 175 9 9
305 171 7 10
254 171 6 6
452 183 7 9
70 232 30 28
148 286 22 34
