958 93 8 11
902 84 9 10
890 94 8 13
877 91 7 11
823 115 10 10
808 71 7 9
812 131 10 11
708 138 10 9
694 142 10 12
700 106 5 8
703 84 6 10
769 95 7 10
730 163 9 10
762 176 8 10
802 170 6 11
992 221 7 12
779 283 11 16
802 316 10 12
1009 481 13 15
989 471 11 15
946 453 11 13
918 531 10 12
943 475 8 10
656 76 10 11
570 78 8 9
554 96 8 7
631 92 10 13
676 125 8 12
557 123 8 11
556 141 12 10
534 127 9 9
533 101 9 12
587 186 11 12
614 206 7 11
645 154 14 12
628 146 8 13
543 336 10 15
656 241 12 14
522 448 11 14
495 442 9 12
464 471 11 15
468 535 13 14
153 367 13 12
189 408 14 15
124 425 11 13
118 346 10 12
240 278 14 15
204 269 12 14
224 244 10 13
218 197 10 11
155 246 11 11
124 206 10 10
121 188 9 11
191 171 14 13
41 195 9 12
146 234 11 9
172 197 8 10
113 167 10 10
77 167 10 11
63 154 8 10
112 141 8 11
94 132 9 10
78 139 9 9
47 142 9 11
87 108 7 9
143 105 8 11
167 108 7 11
148 130 9 12
206 129 8 14
196 154 8 12
206 63 9 12
186 85 8 10
165 91 9 13
135 66 8 10
114 63 7 12
97 64 9 13
63 75 8 12
59 61 9 15
43 77 10 12
104 155 7 12
220 156 9 10
208 169 9 13
206 45 10 14
226 55 9 10
239 62 10 12
249 76 8 9
268 74 8 12
274 64 8 10
275 51 8 11
308 79 8 9
227 115 11 15
250 106 9 12
326 114 8 11
318 143 9 13
308 154 9 11
263 130 9 12
320 179 8 10
370 145 7 12
369 84 10 13
338 85 7 10
263 212 8 13
493 59 7 11
460 57 8 9
497 90 7 10
495 104 9 12
465 104 10 11
457 84 9 12
457 145 9 12
442 136 7 9
423 104 9 13
425 125 6 11
412 122 8 11
392 126 8 11
361 63 8 12
483 154 9 11
265 241 13 16
418 337 12 12
321 205 8 11
418 195 8 11
283 209 11 13
302 161 8 13
552 352 11 13
287 87 9 12
307 112 7 12
288 187 9 13
258 13 8 11
225 10 8 11
394 35 9 11
370 169 9 13
365 262 9 12
594 58 7 10
550 58 7 8
660 111 8 11
0 94 6 10
93 13 8 12
160 54 10 11
102 48 9 11
111 81 12 15
