4 571 17 37
26 569 27 32
96 581 22 24
159 392 10 15
175 400 13 12
185 447 14 16
272 472 14 20
224 493 14 25
326 468 12 21
167 505 13 22
189 517 17 22
182 546 26 28
249 609 31 31
241 541 18 25
296 526 26 34
321 522 13 22
377 411 18 10
351 426 18 18
348 468 18 24
381 456 18 21
389 433 10 15
411 458 13 19
408 445 11 13
399 511 22 27
432 505 17 21
387 572 25 36
449 547 24 30
490 495 16 22
526 566 17 20
465 393 8 12
450 412 8 10
497 366 8 11
445 463 13 20
467 459 12 20
571 416 8 14
586 443 15 18
464 445 10 4
574 540 17 23
615 514 16 18
688 499 13 21
584 478 11 17
602 437 11 15
633 443 17 18
700 408 7 12
739 409 9 14
760 414 11 13
800 411 11 14
774 400 9 10
764 488 16 20
800 449 16 16
851 457 12 17
830 403 8 9
783 561 19 26
810 549 15 26
738 452 12 20
816 388 9 11
867 376 9 10
918 379 5 9
938 372 9 12
997 361 6 9
885 429 14 15
954 468 18 23
937 527 16 23
853 492 20 29
