3 294 19 23
23 322 21 21
90 302 18 21
16 397 59 61
178 360 44 56
209 348 26 39
197 317 19 29
210 295 13 15
322 298 19 21
288 337 31 38
339 345 34 47
389 318 24 35
367 278 9 10
404 292 18 22
429 306 15 19
436 330 30 40
465 330 23 31
473 282 12 11
544 373 22 25
571 375 38 52
447 408 37 54
454 447 59 92
604 303 16 24
693 302 22 26
683 332 22 28
712 325 29 37
709 286 11 14
725 287 13 18
752 295 15 24
570 302 23 25
637 325 32 47
786 331 47 53
829 286 16 19
860 336 34 43
851 270 11 13
915 274 12 14
924 297 30 30
965 289 23 27
947 361 44 50
995 334 27 42
722 272 9 13
