101 702 44 57
142 709 32 43
167 700 29 40
292 683 36 57
330 679 46 47
381 661 51 63
436 655 37 45
464 676 36 45
366 667 12 11
399 643 6 8
406 641 6 7
462 630 7 8
450 625 6 7
355 634 5 8
375 642 8 7
350 635 4 5
407 619 5 4
394 625 4 6
302 610 4 6
311 597 5 6
271 601 4 6
290 613 5 6
313 643 6 7
316 636 4 5
305 617 5 5
277 648 6 7
296 648 7 6
250 620 4 5
250 644 4 5
261 643 4 6
257 648 5 6
234 659 7 11
223 649 6 6
218 661 7 9
243 631 6 6
458 606 8 9
502 606 8 12
35 610 3 4
12 613 3 5
17 613 5 3
26 613 4 3
933 553 9 10
976 562 12 8
985 554 9 11
1012 525 4 3
1012 535 11 7
970 498 5 4
919 550 6 5
970 554 6 6
943 582 16 12
887 551 5 6
806 527 4 5
891 547 5 9
947 543 5 4
959 544 4 5
943 432 2 3
962 429 2 2
1005 426 3 3
863 563 11 16
857 543 3 5
852 550 4 4
624 180 3 3
88 314 3 3
104 308 4 4
635 84 2 2
874 631 58 68
