960 233 34 32
936 250 26 28
890 391 58 49
958 407 31 33
924 289 16 18
796 250 21 24
842 276 20 20
726 449 67 76
827 399 29 30
688 406 26 42
763 305 13 17
700 283 16 20
742 304 12 14
685 315 8 10
645 293 14 17
631 310 11 14
587 301 12 14
548 317 12 13
509 316 8 11
500 327 7 9
622 383 22 23
618 370 13 14
572 376 16 18
543 375 16 19
544 425 30 35
511 384 24 31
496 377 17 19
469 384 24 28
436 328 7 8
440 327 9 8
477 336 7 9
471 335 5 7
455 327 7 10
358 342 5 6
290 335 6 7
277 343 7 8
304 341 7 8
118 327 8 10
87 329 8 8
158 331 6 8
185 340 6 7
141 340 7 7
192 386 13 17
106 379 11 11
199 345 5 7
358 383 15 22
341 382 9 11
388 380 9 12
397 394 15 21
451 392 7 13
243 389 14 15
270 376 8 11
288 381 9 13
263 443 43 54
413 464 55 53
0 416 35 46
4 394 12 12
630 298 8 12
754 392 20 25
242 371 9 11
207 389 14 18
886 261 22 21
