137 501 18 23
176 564 26 32
234 524 15 24
265 496 18 25
19 567 17 23
38 610 20 26
124 456 13 19
4 474 16 26
104 288 19 18
143 283 16 19
184 269 18 20
187 317 13 19
270 295 11 19
259 218 14 20
165 187 13 13
19 249 13 15
308 493 18 21
378 451 19 22
278 454 14 18
460 549 11 19
530 442 17 23
559 492 20 24
666 543 23 24
737 468 20 27
667 445 17 24
769 490 15 24
577 621 13 24
990 491 17 21
944 470 21 26
904 471 18 24
841 462 14 19
812 481 17 23
954 546 14 17
945 609 12 19
796 549 20 28
994 610 24 23
540 180 13 19
577 232 11 18
611 239 12 18
708 227 12 20
623 184 13 16
647 182 11 14
691 183 12 17
759 237 15 16
765 181 10 14
475 195 12 13
401 257 13 11
398 243 14 14
376 225 13 15
353 226 14 14
314 236 13 14
310 287 12 15
421 205 13 15
358 195 13 16
367 506 14 15
462 493 15 21
907 149 11 15
931 165 11 16
936 176 11 15
986 202 14 13
974 182 9 13
999 250 14 17
1013 229 11 21
922 205 11 15
924 226 11 15
894 226 12 17
919 250 12 16
977 272 19 12
850 154 12 14
878 147 9 17
876 209 12 14
805 165 12 15
851 218 12 18
866 254 12 15
811 228 13 17
818 214 11 13
142 99 11 10
112 92 10 10
385 102 11 13
429 97 10 13
277 136 8 10
111 254 13 18
507 76 10 11
345 59 7 10
428 52 10 8
270 35 9 8
315 35 9 9
393 50 8 8
817 64 9 10
849 69 8 10
907 57 7 9
596 458 16 25
245 313 12 19
289 235 14 16
561 35 9 12
626 24 11 11
664 8 8 11
462 77 9 10
177 11 8 9
214 5 7 8
244 6 7 7
139 7 8 8
959 163 16 14
1004 66 11 14
982 71 12 12
920 60 9 13
928 532 15 26
893 432 10 8
901 176 7 12
627 233 6 11
573 193 11 11
604 187 9 15
721 179 9 14
734 176 7 13
207 257 11 11
224 322 10 21
308 308 13 18
0 132 10 18
0 241 14 16
56 301 16 16
37 316 16 19
124 254 7 18
212 270 6 11
222 283 10 18
187 363 5 16
227 401 9 12
297 395 10 14
116 364 6 8
959 23 5 6
865 67 8 9
821 47 7 8
798 17 6 8
762 15 6 7
776 51 9 9
763 61 10 9
796 85 9 10
808 61 6 9
812 81 6 10
825 74 5 6
827 63 7 11
718 14 7 8
776 93 8 5
756 91 7 5
738 91 8 6
711 90 11 7
692 87 8 7
682 40 9 8
593 40 8 8
599 8 6 7
506 60 9 9
477 9 5 5
472 42 7 7
424 18 7 7
440 0 6 4
379 129 10 10
311 68 10 9
935 79 13 12
623 62 9 8
644 60 10 10
668 99 10 11
640 87 9 10
593 87 9 11
573 68 10 12
566 80 7 8
631 102 7 9
654 67 9 11
641 108 9 11
502 42 9 10
507 14 10 11
515 15 8 10
448 21 8 11
262 91 8 11
21 156 14 15
91 109 8 7
42 243 11 14
970 297 14 15
878 297 13 18
881 320 15 15
843 247 12 15
926 363 16 19
845 392 15 21
947 253 14 15
936 266 13 16
956 220 9 13
300 612 15 22
326 553 12 20
210 493 17 21
178 166 10 12
56 128 9 11
145 124 11 11
242 264 11 14
206 277 10 11
57 238 13 15
93 257 13 15
1018 303 6 16
1013 292 11 19
53 512 18 25
