1013 548 11 17
994 585 19 18
977 622 19 25
944 551 16 18
937 580 16 18
953 593 19 23
884 552 14 16
886 584 17 21
939 622 18 22
973 693 17 17
771 545 15 21
741 559 14 20
719 547 15 19
802 619 18 25
768 612 17 20
734 588 16 20
697 558 14 19
727 628 19 24
696 606 14 20
659 589 14 17
657 606 15 19
668 625 17 18
664 645 19 27
624 540 16 21
825 671 21 21
862 706 19 27
864 747 20 21
760 682 19 28
771 700 23 29
776 738 23 28
673 668 21 29
692 698 23 27
705 737 19 23
582 552 16 24
566 544 16 18
515 549 15 16
546 565 14 21
539 579 16 22
482 552 13 16
481 571 15 17
414 546 13 16
434 572 16 20
510 605 16 20
583 627 17 22
442 613 18 24
487 632 20 24
616 649 21 24
585 680 18 23
613 707 20 25
625 731 19 22
573 708 19 26
531 650 19 25
516 678 18 21
550 740 19 26
489 675 16 20
493 720 19 22
350 547 15 16
368 585 18 24
389 606 19 20
420 637 15 21
288 564 14 15
319 583 17 22
310 613 18 19
387 681 21 27
415 713 19 23
445 681 17 24
417 652 18 25
338 666 18 20
320 715 21 25
301 684 17 22
260 610 18 21
257 662 17 23
286 731 24 31
206 552 16 15
124 544 15 22
192 586 15 20
204 607 17 22
209 665 19 24
125 599 16 20
137 607 14 16
130 640 18 18
107 662 20 24
113 688 17 26
233 719 19 23
65 553 17 20
48 585 18 23
68 611 19 25
47 627 20 19
64 663 19 24
69 690 17 26
103 726 20 25
64 751 20 17
824 652 16 22
779 663 15 21
