3 498 27 62
141 491 32 38
185 482 30 46
131 306 18 30
154 315 17 26
221 309 19 26
271 348 40 45
207 473 28 29
291 514 56 58
53 62 24 32
306 208 17 23
357 207 20 22
372 301 19 21
419 257 21 25
435 235 23 26
398 328 26 34
424 323 23 20
434 342 25 31
451 371 32 34
490 312 21 35
536 302 39 43
323 398 37 44
367 408 17 34
388 403 23 35
400 545 81 30
613 274 17 20
650 307 34 39
720 282 21 28
734 344 26 30
746 286 29 29
794 276 26 30
827 314 35 37
591 502 52 58
741 226 15 24
756 218 13 28
850 214 20 30
877 274 25 25
854 269 20 26
907 248 24 23
918 278 15 24
955 316 25 32
971 398 33 35
811 446 79 83
926 479 64 56
886 201 20 25
751 197 24 26
980 439 30 43
