955 168 69 96
838 194 40 53
903 150 9 9
878 155 7 9
853 163 10 11
830 149 5 8
764 176 45 52
747 150 13 15
725 155 15 19
702 175 19 25
640 179 52 64
609 185 30 44
585 169 17 25
565 158 10 14
560 146 6 9
544 148 6 7
527 186 40 48
426 170 39 54
496 195 21 29
498 149 9 14
493 148 7 12
516 154 6 10
423 154 12 15
415 165 10 14
414 149 7 11
389 182 29 34
260 210 43 54
301 215 31 43
275 168 16 20
327 155 8 11
187 179 19 21
208 194 23 27
213 169 12 13
158 193 25 30
69 256 81 91
77 191 34 45
56 179 16 18
0 222 19 47
67 204 23 32
160 161 10 15
239 216 28 35
330 177 12 15
267 158 8 10
26 231 28 36
234 161 12 12
