939 126 17 22
870 148 19 22
874 111 16 21
819 128 20 22
802 125 14 17
737 159 20 21
763 140 16 21
697 138 18 23
681 108 11 15
643 134 18 19
575 121 17 21
563 128 14 19
535 147 15 19
527 109 17 21
499 119 18 21
462 127 18 20
436 115 17 20
708 108 12 19
382 122 20 22
404 119 15 18
371 135 14 18
293 135 17 18
343 115 13 17
277 133 15 19
239 141 15 19
212 127 17 21
262 127 12 17
162 118 16 20
124 122 17 20
62 123 17 19
67 106 16 19
7 111 17 20
343 134 18 22
484 103 14 18
666 135 14 19
771 131 18 21
839 126 17 22
1010 137 14 19
652 111 15 19
