0 407 9 25
34 410 15 17
60 414 14 22
72 430 11 15
85 439 13 19
80 406 14 17
103 406 19 27
123 415 18 21
147 428 11 13
153 415 13 15
164 417 17 24
116 390 13 15
9 565 29 39
139 630 38 49
2 527 9 24
11 523 10 16
45 569 11 19
55 589 22 28
135 544 16 23
58 542 15 21
200 383 36 43
243 399 10 10
281 442 11 17
305 439 17 17
327 441 19 23
259 569 20 29
271 543 15 21
314 530 18 22
304 542 18 20
379 577 27 34
392 550 19 25
384 542 14 19
379 544 12 17
345 434 13 16
382 404 8 11
382 414 12 16
364 440 16 23
375 429 14 19
394 425 11 16
393 446 16 20
415 444 15 16
429 445 11 17
447 428 13 18
428 538 21 27
444 538 16 20
467 526 14 19
483 539 18 21
501 546 17 19
534 540 17 21
542 520 10 15
553 534 15 22
536 561 24 31
459 583 22 29
489 576 29 36
514 640 29 39
528 627 41 50
455 424 12 17
472 432 13 17
515 444 13 18
536 444 12 14
538 422 8 16
553 436 10 13
558 454 9 11
571 447 11 14
589 433 9 15
583 521 15 17
568 546 15 20
605 528 15 19
624 525 10 16
649 525 14 17
617 546 16 27
623 562 23 28
630 613 18 29
569 554 21 33
575 573 29 36
663 633 26 36
672 629 38 50
675 539 14 19
684 561 14 17
700 530 8 15
712 528 11 13
679 593 25 22
704 582 19 35
708 606 29 31
744 534 16 26
770 543 16 18
755 579 29 31
732 557 19 26
606 428 11 16
636 442 9 15
641 453 11 14
651 443 11 13
659 435 9 13
697 437 11 16
719 458 9 10
710 463 9 13
688 440 7 11
739 444 8 13
757 437 10 18
774 449 9 15
786 435 9 14
787 430 10 14
811 434 10 13
820 449 12 18
832 441 10 13
770 409 7 9
752 410 8 11
801 438 8 8
764 438 10 10
844 443 10 13
846 438 9 10
880 449 8 12
879 436 8 11
854 475 9 16
922 439 10 16
943 455 8 11
965 442 10 12
957 443 7 9
994 432 9 11
1009 446 9 13
996 455 9 12
1015 452 9 13
969 517 15 19
941 520 14 16
894 541 16 19
787 524 8 13
797 528 14 19
798 552 17 21
800 576 11 15
777 615 24 33
809 522 12 12
838 535 14 16
833 587 22 27
839 518 13 14
851 530 11 13
861 535 15 19
869 554 21 27
921 554 18 27
928 570 21 29
917 503 9 13
951 520 13 19
1004 530 13 20
1003 552 21 29
985 563 22 26
973 592 36 46
980 622 34 45
