221 0 6 9
239 0 7 6
257 0 8 7
290 0 8 11
315 21 5 11
213 55 7 8
177 146 10 12
164 151 8 15
141 139 5 13
95 138 8 15
125 143 7 7
223 162 9 14
257 152 9 13
83 148 10 14
96 166 5 10
133 165 8 11
148 167 8 10
123 191 9 16
122 181 8 11
73 180 8 14
93 209 8 11
113 201 9 13
119 212 8 15
142 205 11 17
137 192 9 14
139 220 8 16
47 169 8 13
185 173 9 18
195 193 7 11
219 183 9 15
238 176 9 15
259 192 8 16
159 207 7 14
190 212 9 14
186 221 8 15
181 234 8 12
281 269 10 18
258 263 10 18
220 262 10 15
165 244 7 18
111 165 8 13
153 191 8 17
129 178 10 16
27 402 13 22
94 377 14 20
19 476 16 23
249 398 10 16
187 387 7 10
203 389 9 12
225 294 10 16
239 281 8 13
240 299 8 13
255 307 10 16
281 287 9 14
314 293 11 17
313 307 9 14
288 313 10 15
275 305 10 19
315 157 10 16
322 172 9 16
362 157 11 14
429 109 4 11
509 112 7 13
491 132 8 14
489 143 9 14
468 155 10 14
434 146 9 13
427 160 7 11
493 169 8 15
516 149 9 17
534 153 9 16
528 83 8 16
539 102 6 11
537 116 6 12
525 124 4 12
530 111 7 13
338 268 9 16
294 263 11 20
357 284 10 19
388 278 12 19
432 258 10 15
386 306 12 20
418 307 9 16
417 283 10 16
472 275 10 15
486 254 9 16
436 306 10 18
432 333 9 16
360 326 11 17
342 336 11 17
477 297 11 15
463 329 11 16
395 0 7 7
422 4 7 8
434 6 6 9
398 19 6 12
401 33 7 10
475 20 5 10
463 23 5 8
490 7 6 10
507 9 5 13
551 25 7 11
565 12 5 11
582 23 7 10
541 48 8 13
524 58 9 13
548 62 7 11
562 62 9 13
538 88 9 13
558 84 8 10
573 84 7 10
565 97 0 2
559 108 6 11
557 117 9 12
570 125 9 12
586 100 8 12
591 134 9 11
554 138 10 14
572 141 9 13
580 154 8 16
515 15 7 13
599 28 7 11
623 30 5 11
634 46 8 10
603 67 8 12
604 85 9 12
617 85 9 12
622 96 8 11
626 91 7 14
600 114 9 13
619 118 9 11
654 87 8 14
655 68 8 11
675 71 8 13
655 46 6 7
649 31 7 11
668 19 6 8
679 18 6 11
688 13 7 16
696 16 9 13
703 23 8 12
717 5 7 13
708 55 8 13
677 61 5 6
673 57 6 7
684 47 6 11
695 81 8 12
730 83 6 11
677 115 8 11
669 87 7 11
757 6 8 17
770 9 8 13
786 13 6 10
792 16 7 12
804 7 8 12
782 3 5 9
750 2 4 5
741 13 7 12
748 26 5 6
756 22 9 14
824 4 8 10
818 12 6 11
821 14 7 12
859 21 7 12
885 26 8 14
819 54 7 12
828 34 7 9
848 60 6 10
731 64 7 11
750 77 9 14
765 90 10 13
757 115 9 10
741 124 10 14
706 46 8 15
754 57 8 12
735 111 5 10
706 125 7 13
712 129 7 12
752 136 7 13
783 137 8 13
772 130 8 14
773 119 8 14
736 159 7 14
659 140 7 15
683 134 7 17
772 46 5 12
757 36 6 8
765 42 5 12
736 45 6 11
751 48 8 13
719 19 8 12
842 23 10 13
837 32 6 9
785 110 9 11
808 129 4 13
823 145 7 18
907 11 7 11
929 22 7 9
948 10 7 9
945 19 6 10
921 62 8 13
919 92 6 11
926 85 7 11
918 79 6 6
898 67 7 11
915 48 6 11
995 65 9 14
980 101 11 17
1012 96 8 12
1006 110 9 12
864 62 8 8
940 87 8 9
949 65 6 10
963 189 9 14
964 238 12 18
983 246 7 14
966 282 11 18
887 259 11 16
909 272 11 15
899 293 12 18
871 275 12 16
640 147 8 11
626 126 9 12
634 105 9 14
610 135 7 11
619 137 9 10
600 131 10 18
626 166 9 13
643 169 5 12
666 154 9 10
665 174 8 12
697 101 5 13
707 168 9 13
692 165 9 14
682 161 7 8
647 174 5 15
637 196 7 14
665 197 7 14
679 186 8 12
683 207 9 15
670 214 9 16
633 232 9 13
678 226 8 14
718 206 10 14
741 181 10 15
773 170 9 17
764 192 11 18
755 227 10 13
740 241 9 16
726 240 10 13
792 181 10 15
780 233 7 13
789 233 7 15
802 247 9 13
833 225 9 13
687 235 8 13
693 111 6 12
814 272 10 15
809 223 6 10
795 225 8 13
791 257 11 18
969 351 11 15
998 353 10 14
1013 346 10 19
1011 316 10 16
936 307 12 15
911 325 13 18
904 314 9 12
896 331 15 20
854 391 13 21
867 388 7 19
872 383 7 15
907 379 11 15
926 367 12 16
918 345 13 18
945 335 11 16
950 369 13 20
963 408 12 21
1007 389 6 17
993 364 12 17
698 251 7 17
641 253 9 16
663 274 11 14
649 305 10 15
612 291 10 15
619 278 8 15
613 307 12 19
606 310 6 16
700 323 11 16
734 319 11 18
757 321 10 18
721 247 10 17
757 251 8 15
715 337 10 16
559 265 10 17
568 263 10 17
591 254 9 15
562 296 10 19
551 314 12 18
536 285 11 21
520 312 9 17
499 273 9 14
503 318 9 15
657 308 7 17
677 357 10 17
545 253 10 13
534 257 7 13
539 263 12 17
602 267 6 13
617 254 10 11
838 310 9 16
816 315 10 18
775 347 11 19
788 354 10 17
819 348 10 16
843 320 6 14
368 416 11 19
379 417 9 15
389 388 10 16
405 400 12 20
405 365 11 20
443 361 13 22
393 425 11 18
331 446 7 15
421 449 15 21
427 466 14 22
446 440 9 12
455 474 16 22
441 533 15 20
487 494 18 17
276 366 12 16
331 369 11 21
746 342 13 18
807 310 12 12
953 471 13 21
945 538 16 21
993 554 16 14
1012 491 6 12
828 495 14 19
826 526 13 18
799 552 12 16
911 468 11 23
772 502 14 26
690 528 13 20
711 548 13 18
586 535 14 23
502 539 16 21
560 505 10 20
694 119 7 11
723 203 9 13
902 211 9 9
