44 218 24 25
108 204 18 24
107 148 17 18
126 168 17 20
163 221 18 22
162 152 16 18
184 172 16 20
207 150 16 19
209 212 22 24
246 179 16 19
255 148 14 19
271 212 19 22
306 174 16 21
333 217 18 23
331 147 14 20
369 145 12 17
368 172 17 22
387 227 17 22
421 155 14 20
424 175 16 22
459 231 16 24
463 157 14 18
492 165 16 20
513 214 19 23
519 138 14 18
539 187 14 18
575 222 15 23
578 142 14 20
609 168 15 21
632 211 18 25
628 134 15 20
677 154 13 17
669 179 15 22
694 201 17 24
714 179 13 20
713 147 11 18
751 208 19 24
745 149 14 20
768 165 16 23
786 155 13 19
816 226 16 23
820 182 16 21
815 153 16 20
877 215 16 21
857 175 12 21
845 159 10 16
871 143 15 17
916 195 18 23
905 181 15 19
958 171 16 20
990 220 18 22
