113 291 7 8
138 283 5 8
154 281 6 8
173 280 7 9
184 275 6 8
193 265 6 7
226 252 6 9
230 275 7 9
209 277 7 9
193 286 4 6
177 294 7 11
162 305 7 10
198 317 9 11
229 294 7 11
254 293 6 7
273 313 8 11
287 313 8 10
277 304 7 10
289 299 6 10
301 288 6 10
236 292 5 9
243 272 7 9
262 280 5 8
288 275 6 10
333 263 6 8
307 311 10 15
278 365 10 12
252 357 9 12
290 347 8 11
316 348 10 12
324 333 8 11
338 385 13 17
340 350 9 10
174 339 9 9
387 321 10 13
390 336 10 15
380 313 8 10
349 318 8 10
337 306 8 9
383 295 7 11
405 300 6 10
415 299 8 10
421 296 7 10
358 295 8 9
447 279 8 9
434 316 6 7
403 338 9 11
434 329 9 12
446 325 9 12
446 344 8 10
432 357 9 10
412 360 9 12
422 373 14 17
444 375 12 17
456 361 8 14
462 337 8 13
461 325 8 10
463 308 9 14
448 325 9 11
289 371 10 9
206 339 6 10
349 362 10 15
386 402 11 17
447 429 11 19
474 355 12 15
453 402 14 18
507 454 16 21
501 290 7 10
489 283 6 8
473 301 7 9
478 271 5 12
525 296 7 11
524 314 7 12
495 327 13 10
538 322 10 11
552 352 8 14
529 395 9 19
562 341 7 13
576 347 13 13
551 284 6 10
627 344 10 10
642 331 9 12
647 312 8 12
611 310 8 8
625 318 8 11
650 281 6 9
620 269 5 7
592 271 8 9
601 333 10 13
549 367 9 12
539 369 7 12
516 325 9 10
562 443 15 20
587 441 12 17
590 341 8 14
556 301 6 10
598 314 8 9
537 352 8 12
703 309 8 10
742 327 10 13
736 304 7 11
720 324 6 12
700 332 9 12
686 309 8 11
681 316 8 10
774 297 7 11
764 306 8 12
763 322 7 11
741 379 8 16
748 416 11 13
768 431 14 21
773 400 13 10
716 430 9 13
742 472 14 20
615 404 14 19
618 360 9 13
613 382 8 15
606 351 8 13
676 391 10 15
741 403 9 17
659 348 12 14
673 318 8 10
655 324 8 12
681 336 7 10
667 328 7 9
708 290 6 10
698 283 8 7
670 291 6 8
678 291 6 8
651 303 8 6
736 269 9 14
772 265 7 7
747 340 6 12
746 362 7 9
797 351 9 14
772 280 4 6
670 272 6 8
685 246 6 8
756 320 7 10
766 296 5 6
827 266 6 8
840 284 6 10
877 305 6 10
868 302 7 9
860 303 7 9
836 303 7 10
871 342 9 14
857 348 7 17
842 350 7 12
853 319 8 12
825 296 7 7
811 292 6 7
821 282 5 7
863 361 12 16
829 350 8 10
812 361 8 11
793 372 7 13
804 278 7 8
828 280 8 8
803 273 4 8
878 285 5 7
889 281 7 9
891 293 6 8
902 288 7 8
951 289 6 6
948 307 10 12
938 294 6 8
928 291 5 9
922 295 6 8
900 316 8 10
914 357 10 13
947 355 13 17
922 335 11 15
928 320 10 11
1005 298 6 10
991 316 10 13
973 299 7 8
961 344 7 8
974 340 11 13
981 338 8 11
938 356 8 12
981 366 8 11
925 387 11 15
995 370 11 13
944 379 10 15
921 369 10 15
989 358 6 8
989 336 9 15
1014 366 9 13
1010 411 9 12
969 391 14 15
952 400 12 19
889 391 11 17
857 399 15 18
863 424 17 15
903 436 12 21
917 417 11 14
876 506 17 18
892 482 12 20
909 460 17 20
941 487 18 23
904 496 13 17
982 486 15 24
839 410 12 19
808 433 12 17
789 467 15 20
549 404 9 9
528 265 5 7
535 262 5 8
576 244 5 8
505 247 5 8
516 243 4 7
500 225 5 9
450 260 7 12
721 350 9 10
707 361 10 11
697 251 7 7
631 260 5 6
604 261 4 6
608 277 6 8
744 253 5 6
641 228 5 6
647 233 4 6
642 244 6 5
657 246 4 6
701 442 9 12
1016 319 8 13
895 343 8 9
172 269 8 8
654 493 17 21
615 511 17 20
965 545 13 18
1016 512 8 19
973 528 10 20
