38 206 22 27
236 680 6 4
247 637 5 6
239 604 3 5
292 610 4 5
303 645 5 5
332 655 3 5
292 660 4 6
296 645 4 4
331 612 5 5
327 583 4 5
336 583 4 5
498 609 5 5
483 624 5 5
474 650 5 6
435 658 3 4
399 645 4 3
400 628 4 3
418 605 3 4
421 593 3 4
446 622 4 5
440 668 4 4
375 572 4 5
378 560 3 2
402 546 3 4
343 525 3 4
390 521 3 4
399 540 3 3
420 522 3 3
413 530 3 4
414 525 2 3
423 527 3 4
458 548 2 2
446 542 3 3
460 564 3 3
472 583 3 3
500 564 2 2
498 583 2 4
504 583 3 4
522 569 3 4
590 599 4 4
610 603 3 5
559 624 3 5
538 621 4 3
521 659 4 7
607 640 3 5
600 589 4 4
575 580 4 4
556 600 5 5
549 588 3 4
663 624 5 5
634 588 4 5
550 560 5 5
579 552 4 4
591 547 4 5
603 546 2 4
516 537 3 3
545 530 4 5
459 528 4 4
478 519 3 4
490 521 3 4
485 512 4 4
759 672 5 6
762 659 4 6
687 663 6 5
693 663 4 4
699 670 4 6
695 656 5 5
752 650 4 5
768 621 5 5
717 623 3 4
711 617 4 4
698 611 4 5
679 546 4 4
679 553 3 5
684 556 4 5
688 546 4 5
690 554 3 5
698 575 4 5
647 550 3 4
816 636 5 6
799 620 5 5
768 599 4 5
744 585 3 4
765 555 3 4
768 555 4 4
816 546 4 4
854 559 3 4
838 603 4 4
828 596 4 4
817 605 4 4
858 603 4 4
851 598 3 4
865 577 3 4
791 547 4 4
798 528 3 2
817 537 4 4
880 515 2 2
876 510 3 2
827 518 3 2
897 603 3 4
926 585 3 5
927 580 3 3
955 526 4 4
944 522 2 3
932 582 5 6
44 495 3 5
52 493 3 4
50 508 3 4
72 498 4 4
88 502 5 5
84 507 4 4
67 485 4 5
95 485 3 4
100 476 4 4
1 644 6 7
2 598 3 4
22 611 4 4
1 623 3 5
10 634 4 4
20 606 5 5
23 589 4 4
39 594 3 4
