961 241 62 65
850 305 57 50
948 164 27 30
978 164 20 28
815 257 26 28
845 229 12 13
752 246 11 13
879 225 11 12
674 344 45 50
707 270 26 31
649 304 25 34
575 306 25 30
511 339 21 30
650 262 6 8
634 277 9 10
595 283 9 12
580 297 17 21
644 292 14 18
677 256 8 10
503 315 15 18
524 314 12 15
552 285 10 13
267 399 29 32
312 366 17 20
266 369 17 20
299 358 11 14
284 356 9 10
207 436 30 27
113 417 18 21
79 445 36 34
150 389 13 15
203 368 10 10
176 376 5 6
120 385 5 5
337 342 11 12
468 313 14 16
374 340 7 7
351 335 7 9
533 296 6 7
587 276 9 8
709 248 7 8
721 246 7 7
394 325 5 6
409 315 4 4
378 331 6 6
916 219 20 17
767 243 9 9
850 216 7 8
696 272 12 15
770 349 29 32
87 494 29 33
327 414 16 20
328 442 18 22
785 379 19 24
814 336 13 20
95 532 23 24
87 391 7 8
767 334 21 21
436 305 3 4
416 314 4 4
430 301 3 4
0 499 42 64
