599 137 16 21
626 131 10 14
668 121 11 13
640 116 10 12
628 104 8 11
574 109 11 13
536 104 9 11
504 86 8 9
473 95 10 13
442 111 16 18
393 100 9 11
371 116 13 13
392 122 10 11
928 155 16 19
952 147 17 19
998 161 16 19
863 197 18 18
871 173 16 18
893 115 12 15
851 140 14 17
813 120 18 19
795 123 19 22
244 121 16 20
248 102 8 10
307 101 8 11
338 111 9 12
604 70 6 8
616 60 6 7
647 75 4 6
647 63 5 7
670 66 4 8
680 64 5 7
712 62 5 7
736 76 5 5
724 74 5 6
773 103 7 10
702 94 10 13
690 102 9 10
681 87 10 12
334 139 22 28
490 76 6 11
