91 330 72 83
832 582 10 17
838 549 12 13
797 548 8 11
849 536 10 11
752 557 13 15
701 548 11 14
686 530 9 12
698 530 9 10
889 508 7 9
836 525 9 8
1006 565 14 15
994 571 14 17
965 564 13 14
975 551 12 14
1018 545 6 13
1005 549 12 14
1010 517 9 13
937 521 8 11
972 522 9 12
679 559 10 11
644 564 8 12
563 503 9 11
661 505 7 11
779 511 10 13
711 563 12 16
872 517 8 10
719 514 8 9
750 504 8 10
960 518 8 12
757 574 8 13
563 579 17 18
730 505 9 10
678 575 10 13
1001 504 12 15
811 502 7 9
719 504 8 8
535 549 8 9
1016 506 7 13
927 515 9 10
766 515 7 9
