950 186 17 21
1004 190 12 16
923 220 19 23
893 193 18 23
969 156 6 9
1014 165 7 10
942 159 7 8
925 161 7 8
889 168 7 9
901 156 7 9
860 164 9 11
807 157 6 6
818 183 12 14
841 161 6 10
789 172 10 12
752 170 12 16
733 162 5 7
767 203 11 15
835 211 15 19
812 217 16 21
715 188 11 13
700 184 10 14
685 161 8 11
694 168 10 10
743 158 8 10
664 205 18 25
681 196 11 19
639 168 7 11
614 227 24 28
568 175 11 15
549 175 11 16
529 166 11 14
513 165 11 13
491 159 6 8
505 181 9 13
482 188 13 15
463 177 8 11
486 220 16 23
551 207 10 13
425 175 7 10
444 183 9 12
431 199 13 17
390 186 13 18
398 173 9 13
406 226 17 24
390 218 13 18
320 197 14 19
302 177 10 16
285 201 16 20
242 197 11 16
230 174 12 15
183 176 9 12
143 185 15 20
66 182 15 19
25 193 12 17
121 162 9 13
733 147 5 7
476 209 14 22
