207 176 7 10
267 163 6 9
256 207 6 8
268 230 6 9
244 218 8 12
222 218 7 10
264 249 10 12
251 241 7 11
256 260 10 13
259 294 10 10
238 268 8 11
221 261 8 11
212 250 10 12
232 282 9 10
260 279 9 7
220 281 7 6
207 288 11 16
218 312 14 15
212 229 6 12
194 202 6 10
227 213 7 14
201 234 10 13
198 225 7 12
181 228 10 12
160 208 8 11
146 211 8 9
151 221 9 10
151 233 5 8
133 230 9 11
111 242 12 12
155 247 8 10
169 248 6 9
185 259 11 14
162 258 10 10
149 265 11 14
128 271 14 14
111 284 9 11
96 286 10 15
122 294 13 15
124 306 9 17
154 293 12 16
171 293 9 13
181 278 10 12
238 313 13 16
2 209 5 9
46 255 9 10
0 268 3 13
112 263 10 14
91 269 9 12
17 294 13 14
54 327 11 15
97 331 15 15
142 332 11 15
182 319 12 16
193 334 13 18
176 344 15 18
129 354 15 14
173 430 13 20
110 423 14 22
118 420 12 19
84 351 14 17
53 362 12 16
93 438 18 20
36 456 19 17
54 454 13 17
0 421 19 22
16 374 16 20
18 351 12 16
1 334 11 17
26 491 14 20
37 530 25 28
59 550 30 34
1 649 34 31
116 615 24 31
145 480 16 24
190 484 15 17
163 519 25 31
172 590 24 32
209 406 14 18
224 422 16 20
233 398 12 15
282 398 14 23
334 400 13 20
392 412 14 19
336 442 16 22
282 466 15 19
246 449 13 22
249 484 20 21
222 532 15 22
220 625 24 33
262 559 20 24
284 529 16 19
344 534 18 24
391 527 19 24
383 564 23 29
327 577 21 29
296 624 24 33
286 179 6 10
348 170 8 10
401 167 7 8
373 200 7 11
356 219 9 12
372 215 9 10
393 222 7 7
433 226 8 12
415 229 8 9
398 236 7 12
381 235 7 9
424 258 9 12
398 254 7 11
369 243 7 11
346 249 9 10
347 262 8 10
371 268 7 12
384 258 9 15
286 211 5 9
300 218 7 9
293 231 8 12
281 224 6 9
275 246 6 8
309 246 7 11
295 255 10 11
283 272 10 12
307 285 11 15
278 307 12 17
309 274 9 13
323 305 7 13
311 316 14 16
348 274 9 16
351 293 12 14
373 314 13 16
365 300 8 13
391 296 9 12
404 280 8 12
413 298 10 15
403 313 10 13
432 295 10 13
420 336 12 16
230 336 12 17
302 350 10 14
315 332 16 15
369 369 14 18
403 452 14 21
436 250 8 9
449 259 9 10
439 269 9 13
459 243 7 11
452 231 7 10
473 224 8 10
490 229 6 11
502 233 9 13
486 246 8 13
511 248 8 9
512 224 5 9
526 244 10 12
536 230 7 10
529 212 5 8
557 250 7 9
531 263 8 11
522 259 8 11
509 259 8 11
534 282 9 11
504 289 11 14
515 283 7 15
488 268 8 14
474 264 6 12
465 292 10 13
471 287 8 14
469 308 11 17
444 321 11 14
508 314 11 20
517 308 9 16
552 310 8 15
550 322 9 14
432 383 11 16
454 419 17 26
479 408 15 19
530 405 15 19
534 426 16 25
524 435 12 21
587 406 15 21
538 370 9 15
447 513 20 23
489 506 14 18
539 502 21 26
440 496 16 22
441 584 24 36
530 598 24 29
577 560 19 29
440 561 17 23
609 616 27 33
600 512 17 22
632 528 18 22
665 534 20 25
597 381 13 19
593 432 14 23
592 471 16 18
631 463 18 26
632 429 15 21
684 454 15 17
732 465 15 28
713 599 23 30
628 401 11 15
639 354 12 17
657 354 8 12
687 358 12 15
717 369 10 15
694 381 11 12
691 405 16 16
744 428 13 19
752 375 9 14
728 358 9 14
537 206 7 10
560 185 6 7
553 208 8 11
573 193 8 12
592 198 5 8
603 205 6 9
614 206 5 8
628 196 5 9
643 191 3 8
653 189 6 9
666 190 6 8
682 189 6 8
678 202 8 8
654 200 7 8
667 212 6 6
655 212 5 8
672 223 8 10
672 235 8 9
664 240 5 11
646 232 5 8
625 223 6 10
634 216 6 7
655 250 8 12
681 263 7 12
661 277 9 12
655 292 6 10
657 307 8 13
595 217 9 11
578 213 8 9
569 229 8 15
606 235 6 9
597 248 6 10
611 259 9 12
615 281 8 11
594 272 10 14
577 267 10 12
562 272 8 13
568 302 10 15
586 315 12 13
607 294 10 15
787 257 10 9
748 261 9 12
736 249 7 10
718 246 7 10
708 248 8 10
700 260 0 0
789 281 8 12
778 290 9 12
732 272 9 14
744 292 9 14
712 280 9 13
762 259 7 10
742 234 6 10
755 220 8 8
750 211 6 9
686 244 8 12
683 235 5 8
698 229 7 10
686 218 5 7
791 360 11 18
774 344 11 17
809 320 9 12
804 304 8 13
774 318 11 17
760 302 8 11
827 290 6 13
810 267 7 11
801 243 8 11
824 237 7 10
791 209 7 10
774 200 5 8
777 195 5 8
727 238 7 11
731 305 10 12
726 294 8 10
707 329 9 14
692 308 9 14
684 295 9 12
714 200 6 8
706 199 5 6
619 192 6 13
724 214 7 7
690 279 7 9
700 260 7 10
810 233 5 8
867 197 7 10
879 197 6 8
874 206 5 9
905 216 6 7
912 210 4 8
929 212 7 9
945 205 6 9
950 222 5 7
940 233 7 10
919 225 7 11
926 239 7 9
909 229 7 9
890 228 6 9
877 222 6 8
903 199 5 7
887 204 8 9
858 241 6 7
873 238 6 8
874 247 5 9
887 243 6 10
878 262 9 11
905 243 7 10
932 253 6 9
907 275 10 9
905 259 8 10
922 273 10 11
895 285 7 9
864 277 6 10
852 294 10 10
831 285 6 12
826 325 11 15
855 308 8 13
858 329 10 13
887 309 10 13
907 327 9 13
920 313 8 14
936 319 8 13
936 269 7 9
948 278 10 14
943 294 9 13
935 339 13 14
731 169 4 5
745 246 8 8
738 197 6 11
806 198 5 7
786 228 8 11
848 253 10 13
951 234 8 9
964 209 7 9
971 219 4 7
972 233 6 8
968 251 9 9
961 281 5 10
955 298 9 12
960 321 10 13
955 344 13 15
849 346 8 15
877 344 11 14
862 209 5 7
928 196 7 6
959 199 6 6
968 197 5 7
982 194 5 7
1000 197 6 8
995 209 6 10
978 205 7 7
1017 218 6 8
1018 200 6 10
1010 213 6 10
993 283 9 12
1003 223 4 7
1015 232 5 6
980 259 7 8
983 247 7 9
984 230 6 7
1004 251 7 10
1014 255 6 9
1002 268 6 10
1010 268 9 12
1018 289 4 13
983 307 7 9
1005 314 10 11
979 325 12 14
997 341 11 13
967 357 14 13
1006 357 9 12
966 387 13 17
1019 352 4 15
1015 388 9 18
963 339 12 14
727 327 9 10
737 323 8 15
833 365 12 15
897 364 14 16
910 396 9 16
865 410 15 16
844 438 19 16
766 428 13 18
749 463 11 15
766 465 15 19
785 518 14 19
843 472 18 26
800 421 13 20
916 509 19 24
798 596 24 23
951 466 20 24
1013 420 10 22
998 422 10 13
957 420 9 16
884 361 12 15
352 401 13 12
373 492 12 14
405 493 14 12
