127 139 47 56
27 70 17 25
65 131 43 43
107 79 19 24
60 49 21 25
137 65 16 25
154 69 14 17
176 89 23 23
151 57 19 22
241 41 8 10
230 81 18 22
277 82 12 14
301 79 7 8
316 83 25 28
393 108 27 22
413 76 11 10
450 104 16 27
448 86 12 7
475 92 15 20
566 52 18 16
596 45 11 14
644 52 8 10
670 44 11 12
663 64 18 21
651 86 21 22
615 69 10 12
744 72 19 23
711 99 18 23
588 84 11 11
583 97 17 24
602 131 30 29
525 125 20 18
482 184 27 24
838 72 16 30
798 96 15 22
797 136 36 41
442 341 32 45
879 363 35 40
780 338 31 42
