938 329 26 34
991 422 33 35
846 315 27 31
682 343 27 34
570 342 23 29
788 242 13 17
805 236 13 18
937 249 14 18
1010 260 14 21
990 219 12 13
896 216 15 14
880 250 10 13
880 233 11 15
822 212 13 16
918 186 10 12
662 105 17 20
606 114 18 19
553 110 17 19
501 230 13 17
454 232 13 14
528 227 14 14
471 353 25 29
397 284 17 23
321 331 24 28
340 267 23 23
305 269 17 19
335 247 16 23
303 250 14 19
195 341 24 25
187 268 16 20
205 257 15 17
81 323 23 26
84 253 17 20
14 317 21 20
218 240 10 14
224 231 12 16
294 211 9 10
347 209 9 12
423 222 12 14
551 244 19 21
662 246 16 21
187 153 8 12
221 158 9 12
201 151 8 10
230 149 8 8
961 220 9 10
1017 200 7 14
747 287 17 29
841 264 12 14
