1012 290 11 15
1009 256 12 12
961 267 11 19
849 399 31 40
873 330 14 31
868 309 19 27
822 258 13 14
883 256 11 10
822 242 12 11
788 257 12 14
736 254 12 14
697 250 12 16
648 256 12 11
665 272 14 14
654 300 8 17
612 270 8 18
600 248 13 13
557 249 13 13
572 252 8 11
585 257 9 11
594 256 8 11
538 259 11 11
523 239 10 13
491 246 12 16
476 243 10 15
482 244 8 11
462 247 12 13
446 242 11 13
426 253 11 12
418 272 16 27
552 253 8 8
398 253 14 16
385 244 7 8
391 255 7 10
374 253 9 11
356 248 11 15
338 250 14 12
331 251 9 12
271 241 13 15
284 241 10 12
255 245 9 10
243 239 10 12
227 241 13 16
183 240 12 14
303 246 7 10
224 220 9 10
230 226 7 9
167 242 16 17
119 237 13 15
111 287 12 13
90 237 9 14
162 297 12 24
174 319 25 29
0 246 11 17
15 312 11 15
201 241 6 8
216 242 7 10
435 240 10 15
