310 294 8 11
279 294 7 7
285 244 5 6
182 249 6 4
175 249 7 4
202 238 6 8
198 250 6 8
198 270 7 4
194 274 4 3
250 233 5 6
285 228 4 5
267 258 6 10
256 254 5 6
205 258 6 6
219 269 6 6
193 243 4 4
257 222 4 3
262 234 5 5
274 233 2 2
240 256 8 6
279 277 8 8
285 267 7 9
39 261 9 10
35 263 5 6
17 311 8 8
41 310 9 9
37 312 3 4
52 285 4 4
52 308 7 8
53 293 9 11
62 299 10 13
8 362 10 8
6 388 7 10
76 371 14 13
84 319 8 7
97 304 7 9
85 305 4 3
77 305 5 7
123 311 9 7
118 327 11 13
129 366 5 10
147 350 9 10
170 359 4 12
53 329 7 6
144 304 7 9
189 343 5 9
180 326 11 9
175 310 9 10
172 298 8 11
173 285 6 8
191 290 2 3
194 289 3 3
202 316 7 8
210 326 5 4
223 333 11 13
62 274 9 9
88 248 8 8
20 257 7 4
5 247 6 9
28 306 7 7
105 293 7 5
114 284 5 5
224 314 12 8
183 302 6 7
191 302 5 5
87 402 9 13
162 409 5 9
142 476 11 18
209 442 7 14
385 431 8 13
151 519 7 19
11 479 8 17
16 382 8 13
331 473 4 12
266 318 8 9
367 304 14 16
332 319 12 18
263 349 8 8
218 352 8 13
282 318 9 4
291 321 12 14
348 310 10 8
346 305 8 9
359 299 9 8
400 312 10 10
289 293 7 12
300 297 9 7
384 297 6 4
369 294 5 3
433 401 10 12
240 313 7 8
291 259 7 5
323 268 8 7
341 283 7 8
364 277 9 12
374 278 5 8
379 284 6 7
302 235 6 5
411 227 5 9
425 238 4 4
466 302 11 13
462 295 8 10
439 313 8 6
459 254 6 5
312 262 4 3
326 235 5 5
355 291 9 9
496 286 8 6
508 286 8 8
496 269 5 5
685 298 8 9
700 302 6 11
647 306 8 10
560 238 9 4
533 266 6 3
514 295 9 11
516 308 9 15
501 314 7 11
546 321 7 10
538 315 7 12
549 303 9 10
564 304 7 7
480 256 6 4
570 269 6 6
549 274 6 6
511 274 6 5
533 281 7 7
592 300 6 8
684 245 6 5
641 273 7 12
632 279 4 4
615 300 7 10
549 268 7 4
527 294 10 9
574 288 7 5
556 284 7 6
570 282 7 5
584 267 6 7
596 268 7 8
501 234 5 5
487 239 3 3
606 259 4 4
674 295 9 10
682 317 6 7
641 318 9 14
655 325 8 9
704 328 8 12
549 290 8 7
530 305 5 6
522 272 5 3
485 277 7 5
493 296 6 7
500 302 8 5
573 322 9 6
601 320 8 8
593 331 7 6
610 333 9 12
476 242 2 2
704 293 6 7
713 295 5 7
739 314 8 10
707 304 8 11
736 281 10 10
741 257 5 4
749 253 4 5
735 215 5 6
736 262 3 4
740 241 4 5
752 241 5 4
760 270 5 6
768 252 4 4
771 265 10 14
729 299 4 4
772 287 9 8
786 294 6 4
804 290 6 10
755 309 10 10
749 295 8 10
608 460 12 21
641 449 14 20
663 445 17 20
488 418 13 19
526 420 11 18
502 513 13 13
558 521 10 18
428 496 10 14
431 550 6 16
705 497 8 14
697 529 18 17
708 459 15 18
744 470 16 18
739 443 17 21
694 410 16 19
715 443 10 15
746 423 11 17
703 380 15 17
709 362 15 18
714 352 8 8
729 342 14 18
710 337 11 12
656 399 8 12
681 389 9 6
614 426 15 14
635 422 11 13
577 424 10 18
449 386 10 12
473 378 11 12
496 393 9 14
517 398 13 16
548 408 14 15
575 407 13 11
608 395 13 13
627 372 12 17
650 366 9 12
623 361 12 12
663 345 9 12
574 352 11 12
638 339 10 12
616 318 7 10
611 346 14 15
578 372 8 8
480 325 9 6
484 301 9 10
595 363 8 8
547 386 12 16
958 293 9 10
914 287 6 8
929 287 8 8
951 287 8 10
902 325 11 9
896 348 12 13
934 341 10 10
895 270 8 7
891 305 8 10
845 334 8 9
862 328 12 10
871 340 7 8
869 360 12 11
940 362 10 11
785 260 5 5
812 437 16 18
948 478 20 25
883 480 17 20
887 444 15 22
806 529 23 16
944 534 22 24
776 459 16 23
994 529 19 20
925 404 12 16
953 412 17 17
917 376 11 12
812 389 8 14
833 405 15 19
807 368 13 9
853 417 17 20
815 485 15 21
846 492 18 22
892 521 24 26
832 560 21 17
782 378 8 10
210 365 10 12
253 346 5 10
251 287 8 10
282 284 7 8
292 286 7 6
312 279 6 8
302 267 6 9
318 258 5 7
334 289 5 9
150 297 9 9
133 293 6 9
114 344 9 6
0 292 4 10
16 266 8 6
211 389 7 10
270 234 7 7
269 245 7 10
418 245 7 8
404 269 6 7
116 237 6 8
110 233 4 8
117 230 4 4
78 244 5 5
41 247 5 6
37 245 5 5
33 257 4 5
14 245 4 5
0 254 3 7
1 272 7 6
94 242 7 8
194 224 9 9
214 225 5 5
198 217 3 5
209 240 5 5
219 258 10 7
187 269 5 7
170 230 5 6
341 247 7 7
349 233 6 7
392 269 8 10
381 276 7 8
409 299 10 10
388 307 12 9
441 301 7 10
427 312 6 9
415 319 6 7
485 292 5 6
442 251 6 8
429 253 5 6
453 235 5 7
296 225 4 7
417 219 5 6
426 216 4 5
514 214 8 9
493 253 7 7
493 231 6 6
496 196 6 10
425 226 6 6
462 245 7 9
562 204 6 8
574 201 6 8
504 195 3 3
505 205 4 5
492 222 5 5
416 200 7 7
569 210 3 6
576 215 4 4
573 226 4 4
515 228 4 6
519 221 6 7
525 262 5 7
564 277 6 9
538 288 8 10
544 280 5 9
782 440 16 14
921 490 12 12
890 419 12 12
877 408 10 11
750 497 11 15
985 498 15 17
840 393 9 10
577 396 13 13
913 434 8 11
914 401 8 9
920 331 8 8
933 311 9 10
972 313 9 10
1015 487 9 22
803 336 8 11
819 333 7 9
839 323 7 9
794 316 7 11
818 275 7 10
827 273 7 11
707 313 7 9
770 296 5 7
763 287 5 7
890 279 6 9
934 276 4 7
877 290 7 8
785 276 7 7
773 307 7 11
629 309 10 9
652 291 6 8
680 283 7 9
671 329 6 8
572 311 7 8
583 306 7 7
599 289 7 7
688 396 12 21
447 317 6 8
584 277 8 7
610 271 6 5
642 262 5 5
625 218 8 8
651 210 4 5
631 223 5 4
591 217 3 4
612 207 5 7
587 206 4 4
581 209 5 5
556 223 4 5
586 254 7 8
634 204 4 7
624 207 2 4
603 254 4 4
603 243 5 9
925 243 6 7
957 259 4 7
969 257 8 10
965 269 9 11
952 271 5 7
933 267 3 5
886 239 5 7
888 210 5 6
929 206 6 7
922 222 7 8
795 246 6 6
787 250 4 6
769 244 6 7
776 249 7 8
780 243 4 6
780 229 5 7
776 222 5 6
794 203 5 6
789 213 6 8
780 219 4 5
782 208 7 7
906 237 5 5
918 198 4 6
944 256 6 8
951 257 4 9
938 265 3 5
907 258 4 5
884 224 5 5
921 273 4 8
801 278 7 6
732 269 6 8
747 221 3 4
717 216 5 6
657 215 4 7
648 229 12 15
635 237 5 5
623 197 4 5
607 197 5 7
614 194 6 5
601 213 4 5
600 226 2 3
607 227 3 4
622 214 2 4
650 217 4 5
643 221 2 3
647 243 7 10
725 245 5 7
723 227 4 6
639 201 4 4
492 198 4 6
526 198 3 5
498 208 4 5
473 205 4 5
758 213 6 9
768 211 6 8
918 567 23 17
853 306 7 9
629 451 17 19
594 393 11 11
621 325 10 11
609 262 5 4
640 287 8 8
594 285 6 7
583 296 7 6
318 309 10 14
261 315 9 10
85 255 6 6
226 263 9 9
