120 545 39 47
118 472 40 52
429 568 94 112
429 494 34 41
488 469 27 32
146 436 9 13
198 460 12 18
312 476 14 18
262 429 10 11
295 438 7 11
195 443 9 12
212 436 12 13
167 434 8 11
335 447 9 16
313 440 9 12
425 447 10 13
524 471 15 21
589 442 12 15
645 454 13 17
567 575 41 31
395 431 7 10
675 428 7 6
684 443 5 7
677 454 7 13
653 439 5 4
629 452 9 10
618 442 6 7
612 435 7 10
564 441 7 6
570 450 6 8
565 451 5 7
552 445 8 10
536 455 9 16
642 436 7 7
674 437 9 10
485 457 11 10
472 431 8 12
487 443 8 10
492 431 6 8
388 446 6 9
377 444 4 8
373 444 5 9
379 445 5 9
353 438 8 9
359 433 6 8
451 447 6 7
72 437 9 10
91 439 7 9
134 435 6 9
174 442 5 8
246 441 8 7
257 436 5 7
414 443 7 9
408 441 7 10
503 435 8 10
982 454 23 29
1006 501 18 39
