42 91 17 18
82 119 14 15
147 96 11 15
168 106 16 19
227 116 10 14
82 108 10 10
71 119 8 12
143 102 6 8
255 106 9 12
280 98 7 10
318 112 9 12
276 122 8 9
407 135 8 11
414 121 7 10
415 102 7 8
411 107 5 6
381 102 10 11
407 122 6 7
477 119 7 8
568 119 8 9
510 110 10 12
468 124 5 5
465 128 4 5
473 117 5 6
559 125 9 7
546 133 8 7
682 122 5 8
651 138 4 5
637 129 5 5
660 120 4 5
646 131 4 4
594 124 5 6
629 135 4 5
672 132 4 4
700 124 5 7
708 123 5 7
715 130 5 7
737 138 5 7
728 125 5 6
724 129 4 5
781 135 4 4
795 142 4 5
811 141 3 6
786 132 3 5
832 134 3 4
812 124 3 5
782 122 3 5
797 126 2 4
826 127 4 4
867 123 4 4
836 125 3 4
830 122 3 4
815 119 4 4
876 127 3 4
903 130 4 4
