814 189 17 19
834 190 14 20
746 161 13 16
700 151 13 12
743 241 23 28
780 214 12 18
883 418 36 47
740 300 21 29
735 269 15 21
872 343 28 35
606 355 24 42
558 300 21 41
588 285 18 26
598 238 24 32
630 243 23 24
668 210 17 21
625 204 21 24
585 206 15 17
655 175 13 12
628 167 11 16
659 159 9 9
590 179 13 17
618 155 9 13
636 105 9 11
600 196 14 18
538 161 10 14
515 168 14 19
497 194 14 16
485 160 12 13
495 139 8 8
577 165 8 13
471 158 11 14
457 159 9 10
569 207 12 16
404 225 12 22
372 203 20 22
399 154 11 16
375 178 9 13
448 194 14 20
296 220 13 18
277 249 19 24
254 213 21 27
347 190 13 16
330 220 13 15
24 283 26 32
187 202 16 16
189 189 10 11
160 194 10 13
145 176 11 14
46 240 18 28
25 192 15 18
150 268 15 20
70 192 15 18
20 161 12 15
40 145 9 12
36 166 11 15
139 156 8 12
441 121 8 10
505 122 16 14
415 197 12 13
410 144 13 14
224 221 15 21
783 253 15 20
