134 252 49 56
205 256 53 52
208 316 49 64
355 322 61 66
73 365 81 86
90 497 100 116
310 489 118 133
0 462 75 108
14 381 60 79
39 296 58 67
77 217 34 41
42 212 32 36
459 294 81 95
664 338 81 97
774 465 57 86
569 577 69 104
270 218 23 26
241 199 25 33
186 215 32 37
168 190 28 32
140 193 18 23
334 232 47 60
347 190 36 41
367 239 38 53
397 201 35 49
316 221 32 41
960 310 64 93
722 278 58 76
643 211 60 75
688 205 40 55
602 198 21 25
214 155 19 26
263 177 14 19
294 199 18 21
483 231 31 39
433 199 26 34
726 182 33 40
752 185 24 38
889 195 45 57
0 261 18 59
612 169 20 20
584 155 21 23
734 225 26 39
