962 262 19 19
887 240 16 32
881 261 19 22
869 324 20 23
921 338 37 41
811 274 17 21
789 325 17 19
748 347 21 26
783 359 21 23
794 396 39 52
644 421 86 104
641 371 34 36
649 333 17 21
630 337 14 21
640 291 14 14
527 397 22 37
596 418 24 14
429 611 90 76
103 494 89 113
353 230 66 86
138 412 33 49
87 421 29 35
260 390 20 34
208 393 24 26
151 377 22 21
121 367 16 22
100 356 11 16
67 360 13 17
214 363 14 15
212 350 12 15
25 506 79 70
322 299 10 14
284 301 8 12
341 299 12 16
201 312 8 11
160 351 9 11
132 360 11 13
39 317 13 14
200 353 6 7
0 462 39 77
