35 300 6 9
42 289 6 8
33 320 4 7
16 316 3 9
80 321 4 8
53 275 5 7
29 279 4 6
73 289 3 5
113 312 5 7
160 341 6 9
150 325 6 9
134 334 6 7
137 310 6 10
142 303 3 6
152 350 5 12
130 352 5 7
145 384 6 10
119 389 7 13
111 349 7 9
92 342 7 9
102 325 5 10
72 345 9 10
59 348 6 7
24 350 7 8
87 362 8 13
32 383 6 11
21 409 8 14
55 408 8 10
60 384 9 16
91 393 9 11
78 393 6 10
5 358 7 10
59 422 8 12
38 439 9 14
80 430 11 12
97 426 7 13
104 432 9 13
129 425 7 10
138 464 11 17
103 466 10 17
95 485 15 18
81 478 11 16
48 481 9 17
18 486 10 17
31 510 12 19
97 514 14 18
138 486 13 20
9 460 11 17
144 533 13 19
165 545 10 12
183 585 14 22
159 480 9 12
165 467 9 12
158 436 8 12
175 437 9 18
184 434 10 15
36 464 11 13
75 409 12 12
114 515 8 17
184 292 4 7
182 319 4 7
167 350 6 8
204 332 5 8
184 350 7 8
193 344 3 5
261 344 7 11
209 357 7 9
245 374 7 13
228 350 7 8
231 318 6 10
256 391 7 13
219 420 8 13
229 418 10 12
240 431 10 12
256 438 11 15
254 420 9 12
281 416 8 13
336 408 6 13
330 446 11 14
317 449 10 13
290 437 12 14
202 468 11 13
217 477 10 17
206 492 12 19
291 478 12 17
279 471 10 16
308 505 14 18
329 485 10 20
322 482 10 18
348 510 10 16
315 526 7 17
284 529 14 20
233 533 15 20
210 338 6 7
245 355 9 10
282 301 6 7
247 305 4 8
357 301 4 7
345 311 6 8
346 336 6 8
331 328 5 7
319 330 6 8
282 330 8 10
291 326 5 8
295 342 7 12
278 355 9 10
280 367 7 12
239 378 7 12
234 384 5 8
252 411 8 11
289 388 11 16
321 368 7 10
316 349 7 9
343 364 9 13
346 389 9 14
330 406 6 9
266 380 6 10
386 277 4 8
400 279 5 8
395 266 3 7
384 333 5 7
399 348 4 6
365 326 6 7
363 342 6 8
367 360 7 10
376 366 10 13
378 396 6 10
381 382 6 10
387 439 8 12
386 417 8 13
384 462 11 16
369 429 11 15
362 421 9 11
368 396 6 10
457 280 5 7
483 289 5 7
482 299 5 10
475 305 7 9
518 281 6 10
516 303 4 7
513 315 7 8
468 329 7 6
436 331 7 9
410 325 6 9
403 329 5 8
511 338 7 11
511 379 5 9
488 376 7 8
476 372 7 12
454 373 8 10
444 366 5 11
431 376 8 15
411 395 9 15
511 409 9 14
483 410 9 10
424 420 11 12
414 367 6 9
415 350 6 9
452 401 9 17
527 389 7 12
557 390 7 12
596 415 8 12
538 406 7 14
553 421 12 17
571 434 11 15
595 457 11 20
566 460 10 14
519 429 9 11
537 430 8 17
518 462 13 18
437 423 9 13
469 452 10 12
452 473 10 16
458 504 13 20
484 540 13 19
533 538 13 22
553 508 15 21
533 494 12 19
516 486 12 18
566 498 12 17
585 553 14 17
429 530 15 16
434 487 11 16
412 470 10 15
400 470 10 18
388 509 12 17
375 532 13 20
328 651 21 26
440 310 5 10
424 315 5 8
449 344 7 9
543 368 8 8
560 333 6 10
578 323 5 9
561 319 4 9
559 298 4 7
537 301 4 7
492 446 13 16
586 307 9 10
569 398 7 9
534 282 6 8
543 284 5 6
560 287 5 7
545 274 3 6
581 282 5 7
601 294 5 7
628 294 6 8
598 329 6 9
650 304 5 8
673 290 5 8
665 274 3 6
649 284 6 9
607 338 6 8
652 332 5 8
639 328 5 5
615 330 5 7
652 349 8 11
674 349 8 10
625 366 6 8
607 359 8 11
611 376 8 13
647 389 7 8
633 375 5 8
654 403 8 12
673 427 10 14
636 410 9 13
621 411 10 14
630 344 8 16
604 307 6 12
427 276 5 7
461 348 7 9
497 300 5 10
673 280 6 9
784 293 6 9
756 293 5 7
706 302 5 8
718 308 5 7
739 290 5 8
758 305 6 10
774 312 6 9
814 319 6 9
802 322 5 9
815 334 6 11
799 346 5 10
777 342 6 11
757 327 6 8
739 307 5 6
747 338 5 9
733 337 8 15
752 348 4 9
726 353 6 12
683 315 7 12
726 318 6 10
705 316 5 8
701 354 7 11
693 375 7 12
705 376 7 12
722 373 7 12
731 406 9 17
750 408 10 14
769 420 10 12
762 389 8 13
787 375 10 15
810 387 10 13
790 405 9 14
808 361 7 12
767 357 6 12
484 437 11 13
692 344 7 11
682 371 5 9
684 450 14 13
729 439 12 14
734 462 11 13
673 466 15 18
614 464 13 17
411 514 10 16
766 457 12 21
753 515 14 21
744 495 12 17
695 492 14 17
642 482 13 18
673 518 10 14
709 554 15 23
615 529 14 16
593 488 14 15
595 521 12 21
759 554 17 20
819 278 5 8
845 276 5 8
909 293 5 7
912 309 7 12
930 319 5 9
853 313 6 10
830 323 8 12
799 306 5 7
785 304 8 9
849 291 6 8
877 315 7 11
857 329 8 12
848 341 6 11
838 361 10 13
831 378 9 11
860 353 9 13
876 328 8 9
886 337 6 9
928 346 7 12
921 341 6 9
915 362 10 14
923 382 11 11
890 378 10 11
855 379 10 13
707 393 8 13
715 401 6 14
693 389 6 13
738 395 10 16
781 461 12 19
803 460 9 14
801 480 14 19
790 512 16 21
819 470 12 15
990 386 11 14
942 328 8 12
988 320 7 9
970 333 8 11
936 373 7 8
948 388 9 13
1008 371 7 12
1010 419 12 19
944 431 11 17
920 408 12 12
904 441 12 16
908 425 12 15
926 462 10 13
851 403 10 14
892 403 8 14
827 425 9 14
848 426 12 17
891 446 11 15
870 456 12 14
860 468 13 15
905 489 13 15
924 515 13 21
939 539 17 23
949 556 17 22
904 553 14 23
866 535 18 18
844 563 19 22
832 466 9 14
842 467 11 13
966 492 12 16
909 524 15 25
828 369 8 14
895 338 9 10
802 362 7 8
230 284 5 10
265 288 5 7
109 410 11 12
219 493 10 14
306 297 6 9
315 298 5 7
695 323 6 12
686 337 5 11
732 363 7 9
643 378 7 10
641 390 6 9
583 358 8 12
629 328 7 10
674 405 7 10
567 341 5 9
715 335 6 9
861 314 7 9
844 319 3 8
961 435 9 13
969 358 15 16
964 378 13 21
1016 453 8 14
1018 364 6 16
787 359 10 12
896 307 4 5
953 321 8 10
831 360 6 10
816 348 4 9
439 282 5 7
416 294 4 6
416 278 4 5
168 380 8 10
