746 391 64 75
599 437 48 62
548 397 27 41
650 356 30 37
685 335 22 31
681 320 17 17
545 347 20 25
408 416 40 50
492 313 18 23
523 309 16 18
547 297 12 16
504 288 11 14
428 294 16 23
407 330 20 30
373 275 11 16
344 299 14 20
342 284 11 13
328 278 11 15
462 297 10 17
474 283 9 11
461 278 6 13
452 266 8 9
278 313 22 29
261 358 31 32
193 333 22 35
225 292 17 20
249 286 15 19
209 252 9 16
53 437 63 75
235 411 34 48
109 361 31 38
165 281 16 21
91 274 16 21
96 238 13 15
130 226 12 14
204 226 7 11
48 209 10 14
9 233 16 20
16 121 16 18
46 137 10 13
79 145 13 12
143 131 11 15
117 149 8 13
97 153 9 11
211 155 12 11
232 150 9 12
250 154 17 18
182 157 11 14
267 150 11 13
301 171 11 13
289 164 8 11
325 170 7 9
314 182 6 6
368 176 8 9
353 187 8 14
378 182 7 8
407 181 8 12
429 188 7 10
413 178 7 9
397 200 9 14
469 201 10 14
479 187 6 8
493 196 8 10
524 195 12 14
557 205 10 13
552 204 6 10
549 195 6 9
512 196 10 13
500 203 10 12
673 203 10 15
686 218 6 8
628 198 8 13
633 259 11 14
603 277 9 13
5 308 16 26
