0 432 22 26
24 577 34 26
131 529 27 31
149 484 18 20
135 433 21 22
225 434 13 14
281 386 13 15
344 425 14 20
367 395 14 14
415 386 12 20
386 503 16 23
353 470 17 28
257 593 23 32
124 580 30 31
7 461 23 26
15 385 18 15
21 355 14 12
845 407 24 28
899 421 18 22
890 371 22 23
975 383 21 24
940 347 11 13
742 506 28 34
612 455 17 22
584 319 9 13
672 327 9 11
443 368 9 12
695 296 8 10
444 296 8 10
406 323 9 9
371 320 7 10
349 337 8 12
358 295 6 8
441 313 8 10
544 331 9 11
885 296 9 11
908 301 12 11
927 306 7 9
891 317 11 11
855 296 10 12
821 313 9 9
908 270 7 8
182 352 9 15
47 335 11 10
113 318 11 9
52 242 17 20
719 302 8 10
750 270 6 8
684 309 8 13
987 221 4 6
998 283 6 9
974 290 5 5
833 293 5 8
794 319 6 7
1009 262 5 5
1015 280 5 9
1012 230 5 5
1008 229 3 3
1012 241 6 5
1015 223 3 3
966 233 5 3
950 244 5 4
942 240 5 6
957 222 5 5
1007 225 4 4
1002 224 4 4
1010 209 3 3
1007 203 3 3
1003 207 3 3
996 213 4 3
986 213 3 3
993 212 2 2
996 208 2 3
1005 196 2 2
997 199 2 2
973 214 3 3
969 223 5 2
968 226 2 3
968 213 3 3
973 207 3 2
958 204 2 3
945 210 3 3
950 227 3 3
947 217 3 4
943 216 4 4
957 215 4 3
962 214 3 2
1021 197 2 2
945 197 3 3
950 207 4 4
952 205 4 4
955 212 3 4
956 235 6 6
881 222 7 6
843 224 4 3
853 220 6 6
894 213 3 4
910 213 3 4
900 215 4 4
904 213 2 3
897 203 3 3
899 198 3 3
909 197 3 4
907 200 2 3
939 196 3 3
915 198 2 2
918 196 2 3
921 195 3 2
912 204 2 2
909 207 2 2
878 212 2 2
879 222 3 5
848 212 4 5
851 209 2 3
828 224 3 5
832 265 7 6
839 270 4 5
885 203 2 3
879 205 2 4
873 202 3 4
873 197 3 4
908 226 3 5
911 227 6 7
855 255 6 5
846 262 5 4
949 224 2 1
940 210 4 5
986 197 3 4
995 202 2 3
777 273 3 5
763 267 6 6
726 269 7 7
713 283 8 8
686 289 4 6
689 258 6 6
839 211 4 4
804 214 2 4
786 221 3 4
810 253 3 4
791 208 2 4
822 203 3 3
824 194 6 7
856 202 3 3
863 200 2 3
867 198 4 4
859 213 4 4
855 211 3 8
835 220 5 6
830 208 3 4
829 211 3 5
825 207 3 4
779 231 4 3
793 220 3 4
797 214 4 4
802 202 4 4
801 200 2 3
815 195 4 6
815 209 2 2
757 222 3 5
768 224 4 4
749 229 4 6
751 234 5 5
756 242 6 3
750 247 3 5
748 260 7 8
742 255 4 4
743 245 3 3
735 244 4 4
734 233 7 8
739 227 4 4
775 217 2 3
767 221 3 4
755 218 3 4
757 212 3 4
748 223 3 4
753 209 3 3
746 211 2 4
742 214 2 4
743 220 3 3
748 212 3 4
748 206 2 4
744 208 3 4
758 204 3 2
771 204 4 4
772 210 3 4
781 201 3 4
806 200 3 2
803 196 3 3
811 203 3 4
792 211 3 5
787 213 3 4
780 213 3 3
780 217 2 4
788 243 4 5
793 243 4 3
758 251 4 4
771 236 6 4
837 189 2 2
854 194 3 3
835 196 4 3
785 188 4 5
812 170 6 5
780 174 4 5
778 183 4 4
750 306 4 7
774 294 6 8
638 308 8 6
671 297 4 5
731 260 4 4
709 264 5 6
727 250 3 4
710 252 3 3
722 242 3 2
728 241 3 3
709 235 2 2
710 235 2 2
706 231 4 3
713 230 4 4
712 237 3 3
713 224 5 4
728 230 2 3
692 248 4 5
695 240 2 3
687 241 3 4
691 239 3 3
694 226 2 2
645 264 4 3
651 273 4 3
684 273 4 4
668 229 3 3
645 251 4 5
648 249 3 5
661 240 2 3
683 243 3 3
687 224 3 3
716 211 2 3
718 200 3 4
680 210 5 4
686 216 3 4
674 232 4 4
641 236 2 4
634 239 4 6
637 249 6 5
611 257 5 6
616 249 3 4
635 260 4 4
619 244 4 4
612 232 2 4
611 240 3 6
624 227 4 4
574 248 3 2
568 250 3 3
596 236 2 3
603 232 3 3
677 221 2 2
700 219 2 3
713 203 3 3
654 209 3 3
654 254 3 3
529 255 3 3
551 240 3 3
553 238 3 4
537 250 6 5
505 263 5 6
463 259 3 3
442 244 4 4
461 248 3 3
499 239 4 5
478 232 4 5
491 236 2 3
478 247 5 4
428 272 5 5
393 245 5 3
468 247 4 6
548 224 5 6
557 223 3 5
579 219 4 5
582 227 3 4
580 244 2 4
529 237 4 4
506 242 3 4
569 225 3 5
598 227 4 4
605 219 5 6
554 219 3 3
534 207 5 8
534 194 6 6
519 204 5 6
543 200 5 6
570 208 8 12
532 231 4 4
538 229 3 3
537 242 5 4
562 243 3 4
587 245 3 4
600 273 5 5
593 224 3 5
580 234 3 3
560 236 3 5
562 231 2 4
575 237 5 4
571 239 4 4
249 364 11 12
262 335 7 11
277 325 7 9
256 313 6 8
231 339 5 7
213 312 7 5
186 322 7 8
162 318 8 9
93 331 9 9
156 276 4 5
185 305 4 4
312 262 4 5
291 294 6 6
284 294 4 8
320 285 5 7
418 305 6 6
60 479 17 18
521 328 9 9
489 289 6 7
446 284 5 5
401 275 5 5
288 282 5 5
426 298 5 5
419 287 5 4
388 296 4 6
370 273 4 4
382 279 5 5
374 279 4 4
335 280 5 10
337 275 6 7
326 260 4 5
347 261 4 4
363 263 4 4
374 266 4 4
370 260 4 4
380 248 2 3
391 255 5 5
403 262 3 3
336 247 3 4
352 239 3 5
451 258 4 5
425 257 2 4
466 263 5 6
461 276 5 5
472 284 3 4
455 283 5 8
396 263 3 3
391 276 3 3
358 245 3 4
350 246 3 3
366 247 3 3
366 243 3 2
370 249 4 5
336 254 6 10
341 238 3 4
400 235 3 4
408 235 3 4
432 229 4 4
445 223 3 4
464 245 3 4
471 241 3 3
460 257 3 3
444 265 5 5
449 276 4 3
441 257 5 4
401 226 4 3
377 227 4 5
356 235 3 3
321 233 3 3
325 231 4 4
331 232 3 4
335 228 3 4
350 226 3 4
356 228 3 3
371 224 3 3
417 220 2 3
454 214 3 3
470 219 3 3
464 206 5 6
456 222 2 2
449 224 2 2
410 223 3 2
414 218 2 3
387 212 3 4
379 213 4 3
388 208 4 3
401 210 5 4
419 208 3 2
448 251 3 4
366 230 4 3
355 221 2 2
150 655 39 44
0 385 8 15
824 664 34 38
