280 194 13 15
305 177 15 15
314 159 11 16
336 181 13 16
260 19 7 9
279 6 7 10
315 3 10 13
292 34 9 12
306 41 10 13
304 75 10 13
334 29 9 13
374 51 9 13
355 76 11 13
364 37 7 11
386 24 10 11
399 3 9 11
425 26 10 14
427 15 10 12
384 80 10 16
427 68 8 15
445 92 11 13
468 86 11 12
461 3 7 8
501 19 8 10
473 48 7 14
499 74 11 12
457 100 11 15
263 94 10 13
298 102 12 16
322 106 12 14
346 108 12 15
365 133 12 12
377 108 12 13
359 159 12 17
406 116 11 14
399 92 11 15
397 158 12 14
382 183 12 14
401 195 9 14
435 181 14 15
438 164 10 14
438 132 12 14
456 117 6 14
469 109 13 14
478 132 11 17
497 168 9 12
515 187 11 15
526 168 12 13
497 119 11 15
510 108 10 12
512 87 11 15
522 131 16 13
507 32 11 11
501 58 8 13
529 80 11 15
568 84 13 16
560 20 10 14
525 39 8 18
594 50 10 13
575 39 9 13
566 6 10 13
616 11 10 14
631 43 9 12
593 68 6 13
606 86 13 15
639 77 11 13
547 114 11 15
537 106 8 14
552 66 13 16
572 120 10 13
5 637 18 20
29 699 22 24
4 45 13 14
15 132 11 15
637 122 12 13
590 100 11 15
605 77 8 15
650 98 10 13
681 88 9 15
691 81 10 14
673 62 12 14
673 111 11 15
647 158 11 13
683 163 11 16
703 122 11 16
704 98 13 12
708 80 10 14
676 187 13 18
570 200 12 15
606 206 10 16
474 204 11 11
663 4 9 11
690 10 10 12
715 19 8 15
708 26 10 13
670 39 11 13
729 52 9 13
768 42 6 15
775 46 10 14
777 22 10 12
795 0 9 14
794 27 12 14
789 60 12 14
749 66 10 14
729 103 12 14
767 112 9 16
792 90 10 13
788 108 8 16
813 78 10 16
830 0 5 11
848 11 7 13
840 42 9 18
839 54 10 14
813 47 5 14
891 77 11 15
901 45 10 13
940 22 5 10
928 55 8 13
934 45 8 12
966 48 11 12
917 16 6 13
970 8 4 12
999 122 12 15
999 20 6 11
841 120 10 16
778 179 14 16
762 195 10 16
809 189 12 16
856 192 14 19
885 165 10 13
917 179 14 16
951 162 13 13
950 145 10 16
993 154 11 16
973 183 13 17
883 277 16 17
852 156 5 17
802 159 3 14
712 195 14 15
15 20 8 15
70 25 9 14
45 47 13 14
113 18 7 10
110 16 5 13
131 20 8 11
142 28 9 12
159 18 11 12
177 0 8 8
215 15 10 12
226 8 9 11
110 49 12 14
96 60 10 13
31 77 9 11
160 57 11 13
193 42 12 14
204 36 10 13
217 38 9 12
234 53 11 14
243 68 9 12
190 82 8 12
160 74 8 16
142 95 10 15
166 107 11 15
121 101 8 13
77 100 10 16
56 67 13 13
16 79 10 16
40 97 10 14
58 160 12 15
89 128 11 11
97 148 10 18
103 163 12 15
117 116 13 16
147 120 11 13
150 149 11 12
142 153 4 15
109 189 13 15
70 186 13 15
16 151 9 16
20 178 11 15
159 193 11 15
196 165 12 15
207 193 11 13
247 181 12 14
228 120 10 13
254 123 11 14
277 163 11 13
566 164 12 15
606 157 14 14
287 128 10 12
1003 5 9 12
603 119 13 14
