76 417 40 37
141 379 35 39
238 357 44 38
243 416 42 45
191 474 47 53
143 439 44 49
139 554 53 55
44 495 42 49
255 592 53 57
381 532 48 53
494 408 38 48
354 426 40 41
300 436 43 40
164 526 46 44
0 400 36 42
0 460 39 43
34 362 28 42
10 380 35 39
583 437 45 52
109 353 37 33
195 335 33 37
359 341 39 40
291 347 36 35
320 307 33 38
367 314 36 34
456 320 37 37
442 410 36 44
372 400 34 35
536 315 33 35
164 316 30 32
486 601 53 48
600 589 32 59
689 574 59 59
760 528 37 63
856 605 50 44
599 344 38 45
728 334 39 45
767 391 44 41
621 414 38 41
768 333 33 39
876 343 40 41
847 489 50 53
916 440 45 42
994 532 30 54
858 460 40 40
890 422 28 44
708 319 32 37
915 271 30 31
1004 231 20 34
991 204 20 23
934 198 22 26
941 314 32 35
894 312 28 29
949 364 31 31
970 419 37 38
912 399 31 26
961 286 27 25
806 342 17 23
706 290 25 26
629 316 29 35
585 293 26 17
800 304 19 23
223 298 30 37
304 292 30 27
352 292 27 28
405 301 29 25
89 307 27 32
0 345 14 33
0 311 21 36
49 259 22 19
0 225 11 24
112 300 20 20
413 112 9 7
432 110 7 7
784 84 8 6
698 286 17 23
981 276 26 36
474 297 30 38
117 429 34 42
60 348 32 41
0 513 43 49
