700 219 8 10
673 219 7 7
646 218 7 10
626 219 5 8
602 221 9 9
583 221 7 7
554 217 7 8
531 222 8 10
509 218 6 8
487 217 7 7
464 220 6 8
442 221 7 9
500 138 43 49
884 506 43 58
128 292 8 13
152 269 10 13
18 287 12 17
32 249 8 13
158 195 8 12
154 231 7 9
142 229 6 8
134 230 6 10
185 240 7 10
170 241 6 9
33 214 9 11
29 196 8 11
53 196 7 9
72 201 7 9
81 181 6 9
106 173 6 7
112 201 7 10
13 163 6 9
33 179 8 8
3 197 8 10
960 243 8 9
986 234 7 9
939 246 6 7
941 233 6 6
959 231 7 9
909 241 6 7
896 238 7 7
966 201 8 11
927 198 6 8
256 351 7 15
887 412 18 34
983 391 13 27
912 340 10 14
57 184 5 10
62 182 6 10
8 219 11 14
