546 370 4 6
510 375 4 5
561 415 6 7
535 436 7 8
501 427 8 8
502 450 7 7
612 485 10 11
504 574 28 34
356 354 3 4
503 360 4 6
405 346 3 5
421 351 4 5
298 398 7 7
297 413 7 8
326 446 8 11
275 435 9 10
279 450 10 10
238 433 6 8
229 448 9 9
237 465 11 14
167 433 10 12
136 486 13 13
102 436 9 11
55 438 9 13
11 455 10 12
66 480 11 13
223 506 12 16
254 525 13 14
94 553 15 16
22 489 14 14
23 477 11 10
29 507 11 13
54 555 21 37
177 357 4 5
190 352 4 5
204 349 4 5
115 368 5 5
81 364 5 6
62 372 5 5
37 402 7 7
151 350 4 6
154 373 5 6
153 379 5 6
91 354 4 5
121 344 3 5
140 336 4 4
149 336 4 5
2 364 5 6
49 372 7 9
113 356 6 7
416 439 7 8
586 434 6 8
227 350 3 4
236 344 4 4
255 346 3 3
242 343 4 4
742 359 4 5
210 469 8 8
848 427 6 8
939 370 6 6
979 441 8 9
964 443 9 12
948 438 9 11
940 404 7 8
910 401 7 10
879 407 7 8
881 420 7 10
889 434 9 13
861 373 4 5
873 362 4 5
841 374 4 6
959 455 10 12
995 475 10 11
951 470 10 13
949 499 12 14
1010 495 12 13
869 456 10 10
855 482 9 11
806 426 8 10
909 507 12 11
886 532 12 13
849 455 7 8
833 475 8 9
771 466 10 10
785 417 7 7
774 388 5 6
730 433 9 9
734 453 8 9
713 478 9 11
684 451 7 9
728 385 4 6
706 384 6 7
690 379 4 6
689 363 5 7
858 637 18 28
731 540 11 15
715 502 7 12
688 525 10 11
650 555 9 15
646 461 8 9
701 462 8 9
649 376 5 6
635 372 4 5
596 373 4 5
585 376 4 4
577 375 4 5
609 355 3 4
545 381 4 6
188 543 9 10
970 495 9 15
941 549 12 16
60 532 21 27
