462 315 64 84
202 177 29 37
121 179 29 36
177 204 16 18
245 194 5 9
142 488 20 23
73 443 14 16
30 459 7 7
52 447 4 6
48 443 4 6
18 448 4 4
1 462 3 6
139 457 5 6
158 443 6 9
114 456 5 7
104 437 6 9
184 528 62 78
345 542 69 96
685 471 74 93
628 488 41 61
601 499 35 50
924 462 30 39
345 485 23 27
295 456 5 6
317 445 5 6
316 455 5 5
377 439 7 12
642 443 9 11
778 451 15 15
791 459 8 13
792 444 16 15
840 459 12 12
852 459 12 18
890 450 8 12
886 436 8 10
791 437 7 8
898 451 6 10
910 437 7 8
905 443 4 7
962 445 11 13
975 440 6 8
979 441 9 14
996 425 10 13
1006 434 9 12
103 455 5 7
591 469 10 12
