875 1426 23 25
875 1426 23 26
815 1411 49 49
886 1432 63 61
906 1377 42 51
848 1309 33 44
708 1311 36 46
711 1221 33 41
739 1189 30 41
994 1349 29 39
999 1396 25 48
963 1344 16 19
970 1108 33 46
966 1038 29 40
898 1074 31 49
895 1039 27 36
847 1015 26 26
808 1063 30 42
825 1094 40 46
750 1055 28 35
747 1022 26 29
693 1019 27 36
652 1087 31 34
627 1080 25 33
523 1085 58 60
585 1145 46 73
470 1071 26 33
402 1035 22 22
596 88 96 166
164 422 57 78
354 1042 33 40
324 1037 23 29
269 1018 27 30
219 1046 35 46
131 997 28 35
159 1017 19 27
208 995 19 27
103 1001 26 31
30 1004 24 29
29 1042 24 27
71 1041 18 18
0 1012 30 55
375 1258 29 39
341 1267 28 33
315 1267 26 31
332 1313 35 42
354 1368 34 36
358 1418 50 51
412 1419 48 56
322 1489 63 53
275 1429 63 78
220 1460 29 71
246 1383 42 50
268 1308 35 42
185 1270 31 35
217 1296 31 43
131 1292 31 30
160 1352 38 49
142 1377 28 36
56 1333 47 53
62 1239 30 35
67 1391 57 68
92 1492 60 50
0 1463 48 79
326 635 44 50
369 1009 20 22
575 1016 18 23
465 1014 21 21
441 1013 20 27
606 1050 21 30
