917 261 35 37
968 269 13 17
859 234 28 34
824 263 34 33
752 196 36 35
945 200 25 28
958 175 17 22
866 209 23 28
738 174 14 18
707 211 25 26
693 181 18 20
717 184 21 30
634 199 32 33
720 304 35 39
692 381 32 36
575 286 48 59
588 210 39 45
681 206 22 31
610 412 40 58
477 400 80 95
424 290 66 73
499 240 44 51
533 215 30 36
497 202 26 32
259 328 83 111
157 272 47 66
193 243 44 54
252 221 34 40
297 204 20 28
421 232 31 46
442 233 27 35
40 160 14 21
59 157 16 23
24 150 14 20
0 194 43 74
254 188 20 27
240 173 18 27
218 224 25 43
263 162 11 18
507 158 28 35
546 138 16 21
401 163 22 28
369 180 29 31
62 332 52 55
59 244 42 53
112 258 30 41
486 148 16 22
429 180 21 27
