63 98 16 19
0 290 20 39
118 242 16 26
97 264 12 15
82 293 23 35
30 318 30 39
121 351 28 37
143 332 13 21
197 345 26 39
186 314 25 18
207 292 23 23
225 275 12 14
244 292 12 21
228 368 31 33
289 303 12 18
273 328 19 21
274 400 29 31
343 348 20 24
367 331 10 18
321 250 9 18
138 291 6 15
344 408 26 19
381 424 25 30
416 409 19 30
458 501 15 23
540 413 13 19
559 429 16 19
598 438 9 13
638 491 20 26
662 522 24 28
675 468 8 14
698 501 13 20
695 403 9 8
749 442 12 16
772 438 10 12
783 448 12 12
817 464 7 14
838 472 9 14
735 512 17 15
731 533 21 16
743 559 23 29
765 528 22 25
841 549 11 18
922 503 7 13
993 547 8 14
896 580 15 21
922 583 12 19
859 616 24 22
907 613 18 22
925 608 11 17
985 604 8 14
1018 628 5 9
689 571 16 19
