927 653 15 17
828 650 14 16
811 657 23 32
766 650 27 34
758 590 12 30
920 567 21 23
906 574 22 22
756 502 13 18
734 569 15 16
903 541 8 18
8 665 24 26
69 644 24 30
44 624 16 16
87 610 17 22
104 610 17 24
14 591 19 22
26 573 12 16
51 566 15 20
69 562 12 23
159 632 18 24
139 563 13 16
164 598 16 18
183 579 13 17
125 599 17 20
112 578 9 10
96 585 12 16
197 629 17 22
216 649 25 27
238 622 17 24
128 541 12 14
203 566 15 13
260 632 21 33
267 611 17 19
208 574 16 18
260 555 15 15
40 540 16 19
159 563 10 13
141 525 8 10
59 524 8 9
70 543 9 10
77 511 8 10
167 556 12 15
300 578 13 19
295 664 27 30
304 638 20 20
327 604 16 19
347 619 19 24
379 627 20 27
382 649 21 22
340 593 17 20
286 592 11 17
374 579 13 15
391 570 13 14
421 632 24 27
444 640 16 25
421 677 29 21
471 665 27 28
544 662 26 30
496 548 16 21
505 654 20 28
657 609 17 29
670 582 15 22
703 561 12 16
596 588 15 18
519 520 9 18
535 533 12 15
523 516 10 14
532 516 13 13
534 501 8 13
569 517 11 15
554 512 11 14
564 504 14 12
593 543 15 21
607 547 16 20
624 528 14 19
671 528 14 19
636 504 12 15
640 515 11 14
655 518 11 15
698 522 12 18
614 507 10 15
474 543 18 19
428 471 12 18
391 487 12 13
475 475 12 12
453 479 11 17
442 476 12 12
451 464 12 13
545 486 13 19
557 480 9 10
535 472 10 12
520 457 13 16
461 446 10 12
439 452 12 15
571 481 14 14
597 490 13 18
490 522 13 14
437 516 14 20
575 454 10 13
558 436 11 16
555 456 13 16
536 438 9 12
526 432 12 13
479 435 11 11
494 436 10 12
446 438 13 13
465 429 12 13
407 432 13 13
422 419 10 9
522 481 13 16
466 464 12 14
485 462 10 10
435 445 10 11
385 445 15 16
599 467 14 14
559 424 11 12
485 412 11 16
368 414 11 12
332 425 9 11
370 408 9 10
399 413 10 11
413 424 10 12
436 408 11 12
441 421 9 12
347 420 14 14
304 426 11 11
355 383 10 14
359 398 10 11
358 408 10 11
373 395 10 9
390 398 10 12
458 406 12 13
473 403 10 13
456 392 9 11
444 395 10 13
414 396 12 11
404 396 10 11
466 373 8 12
458 363 9 9
434 369 10 12
426 354 10 10
354 377 9 9
387 385 9 14
392 376 10 12
403 387 8 11
293 375 10 15
273 376 10 10
305 369 9 12
301 341 10 11
282 343 9 11
272 345 8 11
315 352 9 9
359 349 8 12
394 361 9 11
389 368 8 8
401 348 8 11
422 407 10 11
341 363 9 10
416 344 12 12
413 330 14 11
436 349 8 10
437 331 8 8
483 376 11 10
482 365 8 9
516 369 9 11
504 395 10 13
478 342 9 13
335 349 8 9
335 337 9 11
333 325 9 10
315 413 9 12
499 449 11 10
515 433 9 14
530 386 11 11
526 367 8 12
524 355 8 10
536 354 9 9
515 341 9 12
513 419 10 13
522 412 8 10
408 468 9 13
553 369 9 11
545 375 10 12
564 372 10 13
539 345 11 12
563 396 11 16
593 417 10 17
575 410 10 15
592 371 10 14
600 368 9 11
565 359 12 14
611 368 9 11
629 390 9 10
647 466 11 13
661 469 10 12
650 493 11 13
660 489 12 15
677 479 14 17
658 421 11 14
623 420 17 17
673 408 12 12
660 406 11 12
672 431 9 15
696 489 10 12
695 457 10 13
700 421 13 14
696 432 12 14
739 431 13 15
597 397 10 12
581 394 11 10
657 366 11 15
746 472 8 14
709 500 12 13
727 411 12 14
740 395 12 16
737 378 10 16
746 352 12 14
670 355 12 12
676 343 10 10
618 342 10 12
608 338 9 11
594 336 10 10
576 337 8 10
571 324 8 11
690 337 10 10
718 349 9 13
769 455 11 14
767 429 12 12
791 429 11 13
798 392 13 19
770 387 12 13
755 372 11 11
777 347 10 11
813 360 10 11
859 422 11 15
873 408 11 14
840 395 10 11
881 388 11 16
783 366 9 12
794 365 7 11
789 347 9 9
753 335 9 14
823 378 8 10
837 373 9 14
837 349 10 12
723 473 12 17
881 430 9 14
944 392 11 14
755 452 12 14
745 455 13 16
808 434 9 14
889 418 15 15
935 381 10 13
922 399 9 10
771 444 12 13
698 447 16 15
861 346 12 10
688 393 11 13
674 390 10 15
681 459 11 13
701 399 11 15
679 419 9 11
800 423 9 9
790 420 8 9
786 327 9 12
821 338 11 14
630 472 12 13
782 315 9 10
759 320 10 14
687 328 9 9
628 318 12 13
605 321 8 9
630 351 9 12
724 371 11 13
721 444 10 13
824 409 11 12
890 365 8 11
871 373 9 12
776 491 10 12
851 366 13 15
808 320 12 13
674 326 6 10
679 311 9 10
706 306 8 10
702 352 10 13
732 344 10 13
615 379 10 12
774 419 8 12
617 399 12 15
641 400 14 12
692 380 10 11
722 304 9 12
605 310 12 11
963 580 18 23
1000 428 11 11
984 420 9 11
979 401 10 12
962 398 10 13
973 391 8 10
990 383 10 14
1004 388 9 10
907 273 15 16
746 316 7 12
714 296 7 10
775 315 8 9
688 288 8 11
592 352 9 10
559 347 8 10
582 316 8 10
863 313 5 6
840 344 8 9
931 421 10 13
727 456 18 17
249 326 8 10
264 340 7 9
243 337 7 8
267 324 8 11
278 325 8 11
310 316 8 11
297 313 8 10
288 323 8 10
390 329 8 10
395 318 8 10
266 306 8 11
285 291 9 11
244 293 9 10
380 293 9 10
435 316 8 8
409 448 9 8
319 301 8 10
309 297 8 9
406 291 8 10
398 277 8 9
342 299 8 10
298 277 9 11
453 302 8 10
389 274 8 9
389 302 9 10
478 317 8 9
430 288 8 10
430 276 7 8
545 281 4 5
573 278 7 8
569 292 9 12
631 301 9 10
588 306 9 14
605 282 7 11
634 273 8 10
637 287 7 7
163 575 13 17
579 568 11 23
625 473 8 10
