981 494 36 39
902 468 50 60
949 433 31 38
992 396 28 27
979 393 14 21
968 376 19 21
966 360 17 18
881 375 18 24
871 339 14 17
871 376 12 18
834 471 33 39
665 404 22 27
647 442 22 31
650 476 22 42
616 482 32 44
634 395 18 21
584 363 15 23
576 407 16 25
633 346 13 19
651 383 16 23
444 340 10 12
412 308 11 13
429 326 10 16
497 220 50 66
749 177 52 73
300 467 35 46
367 447 32 46
194 436 34 41
236 458 40 46
196 537 54 69
89 218 29 40
171 195 34 43
140 212 27 34
8 239 39 44
292 392 15 16
823 352 16 19
