53 366 40 38
181 365 37 33
53 274 37 38
142 284 29 30
194 277 29 37
264 290 29 34
340 334 29 33
429 319 35 46
468 312 28 34
430 293 32 34
508 272 26 34
563 275 28 34
358 259 28 29
469 245 17 27
503 222 20 26
408 230 20 26
440 192 16 24
461 203 14 19
487 213 14 21
549 193 18 23
581 186 15 19
590 266 16 30
426 183 12 17
288 134 11 12
355 152 8 10
663 335 23 36
743 354 35 39
830 338 28 36
978 346 34 36
939 331 17 26
785 178 19 25
926 208 22 22
945 201 16 22
957 244 25 29
957 185 10 14
961 132 10 11
708 144 11 14
743 123 10 13
721 132 11 12
723 108 8 9
162 329 33 41
332 282 22 29
136 245 21 25
1008 219 15 21
1013 244 11 24
665 381 21 26
514 186 16 17
583 224 23 25
