2 508 57 57
144 457 18 33
119 406 10 13
197 470 14 18
233 447 17 21
238 474 13 20
308 491 51 68
317 428 8 10
334 451 9 11
417 524 48 71
459 490 35 39
452 443 14 22
389 439 16 23
414 421 8 12
442 418 9 12
555 479 30 46
500 429 8 12
506 434 9 11
534 414 6 10
564 396 11 23
631 414 16 20
707 474 65 102
789 443 42 62
835 537 57 82
941 457 49 59
712 415 19 20
658 399 9 14
859 419 9 14
858 399 9 12
820 416 9 14
829 399 11 13
795 421 12 12
791 396 11 14
812 375 11 11
746 420 10 13
762 402 8 12
831 359 7 12
793 349 10 12
764 364 10 12
712 371 10 12
732 352 8 10
715 342 9 10
710 357 6 8
683 344 9 11
681 330 6 8
701 345 9 9
739 340 7 9
776 320 10 10
813 346 9 10
851 318 8 12
807 306 9 10
748 318 11 10
736 311 8 10
757 384 9 10
695 365 7 8
674 358 8 10
573 388 7 9
586 379 8 10
589 395 8 10
608 391 8 11
633 378 8 10
601 411 6 10
645 385 9 11
664 387 6 9
673 371 9 11
609 335 8 11
644 333 9 12
663 328 6 9
690 278 7 10
716 295 8 10
777 251 7 9
799 240 9 10
833 252 8 9
816 251 6 8
806 280 7 9
774 283 8 9
787 280 7 10
747 284 6 8
867 355 11 12
857 243 9 11
874 240 8 10
910 225 10 11
935 184 8 10
960 184 10 12
930 211 9 11
903 252 11 12
922 240 9 11
879 288 10 11
913 288 7 11
944 247 8 10
961 239 8 11
879 321 8 12
913 318 9 11
765 330 10 14
637 354 8 10
600 375 9 11
619 416 11 14
938 283 10 11
948 310 10 13
964 279 11 11
988 295 10 10
984 320 11 16
1004 273 13 14
1008 303 9 11
969 245 11 8
999 245 9 10
990 223 10 13
859 295 9 10
890 422 11 13
911 394 12 14
874 372 12 16
896 355 9 11
874 339 10 12
928 346 9 12
928 331 12 13
966 341 11 12
998 347 13 13
1009 364 15 26
962 364 13 16
928 368 12 15
964 350 10 11
897 373 10 13
967 396 25 35
926 417 24 26
926 395 13 14
256 392 11 11
80 507 9 9
961 295 10 10
733 403 12 11
786 377 10 11
777 384 10 13
842 380 10 12
805 327 11 13
824 254 8 10
736 295 8 11
686 310 9 9
1001 261 11 12
976 304 12 14
907 305 11 13
1009 291 9 12
61 505 10 14
401 419 8 11
756 308 9 9
856 257 8 11
828 313 9 12
824 327 7 11
749 302 8 10
841 336 10 13
703 327 14 15
929 297 9 12
839 435 12 20
964 310 9 13
381 490 22 37
