1004 441 6 8
964 438 7 7
899 435 7 9
789 431 7 7
853 439 5 8
989 526 9 11
856 540 11 14
911 577 11 12
947 572 11 15
875 530 7 9
776 528 7 7
743 582 10 10
749 559 11 10
788 539 7 9
836 586 9 11
760 538 7 6
747 527 6 8
730 566 7 12
544 196 25 40
517 196 29 40
188 444 15 30
105 426 22 33
327 529 6 9
364 530 6 8
168 562 9 12
259 531 9 12
59 570 9 9
17 577 8 11
68 598 7 11
587 622 15 15
589 639 13 15
633 635 14 15
513 635 14 18
451 569 8 10
470 562 9 11
492 570 8 9
493 557 8 8
486 542 9 9
502 539 8 7
528 540 9 10
540 542 8 9
637 523 8 9
659 537 7 8
640 537 6 6
689 573 10 12
955 530 8 10
914 547 9 10
809 635 12 13
883 646 11 13
814 653 15 20
940 648 14 17
960 643 10 16
964 661 12 15
985 653 12 14
1005 654 11 11
191 548 7 9
241 553 8 10
