830 535 5 4
836 568 11 19
894 584 16 19
783 610 16 18
820 630 16 18
871 600 14 20
887 610 14 14
119 425 5 6
20 124 8 10
58 98 5 6
193 108 5 4
666 661 16 21
458 656 23 21
479 651 14 20
486 640 19 21
521 632 19 23
544 644 16 16
561 641 17 19
531 663 19 19
580 634 19 26
610 595 14 5
605 603 17 21
614 619 17 30
789 668 18 14
837 659 15 22
925 664 17 17
304 621 14 18
416 449 13 24
394 439 10 18
580 403 7 6
989 250 24 38
888 306 8 10
874 354 10 11
910 327 5 9
907 313 7 10
857 277 5 7
868 277 9 12
933 279 7 11
846 309 4 7
842 328 4 5
782 349 12 12
795 368 8 9
797 350 7 6
912 182 6 5
87 351 8 13
2 339 9 13
19 293 7 10
14 260 8 8
57 331 8 9
54 254 8 5
160 333 7 7
191 381 7 9
22 402 10 9
78 348 8 9
28 312 6 8
0 358 5 7
201 104 3 3
164 111 4 5
177 102 5 5
61 169 4 7
53 173 6 6
15 172 6 5
37 184 7 5
120 119 6 5
117 126 9 8
164 80 3 4
81 162 6 7
92 170 6 5
75 172 6 9
253 108 4 6
160 614 20 28
13 612 8 14
301 662 19 18
369 651 21 24
374 573 14 12
370 618 18 19
339 661 12 16
634 588 11 17
649 610 16 19
665 612 10 13
674 607 12 18
663 639 18 17
691 638 16 16
705 669 16 13
739 647 10 12
615 573 9 12
92 178 6 6
29 196 5 5
64 352 5 6
27 282 5 6
239 345 6 7
176 350 9 9
169 331 9 10
169 318 11 8
107 312 2 4
186 317 3 4
191 317 6 4
823 533 6 6
371 597 17 13
608 637 5 5
1000 557 14 11
852 667 15 13
762 550 16 15
751 545 10 11
801 609 15 18
973 364 10 11
846 371 11 10
758 364 9 9
728 365 8 10
810 349 6 8
898 327 7 7
557 380 9 10
574 377 11 15
499 392 8 11
492 382 7 10
519 379 7 9
71 215 7 9
28 227 6 7
73 134 4 5
66 136 4 5
80 295 9 10
75 293 5 9
79 285 6 8
284 137 7 6
168 122 4 6
59 95 8 7
47 128 5 6
283 119 6 5
187 68 4 5
63 140 6 7
61 131 4 5
73 99 5 6
1009 84 6 8
999 108 6 10
975 153 5 10
396 627 16 18
258 254 8 11
658 323 8 9
650 366 11 12
647 401 11 11
651 381 9 13
836 544 9 17
770 511 10 12
966 505 13 16
972 526 11 16
951 499 12 14
941 508 11 16
934 626 14 19
915 613 16 21
993 562 9 12
847 649 6 11
880 624 17 19
846 619 12 10
841 631 7 9
779 520 7 11
726 622 15 13
691 619 5 8
715 623 6 7
592 619 8 10
676 547 10 8
789 519 7 9
152 649 11 18
121 626 7 9
136 623 7 9
139 642 10 14
246 640 9 10
258 646 8 11
97 654 10 24
113 629 9 11
1 622 9 10
48 608 8 8
6 614 7 11
76 630 10 10
43 315 7 11
47 300 8 7
87 271 4 5
153 234 9 10
163 240 6 6
249 263 9 9
239 246 5 9
247 235 8 8
248 249 6 6
121 266 5 8
48 312 10 10
66 311 6 7
60 316 6 8
76 339 5 7
829 210 16 14
815 183 9 11
866 211 5 5
869 219 5 4
875 192 11 11
890 202 19 13
933 193 12 15
956 100 7 12
981 96 8 15
323 207 9 9
326 192 7 8
318 203 6 9
385 203 7 8
430 213 9 8
190 205 7 9
178 197 6 6
239 111 3 4
198 83 4 5
31 167 10 10
329 47 6 8
440 400 5 6
462 428 8 8
208 272 6 8
842 170 13 12
782 167 11 10
794 145 12 13
729 127 13 10
529 292 11 11
420 266 10 9
389 251 11 9
405 411 9 10
322 95 9 12
380 285 8 8
