754 97 102 137
225 428 17 23
154 438 20 24
29 437 20 24
577 642 17 24
87 631 40 51
484 420 19 25
627 410 14 16
555 485 15 20
598 476 13 16
581 483 10 17
454 492 11 14
475 495 11 13
472 472 11 14
545 455 10 12
563 467 9 12
577 467 9 14
687 410 17 20
314 451 15 17
350 421 14 17
296 442 11 15
268 434 12 15
251 435 11 14
187 460 18 19
181 438 14 16
207 432 13 17
186 424 12 15
66 459 16 23
78 432 12 16
91 427 11 13
130 409 11 15
60 433 10 12
104 485 13 15
107 458 15 14
142 454 13 16
109 512 15 14
78 538 14 18
98 541 12 15
293 629 20 27
