1001 60 16 25
874 68 18 23
839 122 16 22
911 86 10 12
764 73 9 14
717 62 11 13
779 54 7 10
800 65 9 12
603 59 21 29
625 69 10 22
580 74 15 23
530 74 17 26
494 92 12 18
496 57 12 22
522 56 14 15
442 55 14 18
426 50 14 29
417 43 15 17
399 63 18 21
429 90 20 21
369 75 26 33
371 50 11 20
294 56 20 28
299 105 25 29
262 39 17 23
321 41 15 22
194 40 15 23
253 42 12 19
362 49 8 16
390 47 8 17
149 48 16 16
127 29 15 23
20 62 25 33
8 20 17 25
46 39 9 17
1 71 6 30
652 65 12 10
635 58 10 11
754 65 9 15
738 68 10 12
913 65 6 8
