1 18 15 19
17 17 9 15
37 27 15 17
28 42 14 16
50 38 15 20
85 23 11 12
98 25 13 20
87 36 15 17
122 9 13 17
128 33 16 20
0 51 6 22
0 90 14 18
19 95 17 19
41 77 13 20
72 71 14 19
116 80 13 15
139 101 14 17
112 101 14 20
83 98 13 21
66 116 14 16
66 100 8 15
44 139 15 19
23 150 14 16
7 173 14 15
64 163 8 14
39 189 16 22
76 160 17 22
85 182 14 23
98 186 12 20
100 133 14 22
118 135 14 20
150 133 14 22
148 160 17 22
157 191 17 20
184 185 14 23
124 197 11 21
169 33 14 19
176 17 14 18
983 1 16 9
969 11 15 18
932 0 18 13
882 4 16 18
952 27 10 17
990 15 18 21
970 42 12 18
914 43 13 22
864 32 14 21
1011 55 12 20
1007 98 15 20
941 82 13 17
934 61 14 18
909 78 10 15
886 87 14 23
871 91 12 20
863 107 15 19
862 131 15 20
952 141 17 21
999 138 17 20
978 121 10 19
958 121 11 18
918 101 12 18
898 141 12 21
854 160 19 25
854 207 17 21
873 246 15 24
875 231 18 20
1000 176 16 23
987 238 16 23
960 203 11 19
921 226 15 15
931 254 12 17
943 252 17 23
1010 294 13 23
990 313 16 19
960 283 19 24
966 305 14 22
841 20 10 19
820 2 14 18
823 44 14 22
773 16 13 20
764 59 13 22
789 82 14 20
788 39 11 15
843 80 13 22
798 67 11 22
825 84 13 18
797 107 17 20
809 121 14 22
802 152 15 20
828 158 17 16
783 113 10 14
814 180 16 19
774 174 13 20
800 227 15 21
842 245 20 20
819 225 16 21
799 198 15 17
763 202 15 15
819 208 10 15
816 270 16 18
840 285 18 23
800 301 16 24
795 283 12 13
841 321 13 21
864 326 12 21
877 337 15 17
907 359 15 21
889 268 12 18
968 360 14 21
998 369 14 21
949 377 15 19
945 409 15 24
961 421 14 26
993 426 17 22
996 470 19 20
993 509 16 22
951 487 16 19
925 488 15 23
932 464 16 17
910 440 12 20
891 425 15 20
883 444 16 16
866 465 17 27
861 491 17 24
817 507 19 25
834 506 11 28
816 364 17 24
820 394 18 24
978 551 18 25
924 537 15 27
803 556 17 20
745 540 19 23
763 509 15 25
719 516 18 26
690 501 19 28
699 565 14 11
661 559 21 17
640 557 17 18
643 461 15 25
791 456 16 24
754 452 19 25
713 481 13 18
676 469 13 19
763 393 15 22
784 356 16 21
764 325 18 21
703 309 16 21
667 310 17 23
705 336 10 19
616 315 20 26
627 328 18 23
615 377 15 24
649 374 19 27
669 438 16 26
623 399 16 24
627 425 9 14
764 0 11 6
696 0 15 18
661 0 14 15
717 36 15 20
706 54 18 23
729 84 15 18
751 105 15 20
706 103 15 23
686 108 17 20
708 132 14 20
742 4 12 24
681 5 13 23
644 17 14 16
651 38 17 20
603 15 14 20
662 71 11 31
640 99 15 18
725 150 13 21
741 135 12 22
736 176 15 21
686 138 12 19
628 85 12 17
606 139 15 23
652 139 16 23
682 170 16 26
661 181 16 23
648 176 15 24
715 202 16 22
617 197 15 19
697 67 10 17
681 228 18 21
634 217 15 23
604 229 14 19
610 257 12 20
726 258 16 23
679 264 17 20
688 332 20 30
677 375 17 21
699 405 14 17
764 254 10 20
759 286 17 22
735 305 14 20
102 56 11 16
121 75 15 13
151 2 8 10
153 15 7 10
162 17 8 10
201 6 11 14
229 0 13 8
284 0 16 19
206 19 12 18
206 40 15 18
255 26 15 19
280 56 16 21
265 72 16 23
250 75 15 14
216 55 15 21
162 155 13 19
207 121 14 18
224 129 13 21
253 115 14 21
236 109 12 16
224 113 14 13
242 63 11 17
231 61 11 11
270 127 18 22
260 150 13 21
282 191 14 19
250 193 19 23
202 185 14 19
192 211 14 19
230 225 13 24
288 235 17 23
72 228 16 20
50 216 15 21
140 239 14 16
104 242 15 17
92 212 15 21
83 250 14 22
96 270 16 20
92 295 16 22
71 297 15 16
36 277 13 17
12 255 16 24
43 250 16 26
63 302 14 18
49 279 12 15
55 319 16 19
21 311 17 23
7 343 14 19
82 331 15 24
79 354 18 24
31 359 16 21
12 117 11 18
5 234 11 20
4 276 13 22
156 286 17 22
176 272 15 20
178 243 14 22
151 225 15 19
147 257 9 12
137 289 11 13
127 286 12 16
29 377 18 23
69 376 18 23
18 415 16 18
7 392 10 14
72 403 16 20
31 457 18 24
74 422 14 16
101 429 17 24
136 415 16 22
156 421 19 21
185 414 12 14
199 428 16 19
215 449 18 22
156 478 20 23
103 459 19 19
69 462 16 26
29 502 16 22
18 523 12 27
56 500 19 24
69 491 14 25
117 490 15 20
60 528 19 27
123 523 15 21
169 509 20 24
211 495 19 25
213 525 18 19
164 536 14 25
52 552 18 23
111 560 18 16
159 565 20 11
317 1 13 18
295 33 13 18
316 48 13 14
299 64 15 20
292 98 13 20
322 80 17 23
314 107 15 23
334 91 16 20
319 147 11 12
331 136 10 15
321 174 13 18
335 181 15 25
359 135 17 23
368 153 18 27
397 148 14 14
397 117 18 22
356 109 17 18
342 64 20 19
376 75 14 18
435 29 11 19
418 46 13 17
403 66 14 21
407 85 16 17
421 78 14 20
449 3 16 12
499 11 14 21
473 34 15 19
446 48 16 21
509 39 9 15
523 32 14 15
483 72 12 21
525 81 9 19
450 93 12 17
447 130 15 23
486 116 18 24
507 119 11 15
518 143 13 20
509 138 12 16
482 166 16 20
465 175 14 26
438 196 17 21
475 145 17 24
458 140 13 14
494 82 10 18
552 9 12 22
572 31 10 14
548 74 13 15
558 91 13 14
531 115 13 20
546 133 14 19
566 144 17 21
591 111 15 22
495 0 17 8
479 11 10 10
474 111 13 19
267 254 15 21
212 291 17 21
191 314 15 22
234 309 16 20
301 300 15 24
319 288 10 18
255 332 17 20
233 350 13 19
271 332 15 21
242 382 13 19
270 283 18 25
303 361 15 23
284 361 18 20
235 371 15 16
384 198 14 21
382 216 16 23
346 218 17 23
337 218 14 25
489 201 15 22
503 217 13 20
476 222 15 23
444 244 14 17
463 259 16 22
502 272 17 23
445 277 18 24
402 264 17 24
358 273 16 20
374 281 15 23
414 284 19 21
420 307 15 19
380 306 16 23
367 314 18 24
345 339 18 25
372 360 17 22
421 341 16 25
484 343 16 22
499 369 17 20
437 364 16 25
414 378 12 19
394 377 17 25
348 378 16 24
550 184 14 23
537 195 15 23
527 247 15 26
484 273 15 21
574 255 15 21
574 210 16 22
590 220 16 24
512 295 16 23
557 285 15 20
541 311 17 22
576 298 16 19
592 282 13 20
597 343 17 23
561 309 10 14
457 335 12 15
615 66 16 16
605 62 13 19
531 348 17 23
524 374 11 14
552 374 17 21
581 411 19 25
536 417 15 22
499 404 13 19
506 432 16 20
473 446 17 24
471 398 12 20
525 463 19 23
573 464 18 22
501 508 21 26
471 517 18 20
471 498 16 22
252 428 18 20
269 401 16 20
315 392 18 23
313 419 16 23
284 443 16 20
272 472 19 24
242 461 20 22
273 385 15 23
368 397 17 23
345 415 13 21
341 435 13 20
292 475 19 21
316 494 17 24
332 483 19 24
402 420 17 24
444 440 19 21
410 456 14 22
389 460 18 25
447 479 17 21
426 502 18 24
394 526 17 23
369 504 17 25
258 528 16 21
367 549 17 25
327 562 17 14
212 417 14 15
102 397 9 17
590 369 14 21
496 551 13 21
542 525 16 22
568 510 13 22
592 528 16 18
586 547 15 21
269 195 12 20
327 306 15 18
877 547 12 20
827 434 14 25
913 287 15 22
960 309 12 22
66 183 12 15
122 219 14 15
214 264 15 20
239 27 11 18
356 79 13 19
135 161 13 26
347 27 11 15
348 51 13 16
432 115 11 16
412 254 14 21
557 263 13 15
547 260 13 15
79 524 13 16
755 180 16 16
612 508 18 19
619 457 17 19
559 454 13 16
688 543 10 16
714 450 11 12
808 404 13 12
938 144 13 15
851 64 11 12
848 39 12 20
802 24 8 21
884 52 10 19
938 328 13 18
412 348 10 17
143 90 17 16
84 136 14 17
173 92 12 18
242 87 14 25
461 362 15 19
432 433 20 23
429 164 8 10
391 53 7 9
536 57 13 15
216 178 11 16
