295 172 16 14
321 168 15 14
344 148 15 20
382 153 16 17
68 194 14 15
51 287 23 30
166 275 26 29
173 302 24 34
122 293 17 17
82 276 23 27
197 327 33 33
259 279 23 27
201 243 19 21
83 349 36 43
51 354 26 29
90 451 44 58
49 442 34 51
247 503 43 50
262 492 44 52
295 492 55 60
418 515 55 68
447 436 41 52
463 569 60 79
429 365 38 36
494 369 46 47
287 363 28 31
341 327 40 46
280 269 25 26
293 284 25 32
332 261 23 29
321 291 34 33
383 277 27 39
453 227 17 17
489 240 22 26
539 332 34 34
520 218 20 22
559 235 21 22
436 161 11 11
538 186 10 10
578 137 7 9
584 258 25 24
610 237 60 87
690 216 15 16
760 335 63 65
841 294 27 33
732 222 16 17
739 167 12 9
708 164 8 9
784 178 9 11
842 185 12 16
871 176 15 14
889 155 9 12
845 150 10 12
796 163 10 9
960 166 10 12
914 152 9 12
749 586 64 67
