58 199 56 58
194 168 36 45
99 171 36 39
143 125 29 33
162 83 20 23
223 136 32 37
208 260 70 84
244 81 15 20
255 98 25 31
272 84 16 23
291 113 19 32
342 82 16 22
362 59 9 12
375 74 9 9
367 111 15 15
400 80 18 20
433 79 16 19
458 91 24 29
483 84 16 22
529 82 15 20
422 66 11 12
391 59 8 10
432 59 8 9
439 69 12 17
454 69 8 12
470 68 10 12
483 67 9 14
534 111 22 26
520 130 24 35
570 84 9 13
557 58 7 10
565 68 8 10
577 70 6 11
597 66 8 11
615 63 11 14
636 68 7 10
647 72 10 14
694 71 10 15
687 95 16 22
713 102 14 19
601 97 18 22
626 97 13 19
649 127 21 30
665 129 19 28
672 102 11 15
735 125 21 31
796 120 15 24
837 126 15 25
874 148 28 38
966 167 25 37
862 202 45 60
757 176 34 41
720 160 35 46
561 175 46 55
709 237 59 88
479 208 63 82
499 98 14 20
574 64 6 7
582 57 4 8
592 68 5 7
565 62 6 6
571 59 4 5
533 73 9 8
524 76 9 10
507 61 7 9
511 52 6 7
518 49 5 5
543 61 9 11
487 43 3 4
470 56 5 6
465 52 4 6
455 52 4 5
447 36 7 10
417 66 5 5
360 75 9 7
389 45 4 5
405 48 3 5
400 50 3 4
418 46 3 4
420 46 3 4
441 47 4 5
416 38 5 4
286 101 17 22
394 73 5 5
393 105 10 14
334 84 13 23
373 48 5 6
845 145 36 47
339 183 33 41
