29 314 6 6
154 283 12 17
224 276 15 19
309 283 11 11
4 401 37 46
43 397 22 26
222 373 25 28
296 372 25 26
195 387 28 37
183 433 49 54
338 386 40 57
377 368 26 34
443 354 29 37
644 369 21 31
663 371 33 47
749 388 31 41
872 350 41 50
838 319 23 36
937 218 23 27
687 234 18 20
771 286 5 6
493 431 9 10
465 437 9 11
464 423 8 7
478 406 7 8
487 400 7 6
512 432 7 7
496 404 8 11
575 403 7 8
605 405 8 9
593 435 11 11
552 393 6 7
537 394 6 6
567 389 8 7
521 430 8 12
551 413 6 6
534 427 5 5
612 443 6 8
522 391 8 9
506 391 6 8
482 417 9 7
486 389 4 5
497 386 4 6
520 381 6 8
515 402 7 7
462 391 8 7
471 392 6 6
464 406 6 6
558 426 8 8
