280 443 46 49
137 476 40 60
124 395 19 20
159 390 20 26
273 373 18 23
44 402 35 45
853 464 40 49
949 468 37 58
984 382 18 21
1004 377 12 16
999 369 16 17
917 390 23 22
895 355 10 10
745 433 28 31
687 446 46 52
806 370 14 17
696 374 14 17
859 363 12 16
559 465 40 46
565 371 16 21
484 433 30 33
417 466 41 58
366 428 27 38
372 350 9 13
499 353 8 10
443 362 16 17
218 357 7 9
172 333 8 11
254 415 29 36
130 357 13 19
52 357 15 21
31 351 11 12
707 356 7 10
916 435 21 32
674 358 9 10
53 337 11 13
14 335 13 16
