1010 346 13 29
963 344 22 27
943 357 14 14
910 341 19 26
893 376 18 22
873 370 18 20
865 349 16 21
854 357 10 15
842 361 6 11
813 361 15 19
763 334 14 21
743 356 9 13
710 351 12 16
723 351 13 16
626 356 7 11
647 355 9 12
622 362 5 8
617 361 6 8
608 355 6 10
560 362 7 11
582 354 5 8
590 359 6 8
552 356 6 9
571 365 6 8
578 365 5 9
143 378 14 17
135 356 13 18
110 360 13 18
84 362 15 17
68 373 9 16
11 355 8 14
41 350 6 10
40 362 7 11
123 357 7 10
144 350 8 11
175 366 9 12
155 356 7 9
167 385 7 10
204 366 7 8
213 365 7 10
187 363 8 11
195 369 9 10
181 364 7 11
266 359 7 7
287 366 6 9
273 238 8 13
495 358 4 7
508 358 3 7
536 353 6 8
407 357 5 9
