904 319 32 34
930 302 26 35
948 278 14 15
933 270 13 16
883 275 15 17
862 329 19 23
847 309 17 20
812 331 24 24
797 339 17 20
762 337 29 27
744 336 19 21
741 334 12 17
674 334 28 31
662 345 17 22
603 365 14 16
608 400 20 17
639 368 13 17
553 390 17 24
532 369 19 24
598 346 12 13
467 386 23 30
399 384 22 28
392 397 9 15
349 392 17 26
380 392 10 16
452 398 18 23
313 427 18 26
278 431 18 21
294 406 14 15
252 420 16 23
278 403 10 13
504 382 16 15
205 455 15 20
115 452 12 19
144 443 15 18
167 439 11 17
76 455 11 16
564 358 12 16
645 352 10 11
957 291 18 26
