38 249 21 30
59 252 15 31
52 306 34 39
143 333 42 54
79 367 37 32
126 403 28 53
162 488 27 45
377 459 38 28
451 427 45 58
522 355 33 39
498 278 32 35
568 290 38 48
665 296 23 27
619 235 26 30
651 215 14 14
603 203 18 22
717 205 18 20
739 204 15 18
759 213 15 27
735 262 26 30
445 254 26 34
431 315 33 34
370 298 27 28
218 262 24 24
484 196 14 21
800 273 24 26
920 276 25 28
903 325 24 34
847 409 39 49
858 500 41 57
658 447 47 50
635 364 42 61
800 199 12 18
780 192 16 15
816 203 15 19
874 208 15 21
909 220 18 22
951 215 15 21
998 221 19 28
983 204 12 17
971 201 9 12
962 191 13 15
929 197 12 15
897 185 13 18
890 202 14 17
1011 186 11 21
921 171 19 20
929 224 13 16
126 281 11 12
