4 77 10 13
21 85 11 13
13 100 15 20
38 103 8 11
53 117 20 25
64 95 11 12
62 81 10 12
84 76 11 15
115 70 16 22
190 89 15 19
224 75 15 20
256 74 15 18
279 57 19 20
96 136 12 15
104 147 14 20
182 140 12 15
307 72 15 19
365 58 14 17
393 80 15 21
414 54 13 19
430 60 19 29
397 111 23 25
451 104 22 29
509 78 23 29
528 109 24 28
470 32 20 24
525 1 18 15
559 7 19 21
555 84 33 23
581 80 23 27
607 105 24 35
653 69 22 34
673 51 23 38
681 36 36 48
641 0 21 14
728 2 17 23
753 47 36 49
795 72 24 23
831 33 18 27
871 67 36 45
897 12 24 34
919 19 24 39
894 49 32 46
990 260 34 46
968 326 45 66
874 326 56 73
899 256 34 48
847 270 40 46
776 283 47 60
775 234 36 44
587 145 27 38
606 222 29 36
618 244 32 46
674 281 42 52
691 344 48 61
498 227 28 32
527 247 25 29
530 260 29 52
545 290 53 64
306 174 16 20
315 182 15 21
332 245 35 46
366 222 22 28
397 241 23 28
419 234 30 37
415 286 46 55
269 199 19 25
224 203 13 22
257 221 22 30
252 243 38 47
275 271 42 52
194 201 23 29
203 230 26 36
168 252 39 45
153 313 48 60
141 263 26 33
127 232 28 28
110 236 20 26
121 202 20 22
105 203 14 16
116 278 34 41
27 200 20 21
82 212 20 25
34 239 30 38
8 234 25 30
16 263 37 47
0 280 38 48
751 435 54 78
