121 324 27 38
317 366 22 36
416 365 22 33
496 358 24 36
416 308 18 31
346 322 20 33
38 328 24 40
48 258 12 20
223 348 23 38
235 386 0 1
260 303 16 27
370 294 15 23
468 305 19 23
439 354 20 33
514 335 20 32
535 344 23 34
570 360 23 37
559 326 17 23
410 283 10 15
547 290 15 23
293 274 14 26
364 278 12 16
455 295 13 23
609 355 15 17
589 294 11 21
639 336 17 27
678 363 23 33
757 365 22 36
832 370 24 40
906 373 24 31
982 365 20 33
953 331 17 26
889 333 18 25
847 310 19 35
776 319 18 23
692 311 23 34
733 321 13 23
739 350 19 30
670 303 15 22
755 464 18 19
222 469 18 18
136 460 15 18
808 327 9 14
756 313 7 11
752 290 6 10
732 297 9 11
684 293 8 13
369 270 5 10
333 315 16 23
222 270 17 17
149 320 13 21
83 271 12 15
831 318 9 14
698 282 7 9
617 298 13 16
643 300 10 14
