0 383 7 14
91 425 14 16
233 318 13 13
255 335 9 12
304 314 10 12
295 320 10 12
288 326 7 14
181 375 11 12
143 392 11 19
226 394 13 17
261 389 13 18
302 358 9 14
330 358 13 17
326 384 12 17
287 394 10 14
180 393 10 18
160 426 15 16
247 429 15 17
293 413 16 21
335 421 12 23
214 341 14 19
226 421 12 16
48 482 17 22
52 509 23 26
15 547 27 31
176 491 20 22
258 498 19 25
288 503 21 29
116 507 17 23
128 507 14 18
431 208 6 8
472 194 8 11
437 237 9 11
466 252 9 11
556 239 6 9
539 242 6 11
528 234 7 9
511 238 7 9
512 253 8 9
503 251 6 10
505 290 8 10
492 277 10 11
483 262 9 11
471 278 9 10
447 270 9 10
452 282 9 10
459 297 9 11
485 306 11 14
426 280 9 14
412 300 13 14
438 299 13 14
377 313 12 14
402 317 11 15
389 364 12 15
424 328 12 17
427 311 12 16
450 333 9 12
477 329 11 16
455 359 16 17
426 355 10 18
428 386 14 20
459 392 13 18
444 423 14 22
487 389 14 18
535 397 19 22
506 437 19 24
543 436 18 28
621 435 19 26
655 405 12 18
574 162 6 8
596 151 7 9
623 154 8 10
674 165 7 8
576 233 7 9
573 251 9 11
601 231 9 11
617 225 7 9
626 222 6 6
641 209 7 11
637 230 4 8
646 227 8 11
712 397 20 22
632 226 5 7
667 213 5 10
687 221 6 7
695 223 8 11
705 203 6 7
712 214 6 7
722 224 7 9
716 238 6 10
733 236 8 11
739 224 9 9
742 208 5 7
752 199 7 9
724 237 7 6
764 210 6 10
780 213 9 10
584 284 8 13
576 298 11 13
563 322 14 14
577 358 14 21
608 331 14 17
617 360 13 23
631 320 13 17
667 281 11 14
654 294 15 18
696 276 11 14
702 290 14 18
789 266 11 14
766 272 13 14
779 286 15 20
737 288 13 17
754 292 12 15
687 324 15 19
666 317 13 17
652 332 10 18
664 363 17 23
761 321 14 18
732 329 12 20
740 366 15 21
702 367 17 20
489 354 13 17
718 147 8 11
738 151 8 11
758 144 8 10
790 152 7 8
753 169 7 9
831 137 9 9
823 175 7 10
840 202 9 11
850 220 10 14
813 225 11 13
830 245 9 10
804 240 11 13
904 115 8 9
882 143 9 9
947 107 8 10
988 106 8 12
923 156 8 10
947 156 9 10
965 163 9 11
996 163 9 9
1008 174 10 10
976 181 9 10
990 196 10 11
1012 231 12 14
981 215 11 14
918 168 8 11
939 170 8 10
955 183 6 9
927 182 9 10
944 193 10 12
911 198 10 11
879 194 11 13
871 207 9 10
885 231 12 14
914 235 11 13
930 213 13 13
970 239 12 15
953 197 9 12
825 205 11 15
829 262 9 13
854 266 12 14
899 260 10 13
909 254 10 13
936 271 17 18
982 274 14 22
997 281 19 20
878 279 16 17
840 283 12 18
849 296 15 17
922 283 12 16
944 288 13 17
984 318 21 22
863 315 18 18
924 318 15 19
817 285 14 16
820 324 16 20
858 352 17 24
910 350 20 24
896 373 23 33
840 394 21 22
807 374 28 33
794 395 14 16
241 505 16 16
821 357 19 20
971 349 19 22
959 409 17 29
760 437 13 22
675 242 7 10
613 296 8 11
658 260 12 13
694 202 5 9
542 305 8 10
545 334 8 12
560 369 8 12
222 369 10 12
118 429 10 12
896 288 17 18
560 234 8 8
610 221 8 11
501 268 9 13
955 445 19 26
799 354 14 12
1011 159 9 10
985 170 6 9
902 190 8 8
365 329 8 11
505 197 9 9
765 222 10 10
727 271 11 14
723 305 16 15
74 552 18 21
