45 340 12 13
81 328 11 13
120 318 22 30
151 312 28 29
228 310 18 18
251 325 25 31
288 412 10 13
306 419 10 13
296 450 7 9
308 452 7 8
295 490 6 8
306 491 4 6
378 297 31 29
464 310 11 13
475 293 28 39
541 298 21 31
601 315 27 35
641 327 17 29
674 317 23 30
597 420 10 12
609 418 9 14
593 462 12 14
611 459 12 15
589 501 10 14
605 499 9 14
730 309 28 34
785 293 24 32
810 308 30 33
840 239 10 14
851 252 8 8
858 235 11 13
882 247 5 6
889 247 5 6
877 266 5 9
885 265 6 7
851 272 5 7
845 298 7 9
867 308 5 6
874 303 5 7
884 311 6 8
998 310 25 28
