901 512 21 26
944 402 17 26
912 388 14 19
855 416 11 20
833 396 21 25
978 237 16 22
947 295 11 23
799 424 14 26
724 423 18 24
769 401 15 20
709 395 17 21
651 410 19 24
640 398 21 23
542 365 17 22
516 414 20 22
437 392 22 29
446 356 8 18
400 420 18 21
340 393 18 22
303 392 18 24
338 370 18 21
256 434 23 20
215 449 18 21
176 407 18 23
170 422 15 24
93 414 20 26
67 386 20 22
58 344 18 23
2 368 10 24
39 314 16 20
272 321 18 21
194 317 16 22
155 336 17 25
132 270 15 19
106 285 15 19
186 280 14 16
248 270 12 18
315 281 15 19
284 296 13 17
352 268 15 13
293 245 18 21
267 243 17 24
296 227 16 20
189 233 15 22
122 240 14 19
9 120 17 19
8 144 14 17
107 90 12 15
437 279 16 21
406 232 15 18
430 315 15 12
382 209 11 20
59 33 12 16
93 16 12 18
272 31 14 19
264 20 9 14
200 23 13 18
130 19 12 16
295 11 13 16
395 63 13 20
511 162 14 21
494 189 17 20
513 191 16 20
533 176 12 16
574 186 13 16
607 162 16 20
493 129 17 26
502 121 13 20
531 117 11 11
519 124 10 12
604 92 13 16
579 86 10 15
566 67 14 16
522 37 14 16
498 42 12 15
517 21 13 16
526 6 12 16
560 0 12 15
529 69 13 15
609 123 12 17
537 97 13 17
742 24 12 18
728 34 11 14
837 27 13 16
863 16 15 16
884 28 10 16
951 88 14 14
969 67 13 17
939 54 15 18
929 50 12 16
967 110 13 19
909 55 12 20
854 107 14 19
835 141 15 21
820 152 17 21
841 175 16 22
792 171 16 22
776 132 11 18
704 170 16 19
673 212 15 20
688 195 16 19
765 219 16 21
460 129 11 14
824 261 16 21
758 268 18 24
747 246 17 21
801 301 15 25
795 281 12 18
732 307 16 22
839 229 17 19
886 183 17 24
869 274 14 20
662 303 17 23
724 259 11 19
581 115 16 21
909 4 12 13
12 263 14 19
0 318 9 20
960 357 8 10
971 347 9 11
1004 321 19 20
