701 430 9 10
620 381 7 8
654 359 6 7
623 436 7 11
591 423 8 10
570 433 8 9
687 415 8 9
535 442 9 11
569 382 7 8
539 416 9 11
526 402 8 10
522 382 6 7
498 403 7 9
358 486 10 13
395 465 10 12
332 480 8 10
211 475 13 13
249 492 11 12
216 497 8 13
193 531 14 15
292 437 9 11
297 394 7 9
244 403 7 9
210 411 9 10
213 384 6 7
171 434 10 12
135 414 8 9
102 390 9 8
87 427 8 9
42 393 6 7
74 437 9 10
457 381 6 8
429 452 11 11
468 436 9 11
413 400 8 10
421 385 6 9
407 395 8 7
406 361 5 6
392 379 6 7
385 364 5 6
365 371 7 9
432 427 8 10
330 427 9 10
377 404 6 9
326 401 9 8
87 544 9 13
841 455 10 11
807 432 6 9
754 426 10 12
789 392 8 8
753 411 9 10
756 392 8 9
723 388 9 10
941 636 17 33
989 629 27 29
812 631 11 26
763 638 11 25
974 426 12 11
949 439 8 12
902 477 15 17
875 417 7 9
960 417 11 12
955 403 8 8
904 415 8 10
893 396 8 9
774 507 14 17
732 522 8 17
711 508 14 17
578 543 17 19
575 494 11 17
622 531 8 16
902 371 6 9
849 337 4 7
823 356 5 7
827 355 5 6
863 324 5 6
824 337 4 6
855 341 5 6
359 604 18 15
172 333 6 6
195 313 5 5
157 314 4 4
938 333 5 7
938 324 5 6
976 301 4 5
963 552 19 14
578 517 10 14
541 533 7 14
422 325 4 6
463 327 5 5
459 315 4 5
438 313 4 5
394 322 4 4
406 322 4 5
379 321 4 5
456 345 4 5
628 350 4 7
578 348 5 7
553 362 7 8
588 321 4 5
597 349 4 6
604 533 14 16
61 332 6 6
98 338 5 5
40 335 5 6
973 294 5 6
248 512 11 15
685 364 6 9
332 416 6 7
510 364 4 6
