833 463 24 33
932 418 20 33
985 412 15 31
1001 330 23 33
906 347 25 30
806 342 22 33
725 344 22 28
718 335 17 25
707 401 17 30
782 422 14 30
821 540 34 26
804 527 20 35
681 585 33 50
566 606 53 76
333 591 57 61
421 593 39 48
540 526 34 39
416 495 25 30
462 473 25 26
445 453 25 26
491 490 22 20
469 506 21 21
373 529 24 26
356 538 22 31
313 495 26 30
152 512 21 31
61 482 20 29
118 401 19 29
182 410 23 27
253 402 22 28
302 427 20 23
393 462 25 32
251 491 25 23
160 494 25 23
110 468 19 25
101 576 34 47
221 376 22 33
327 475 25 34
174 543 17 27
328 363 18 28
355 280 23 26
384 270 23 27
454 240 20 23
487 252 22 25
492 165 22 31
556 182 19 26
554 158 15 21
563 140 20 27
475 156 20 24
408 178 22 28
384 138 21 30
382 89 22 26
417 67 19 27
285 121 22 27
203 127 21 23
195 152 18 22
215 143 14 22
266 147 19 27
314 192 23 27
234 228 19 27
302 243 21 28
188 265 25 25
116 256 20 30
92 252 21 26
219 340 21 28
189 316 21 31
95 328 22 25
3 284 20 23
39 220 20 26
24 195 12 22
92 171 21 25
116 207 18 26
113 189 19 23
145 179 15 21
190 181 18 24
284 207 19 20
454 215 21 22
398 233 15 26
534 185 11 17
264 313 23 29
6 372 22 31
67 288 10 24
321 86 20 19
899 208 24 30
915 280 26 34
977 252 26 32
859 296 23 28
807 237 24 24
781 217 20 28
707 220 21 29
647 221 21 24
621 210 20 28
574 223 24 30
608 149 23 31
632 169 19 25
774 151 23 27
838 156 17 28
734 161 14 20
710 181 15 27
701 158 19 26
648 148 19 22
883 139 19 23
935 126 12 29
990 162 19 21
1017 216 7 28
741 150 23 20
