169 67 12 16
71 58 13 17
64 43 15 17
286 119 12 17
294 170 16 22
321 191 20 22
400 175 21 28
392 156 15 18
417 114 16 20
297 129 19 20
262 141 14 17
264 201 22 26
376 239 23 32
375 255 1 0
333 270 22 30
381 296 26 29
380 328 23 36
493 254 26 35
427 264 23 38
432 216 24 31
428 179 19 24
511 186 17 26
520 144 13 22
647 137 15 22
607 142 15 20
572 148 17 19
541 101 16 20
484 139 15 20
473 111 16 27
430 77 15 18
506 107 12 21
565 81 14 22
669 100 17 23
737 103 18 25
720 132 16 22
791 201 17 20
747 233 21 30
793 165 19 29
808 234 24 32
794 262 26 32
857 238 16 24
912 230 18 27
900 257 24 31
932 288 25 27
990 251 24 32
872 148 18 24
939 207 17 22
737 211 21 28
854 123 16 24
718 276 26 33
771 281 23 38
495 336 27 40
556 318 23 31
621 299 23 32
630 268 25 31
556 272 25 27
657 323 23 34
745 350 25 29
534 252 23 32
580 202 16 22
529 186 17 20
743 271 25 34
797 313 27 36
822 314 23 35
852 324 24 34
929 337 26 31
886 323 21 28
953 329 18 29
936 243 21 24
934 268 24 28
847 294 19 24
357 428 21 33
373 416 34 45
592 419 33 46
66 118 22 23
45 180 23 28
80 216 21 28
67 262 28 35
110 260 22 31
138 235 21 31
169 238 22 28
259 286 25 34
35 99 14 18
97 121 16 17
43 151 20 23
11 240 24 31
127 318 23 29
906 468 34 43
201 194 25 33
118 67 15 24
197 67 15 20
897 225 15 19
888 187 15 13
826 246 21 25
885 117 11 15
988 201 12 21
1009 25 15 20
1019 353 5 17
954 449 32 41
1013 310 10 16
1012 4 9 12
994 8 7 8
872 96 14 17
847 11 9 8
772 113 14 16
762 1 7 7
709 0 11 12
660 23 12 10
669 20 8 10
665 13 6 5
674 45 7 11
670 65 12 13
658 57 9 10
446 149 14 18
240 362 29 28
161 492 23 29
54 407 29 39
203 304 22 30
217 236 28 34
246 223 20 35
269 250 20 22
306 220 17 26
319 227 25 29
135 289 22 26
83 185 15 25
97 165 14 16
95 141 20 19
72 96 12 12
186 53 11 11
460 206 17 15
482 251 20 38
428 148 11 13
387 117 15 19
257 96 8 12
269 69 12 21
275 59 9 11
287 74 8 14
303 67 10 17
640 56 9 13
635 38 11 14
643 21 8 9
639 6 8 8
600 17 8 9
610 30 9 11
610 44 6 6
547 21 9 11
555 19 8 14
571 0 13 11
552 79 10 17
534 94 13 14
598 148 14 17
600 174 15 14
648 84 11 16
686 303 17 18
620 110 16 18
510 71 13 18
490 71 9 16
620 71 10 13
511 15 11 15
521 18 10 10
553 3 6 7
472 20 9 13
490 23 9 14
472 53 12 19
457 63 11 13
466 42 8 8
422 30 16 19
413 20 7 8
402 5 9 14
432 5 8 13
456 1 8 12
501 0 15 10
408 50 7 8
422 59 11 13
409 81 10 13
408 109 15 21
385 70 14 15
366 32 7 9
360 10 10 9
396 27 12 14
348 124 18 26
562 220 20 23
289 44 9 10
263 26 6 9
271 30 8 9
208 37 12 9
209 58 12 12
213 76 10 10
238 89 9 13
222 26 7 14
161 19 7 9
191 12 6 8
305 27 12 16
321 19 9 12
335 18 9 12
61 21 11 12
51 19 8 12
37 28 11 13
96 31 10 11
139 60 11 19
155 70 10 19
160 38 8 15
171 33 13 15
900 206 19 21
913 144 17 19
935 147 17 20
800 26 15 16
694 63 11 15
713 52 11 16
717 162 15 22
837 65 16 21
854 172 19 25
862 185 20 25
24 126 20 19
582 41 11 15
741 24 11 16
831 173 20 28
1000 81 15 17
963 35 12 13
985 46 12 15
974 51 12 19
888 47 10 14
876 38 12 17
24 57 13 15
