133 24 3 3
128 20 4 5
125 14 4 4
80 29 6 6
79 37 5 6
89 36 5 6
100 37 4 4
95 50 6 8
68 44 6 6
59 45 4 4
59 49 5 7
47 40 6 5
41 45 4 5
50 55 6 7
49 49 4 4
52 62 5 5
46 88 5 6
34 85 6 7
25 77 6 7
30 72 5 6
29 65 6 6
34 48 5 7
14 67 5 5
10 77 6 7
13 86 4 5
11 91 4 4
16 93 5 7
15 101 6 8
23 106 5 5
14 5 5 5
17 9 5 5
25 3 4 5
47 6 5 6
53 6 6 5
5 7 5 6
5 16 4 3
8 20 5 5
4 26 5 4
8 31 4 3
15 22 6 6
21 31 5 3
22 36 5 5
15 40 5 4
7 39 5 5
7 48 4 5
3 54 4 5
17 54 8 8
23 47 4 6
28 41 6 8
34 38 5 5
34 28 4 6
23 23 5 6
41 29 4 5
32 18 4 6
38 21 2 5
54 37 6 6
56 32 6 6
33 107 9 11
45 102 5 6
50 103 5 8
64 98 5 7
56 101 5 6
64 90 4 5
34 120 5 7
15 121 5 6
3 110 4 5
46 120 5 7
68 119 8 9
61 111 5 7
88 61 7 8
104 62 4 4
119 62 7 8
112 53 6 8
119 49 5 7
117 42 4 6
130 54 4 5
135 50 5 6
136 37 4 8
132 74 5 7
148 63 3 5
139 58 4 7
154 49 6 6
149 39 4 5
145 31 4 7
144 24 4 4
150 17 4 7
143 17 4 3
137 8 4 5
57 22 5 5
52 14 4 5
48 0 5 3
57 1 5 4
65 31 5 5
74 26 4 6
71 21 4 5
77 19 4 5
82 9 3 5
80 6 3 5
70 6 4 6
92 2 5 6
100 5 4 4
97 11 4 6
93 15 5 6
89 21 7 7
92 29 5 6
100 28 5 6
110 29 6 6
109 17 3 5
110 10 4 5
122 31 3 4
127 33 6 6
127 28 4 3
134 28 3 4
144 5 4 4
114 1 6 5
152 8 3 6
167 13 3 4
162 19 4 5
173 7 3 5
179 12 4 5
185 7 5 6
188 18 4 3
188 24 4 6
195 29 4 7
176 25 5 6
169 39 5 7
170 32 4 4
186 39 5 7
178 49 3 4
187 53 5 6
201 45 4 7
193 37 5 5
209 48 4 7
215 43 6 6
224 47 5 7
217 58 4 6
224 61 4 5
229 58 5 7
208 58 5 6
200 61 5 7
181 68 7 7
171 56 6 5
170 63 5 7
173 71 5 7
178 82 6 6
175 87 5 8
168 88 5 5
160 83 6 7
155 93 5 7
163 97 5 5
160 107 6 9
159 104 4 5
167 105 6 7
174 109 5 7
180 98 5 8
199 99 6 7
201 90 5 5
200 96 3 4
187 105 5 7
201 107 6 6
200 114 5 4
203 121 7 10
189 120 6 8
190 129 6 7
177 134 6 8
168 137 5 7
166 131 5 5
173 126 6 6
167 120 7 7
153 125 6 7
138 115 4 4
139 122 3 7
128 146 5 9
136 148 6 10
144 146 6 7
116 142 6 11
98 151 6 8
104 162 6 8
117 170 7 9
125 160 7 9
139 169 8 11
140 161 8 7
159 153 7 9
160 178 6 7
172 171 8 10
170 164 5 5
197 154 6 7
184 162 7 7
189 171 6 7
211 171 6 8
208 184 7 10
202 201 7 11
196 193 7 8
184 195 8 9
182 208 8 8
169 205 9 9
176 187 9 7
151 200 5 6
142 207 6 8
142 189 6 7
149 185 5 6
114 197 7 8
123 194 7 6
113 186 7 7
102 184 5 7
100 177 5 7
92 172 7 9
86 162 7 9
82 174 4 5
82 180 6 11
74 192 8 9
82 200 8 10
93 201 9 10
93 194 7 7
69 214 8 8
51 206 8 12
53 196 7 7
45 190 8 9
61 177 7 5
64 166 6 6
46 163 7 8
37 181 6 8
25 200 9 10
29 215 8 5
15 208 8 9
6 207 7 9
3 190 7 7
23 181 7 8
10 173 5 8
16 168 7 8
2 177 6 8
3 97 4 5
201 73 6 7
209 83 5 6
226 81 6 6
228 69 3 5
227 102 5 5
224 109 5 6
211 108 5 6
227 120 6 9
228 145 5 8
216 147 7 9
210 133 7 7
203 144 5 6
203 140 6 4
216 161 6 6
225 161 7 9
247 152 6 5
243 165 7 10
257 176 7 10
234 186 6 9
232 204 6 8
249 204 7 9
256 190 7 9
265 182 8 9
270 191 6 10
269 206 6 9
278 201 7 7
294 194 8 9
310 201 7 8
312 185 7 9
297 182 7 9
311 170 6 8
288 170 6 5
292 179 4 8
286 151 8 9
303 163 6 8
310 151 7 9
304 142 4 4
301 136 6 6
292 143 7 6
280 142 4 6
276 130 5 6
286 128 5 6
292 119 7 8
296 109 5 6
315 121 6 10
318 134 7 8
304 124 3 6
314 112 5 6
313 108 5 6
309 103 4 5
287 100 5 7
276 116 6 7
262 128 5 6
254 132 5 7
242 141 5 5
236 130 5 6
227 140 5 5
246 123 7 5
257 117 5 5
239 107 6 9
252 97 6 8
267 102 8 8
269 86 6 7
279 91 6 7
289 84 4 6
292 92 4 5
311 77 4 7
319 81 5 7
300 69 5 6
291 55 6 7
280 77 6 8
276 70 4 8
268 70 4 5
254 78 5 9
245 81 6 7
244 68 6 6
249 52 6 8
236 51 5 7
251 46 5 5
261 53 5 6
266 56 5 7
278 50 5 6
302 46 4 5
318 48 6 5
315 43 5 5
310 39 3 5
305 29 5 5
311 24 6 7
293 35 5 6
226 33 5 7
215 35 6 5
213 30 5 6
219 26 4 5
221 17 4 5
209 15 4 6
199 25 6 7
194 21 3 5
215 10 4 5
209 8 4 4
205 8 2 4
227 14 3 4
232 18 3 5
236 22 4 8
237 16 5 4
248 20 4 4
245 9 5 6
238 3 5 7
257 2 5 5
267 1 5 4
273 4 4 4
264 35 4 3
277 32 5 4
265 17 3 4
259 10 5 6
286 16 5 5
275 12 3 5
283 5 4 4
290 5 4 5
303 16 5 6
315 3 4 5
308 1 4 6
301 4 4 5
263 29 6 6
138 108 5 5
316 56 4 7
300 41 5 4
20 162 7 9
326 6 3 7
333 5 5 4
345 5 5 6
341 16 6 7
334 13 4 4
351 19 5 4
356 17 6 5
362 13 4 1
366 14 4 4
356 8 4 3
372 4 5 5
380 10 3 5
384 15 4 5
394 19 4 5
396 28 2 5
401 29 3 5
382 25 4 6
368 26 4 4
373 17 4 6
364 27 4 6
363 37 5 4
372 33 4 6
392 42 5 4
395 35 4 4
372 46 4 4
368 57 4 4
372 64 4 7
383 62 5 6
386 49 4 6
395 53 6 7
405 44 4 7
411 57 5 6
354 46 5 5
352 41 3 3
352 33 4 4
345 30 2 6
336 26 5 6
329 24 4 7
331 43 5 6
339 48 4 5
326 61 5 7
329 71 5 6
335 74 4 8
344 77 2 6
351 76 4 6
350 70 3 4
351 62 3 5
411 37 4 5
414 44 2 5
419 46 4 6
426 51 5 5
431 37 3 5
427 33 2 6
418 32 2 5
415 22 3 5
415 8 5 7
404 16 2 4
400 6 3 6
423 14 3 6
427 22 3 4
431 27 5 4
436 22 3 4
432 10 4 6
445 22 5 5
445 11 4 5
455 13 5 5
460 18 4 8
458 29 4 5
464 28 4 4
458 37 4 5
466 45 4 5
473 37 5 8
483 43 5 6
481 35 3 5
492 36 7 6
498 31 3 5
493 22 4 5
505 25 5 6
494 11 4 4
484 19 5 7
478 21 4 6
476 15 3 5
479 11 3 5
471 8 3 6
448 7 4 5
442 33 3 5
446 36 4 6
441 41 2 6
449 45 5 6
461 56 3 4
476 63 4 4
483 56 3 7
492 51 3 5
498 54 3 4
510 54 5 7
603 52 5 6
549 33 5 5
563 33 6 5
555 28 4 5
548 24 5 7
576 24 5 7
571 17 6 6
579 16 4 4
584 15 3 5
590 25 2 4
601 29 5 4
599 39 4 4
590 32 3 5
556 17 4 4
561 13 4 5
565 8 3 5
555 4 6 7
552 12 3 4
582 5 3 4
592 12 4 3
598 17 3 3
601 12 4 3
614 10 5 5
612 21 3 3
617 35 5 5
628 40 2 3
634 35 4 2
641 39 3 5
633 44 5 4
630 51 5 7
619 50 4 4
616 46 6 5
623 57 4 5
638 58 3 4
654 54 6 8
660 61 3 6
664 65 4 7
663 74 4 3
650 82 4 5
650 98 6 7
664 102 5 6
670 106 6 7
675 97 6 8
668 87 6 8
673 82 5 8
673 73 6 7
682 76 5 6
685 69 3 4
685 64 4 3
673 56 5 6
670 45 5 5
666 34 3 5
671 33 4 6
670 21 5 7
659 19 4 5
660 26 4 4
656 31 4 5
653 40 5 5
652 28 5 6
646 23 5 7
644 15 5 5
633 5 6 8
654 7 5 6
629 28 5 4
636 31 4 4
626 11 4 7
632 71 5 6
623 91 4 5
607 86 5 8
599 83 6 7
622 73 5 6
623 64 4 5
640 98 6 7
684 88 5 7
691 81 5 6
704 99 7 9
694 101 4 4
704 92 4 5
702 74 6 8
704 62 5 7
696 54 6 7
703 49 5 8
710 55 5 7
718 59 6 7
728 61 5 7
741 57 7 8
742 70 3 6
746 87 6 8
757 83 6 8
770 79 5 6
789 91 6 7
778 89 2 6
776 83 3 5
512 45 5 6
509 38 3 3
512 33 2 3
517 31 4 5
518 41 4 5
526 34 4 6
532 31 4 5
524 29 4 5
521 26 3 3
514 16 3 4
519 17 4 4
504 14 3 3
528 10 4 4
534 4 3 3
537 10 2 6
541 13 4 5
533 21 5 5
542 32 4 4
535 41 4 3
544 40 2 6
538 46 3 4
533 53 5 6
532 48 4 2
503 43 6 6
498 70 4 6
493 66 4 7
505 67 3 4
529 65 4 5
519 82 5 7
516 78 3 5
510 81 5 6
776 61 6 8
763 63 6 7
761 59 5 6
759 41 5 6
771 45 5 6
784 56 5 4
786 45 4 6
780 49 3 4
779 34 5 5
749 47 7 8
757 50 5 5
738 49 6 6
731 47 5 6
743 37 4 6
747 34 3 3
750 31 4 5
767 33 4 4
769 25 4 5
776 23 5 6
790 25 5 8
770 17 6 5
756 15 4 4
749 20 6 8
741 18 5 7
731 23 6 6
720 40 4 4
717 47 4 5
752 72 6 7
722 79 6 8
730 90 5 4
703 42 5 6
695 30 5 8
690 27 4 6
683 33 5 7
690 49 4 4
683 29 3 4
680 23 5 7
678 18 3 4
675 15 5 5
678 10 5 5
689 10 5 9
698 16 4 6
701 22 4 6
703 32 5 8
712 29 5 6
702 7 4 5
682 5 4 5
776 7 5 6
770 88 5 5
761 95 6 10
778 111 5 6
787 116 6 9
773 121 7 9
784 140 5 7
774 139 6 9
764 132 7 8
752 127 5 8
754 103 5 10
747 102 5 9
726 108 5 5
721 102 4 5
728 122 4 5
734 123 7 9
725 132 5 7
724 140 5 6
741 157 8 11
745 151 7 6
748 139 5 8
760 150 7 8
779 154 9 10
765 175 6 9
763 166 8 6
781 170 8 9
786 180 6 10
765 182 6 10
778 188 6 9
765 204 8 12
771 213 8 10
786 236 5 6
782 246 8 10
767 248 8 11
762 261 8 9
788 261 4 10
763 273 11 10
775 288 6 7
779 308 7 4
782 315 7 9
778 301 8 7
745 284 7 11
742 299 11 11
731 294 7 11
719 290 7 11
531 86 6 8
538 79 4 5
542 86 4 5
548 74 4 6
553 79 4 6
560 83 4 6
566 75 5 5
553 65 5 5
553 57 2 4
553 49 4 5
549 47 1 6
552 40 5 6
561 46 4 6
569 50 5 5
567 42 5 6
575 38 4 6
581 44 4 6
584 36 3 8
590 41 4 5
597 44 4 6
587 55 6 7
586 47 6 5
576 54 4 7
575 65 4 6
587 71 5 5
585 65 4 6
592 63 5 7
600 63 4 6
604 72 6 6
615 65 4 8
608 61 6 5
708 295 7 8
712 279 7 10
729 280 7 8
744 272 7 10
743 256 6 7
735 243 8 12
765 231 7 8
745 238 6 7
745 212 6 9
742 197 5 8
730 224 6 9
716 230 6 9
723 217 7 9
713 216 7 8
710 204 6 8
698 235 5 6
708 263 8 10
717 255 9 9
705 250 7 7
688 279 9 10
681 298 8 10
659 309 8 11
670 319 7 11
651 290 9 14
677 289 8 11
669 271 8 11
681 257 8 11
689 248 6 8
674 235 9 11
658 256 8 10
642 276 9 11
645 262 9 12
638 300 7 11
618 316 6 8
625 317 10 8
622 305 7 7
620 297 7 7
619 283 10 8
617 274 6 8
632 269 8 7
625 254 7 9
632 245 7 8
620 234 7 10
634 221 6 9
653 211 7 9
669 219 8 6
683 206 8 8
684 227 6 7
671 207 6 8
658 204 4 5
642 208 8 10
629 203 9 8
636 193 7 11
618 215 8 9
612 197 8 9
621 181 6 10
613 176 6 5
603 181 8 11
641 171 8 10
646 186 7 9
658 183 6 8
681 183 6 8
672 193 6 7
684 197 7 8
695 188 7 7
718 190 8 9
739 180 8 10
739 173 8 8
730 181 5 8
734 157 4 7
715 149 8 8
708 159 4 7
716 164 5 10
708 176 7 9
702 173 7 8
688 169 7 8
681 167 5 7
698 158 7 8
698 145 7 9
690 145 4 5
699 133 6 8
694 122 6 8
709 121 6 8
698 115 5 6
676 128 8 6
668 147 8 10
661 162 6 6
649 166 8 7
649 155 8 9
640 153 7 9
636 143 5 9
636 137 7 7
661 149 4 7
651 131 7 9
666 133 6 7
659 126 5 6
649 117 6 7
658 113 4 6
655 104 5 7
639 131 5 7
636 120 7 8
635 114 6 5
626 127 6 8
616 124 7 9
617 151 7 9
615 164 5 6
595 178 7 6
607 102 6 7
598 101 5 7
618 116 5 6
604 120 4 5
611 120 5 6
594 122 4 6
589 113 4 7
584 105 5 6
587 99 4 5
584 88 4 7
575 88 5 7
577 76 4 5
567 101 5 5
569 108 6 8
576 121 7 9
580 114 4 7
569 126 5 6
582 139 7 8
593 142 6 8
600 164 6 8
603 153 5 7
585 170 7 10
575 160 6 9
578 149 8 7
571 152 5 9
561 167 7 9
569 182 8 8
574 178 8 10
584 198 4 7
587 204 6 9
600 218 5 6
598 230 8 11
597 255 7 8
606 259 10 11
588 268 9 10
601 276 6 8
594 290 8 10
588 284 7 9
584 292 9 12
572 311 10 6
578 260 7 10
562 280 10 11
574 286 8 8
563 301 9 10
555 313 6 6
536 313 7 6
534 300 8 4
551 280 6 6
531 280 7 9
541 269 8 9
545 255 8 9
577 249 5 6
565 235 7 9
537 242 8 10
538 230 6 10
553 219 6 9
545 213 6 9
546 204 9 9
564 202 9 10
574 215 8 10
573 227 9 10
551 162 6 8
547 153 7 9
555 145 7 8
539 162 6 8
529 190 6 7
538 191 5 9
527 202 7 10
526 207 8 11
522 225 9 10
528 240 5 5
513 242 7 8
517 262 9 11
516 294 8 9
501 302 8 11
496 296 8 11
478 309 9 10
485 287 9 10
465 283 10 10
457 294 9 10
649 228 6 9
505 275 7 9
497 271 7 9
489 257 10 9
476 260 8 10
470 254 5 8
469 241 7 9
475 233 8 10
501 235 9 10
509 217 7 10
500 220 7 8
498 208 5 7
466 221 8 11
478 213 5 7
478 203 6 6
495 193 5 8
485 188 7 10
505 202 5 6
521 176 6 8
504 179 7 7
516 176 4 9
504 172 6 7
489 168 7 9
478 180 7 9
505 161 6 9
527 159 7 10
519 154 7 9
527 144 7 8
546 137 8 10
551 132 6 10
556 126 5 5
554 118 7 7
548 104 7 10
554 99 4 6
552 92 5 4
539 103 6 7
540 125 5 8
525 116 7 10
516 129 6 8
509 117 4 6
503 143 6 9
493 152 7 9
489 160 4 5
497 134 4 6
500 114 7 8
493 106 5 4
503 95 7 8
507 107 4 5
485 93 6 8
483 85 6 5
481 71 5 6
470 81 6 4
469 88 7 8
468 101 6 9
481 115 4 8
483 111 6 8
464 118 7 8
478 125 7 8
469 133 6 8
454 141 7 8
477 145 6 7
450 125 8 9
446 134 4 6
439 140 4 6
454 116 7 8
447 109 4 6
456 95 6 8
454 89 5 8
461 86 4 4
464 74 4 4
450 71 5 6
440 81 5 7
430 77 4 8
418 84 5 6
435 95 6 8
423 104 7 9
406 93 6 9
416 125 5 5
407 125 5 9
403 116 6 5
414 136 6 8
424 147 7 7
434 156 6 7
456 159 5 5
458 171 8 8
463 186 7 8
452 192 7 8
448 181 6 8
435 166 6 8
422 170 6 7
431 184 6 8
421 158 6 7
403 85 6 6
399 75 6 4
406 68 6 4
423 68 7 5
388 88 7 9
383 82 4 6
388 78 5 7
397 94 4 8
379 101 5 6
376 89 4 8
365 80 5 6
361 95 6 6
351 102 5 7
372 108 5 7
391 118 6 6
400 132 5 7
399 143 5 5
370 134 6 7
375 128 6 6
378 122 6 8
359 109 6 4
354 133 4 7
353 127 7 5
352 119 6 6
345 114 5 6
328 114 6 8
332 94 5 7
346 95 6 7
348 88 5 7
323 99 7 8
336 146 7 4
331 154 7 7
326 138 5 6
335 128 7 7
357 148 4 6
375 147 8 10
372 159 5 4
372 168 7 8
363 164 6 6
356 160 6 6
349 154 5 7
342 161 4 5
339 170 6 7
325 164 6 8
398 152 7 8
410 165 7 8
404 176 6 8
395 162 7 10
387 171 6 7
405 196 9 11
399 192 6 6
395 200 6 6
391 213 8 10
380 202 9 6
430 210 8 6
436 196 7 9
441 210 7 9
451 213 9 9
446 223 8 8
454 231 7 10
462 203 5 7
413 206 8 8
405 221 6 8
417 241 7 9
428 249 5 6
441 249 9 10
450 268 5 9
442 278 6 7
429 282 6 9
433 293 4 6
428 304 7 10
417 313 9 12
396 280 8 9
426 274 6 7
414 263 8 9
413 249 9 11
430 260 7 11
399 235 4 7
391 254 9 9
380 248 9 10
372 258 7 9
365 275 8 11
359 264 9 11
362 294 7 10
344 309 8 9
337 294 10 9
325 294 6 7
325 309 8 12
339 271 7 11
351 258 5 6
354 246 9 11
376 239 7 7
376 227 2 7
384 229 7 9
372 217 5 7
360 205 6 8
352 209 7 7
332 227 7 6
324 248 7 9
326 213 3 10
324 235 7 9
342 207 6 8
332 192 6 9
353 196 6 9
348 192 5 8
352 183 8 9
343 179 4 6
325 177 4 7
358 180 8 8
399 270 7 9
400 300 8 7
356 56 4 5
505 87 6 8
491 205 4 6
740 3 7 5
23 231 8 9
35 227 6 9
60 232 8 6
92 229 7 8
77 223 6 7
78 235 6 7
93 244 6 8
68 248 6 8
81 268 5 6
79 247 5 7
104 263 4 5
101 223 5 6
108 229 5 9
111 218 3 6
122 219 4 8
128 225 4 7
139 237 5 8
146 231 6 10
146 216 4 7
133 246 5 5
129 252 5 8
121 259 8 8
138 263 6 8
134 275 6 8
129 288 8 13
137 285 5 7
110 284 7 8
102 273 6 8
87 275 6 6
97 287 7 8
98 303 7 11
118 308 6 13
81 316 8 11
75 299 8 12
69 286 6 4
52 284 6 7
66 261 5 8
49 266 6 8
38 246 6 9
28 244 4 8
20 251 8 8
12 262 6 11
0 248 2 8
0 238 5 6
0 220 4 8
15 222 4 5
46 244 5 8
59 225 5 7
21 274 6 7
18 284 6 11
15 292 8 10
13 306 8 12
36 317 5 7
50 322 5 6
58 294 7 10
67 297 5 10
41 333 7 10
26 333 7 8
14 328 5 9
9 343 6 11
22 353 7 11
62 350 8 9
70 338 6 8
102 339 7 11
113 323 6 8
122 330 5 8
109 339 5 10
103 357 4 7
104 373 6 6
86 370 6 8
50 368 4 12
36 383 8 11
42 397 6 10
17 388 6 9
2 378 4 9
10 410 10 13
43 411 6 8
36 422 6 9
29 436 10 14
0 428 6 15
32 451 5 10
44 453 9 14
2 461 8 11
17 465 6 12
40 469 7 13
72 414 8 11
109 419 6 8
107 437 5 9
134 452 9 9
143 421 7 10
155 430 7 9
162 417 7 9
144 411 5 7
111 406 5 10
121 400 5 10
108 381 7 10
136 383 6 11
174 389 9 12
177 371 5 11
159 356 6 11
146 356 6 10
158 344 5 8
140 332 8 12
152 315 8 10
146 304 6 8
176 307 9 11
179 315 6 10
181 322 7 13
198 324 7 11
176 344 10 13
198 359 7 9
203 397 5 9
174 425 6 11
183 431 7 13
192 445 6 11
220 432 8 12
222 460 9 14
232 474 8 11
250 442 10 12
269 458 8 12
268 430 7 10
254 423 7 11
223 388 9 12
275 389 8 8
269 379 7 10
242 345 9 11
227 339 8 9
212 336 9 12
220 317 8 7
231 314 9 13
242 322 7 11
0 91 5 6
208 196 7 10
190 352 9 11
23 370 5 11
0 319 5 10
30 305 6 11
76 380 8 11
228 9 6 6
314 13 5 7
327 16 4 5
373 97 5 6
320 204 8 9
461 164 7 9
306 264 8 10
385 311 9 12
468 478 10 14
377 408 9 14
646 35 5 6
696 5 4 6
935 30 6 7
724 238 9 9
737 207 7 8
590 455 7 9
597 639 13 22
790 134 8 10
820 23 6 6
671 350 8 12
719 366 7 12
396 128 5 6
296 402 9 14
286 397 8 14
298 417 8 13
291 441 9 14
312 433 11 14
323 464 9 11
357 444 9 13
374 453 9 12
364 406 11 11
353 391 8 11
361 377 10 12
367 350 11 15
166 375 6 9
326 396 10 14
356 428 12 12
62 429 7 10
183 472 8 11
131 436 8 9
180 224 7 8
209 236 4 7
332 241 7 10
390 319 7 6
389 325 9 13
403 339 8 12
435 327 8 8
445 335 7 9
456 309 6 7
470 319 7 8
457 341 9 14
472 346 5 8
481 335 10 7
495 338 5 7
506 325 6 10
514 330 9 12
536 327 7 7
540 342 6 9
542 356 11 11
522 348 11 11
493 351 7 11
483 361 8 12
478 353 7 12
432 365 11 12
395 370 10 11
433 377 10 8
449 384 8 13
464 391 12 13
483 399 11 15
487 378 10 13
497 391 10 9
502 403 9 11
521 398 11 13
535 380 7 10
562 386 11 14
558 368 8 11
555 332 8 11
551 320 8 9
571 340 8 11
558 350 10 11
598 347 8 11
591 317 9 11
418 397 12 16
394 396 10 13
394 385 8 8
395 422 9 12
406 428 10 15
415 436 11 12
423 423 8 11
440 413 8 11
450 426 9 14
469 435 8 11
491 449 11 13
503 437 12 15
505 426 8 11
535 435 12 12
551 433 10 12
537 448 11 13
551 460 13 14
506 472 11 12
529 483 14 13
563 495 12 16
578 474 12 14
599 483 10 14
604 510 11 14
557 515 10 12
547 533 13 13
530 531 8 11
538 520 9 11
506 500 11 15
469 504 12 15
470 464 8 10
472 488 8 13
437 503 9 14
415 474 11 11
430 447 11 13
390 463 12 14
350 494 10 14
394 505 10 13
337 475 8 9
324 480 6 13
325 495 10 16
308 534 10 18
331 545 8 14
355 523 8 14
368 525 10 15
390 545 7 13
381 570 9 16
376 561 11 15
365 589 10 15
372 579 8 11
346 608 10 13
309 609 11 15
310 590 7 12
392 610 10 12
485 616 9 8
503 610 13 17
479 599 10 13
475 574 10 10
434 537 8 14
465 559 9 14
480 536 10 12
399 528 11 8
533 554 12 14
554 591 7 14
560 581 8 12
560 565 9 13
586 588 10 14
600 614 7 12
716 624 12 17
756 597 12 17
715 576 14 18
718 558 12 16
741 532 10 14
759 556 8 10
764 560 10 14
679 542 12 18
662 527 13 15
635 514 13 15
651 494 11 15
670 508 10 11
689 486 11 12
709 497 7 12
722 491 11 13
720 512 11 14
758 495 11 17
804 526 10 13
811 577 11 14
813 462 10 15
811 446 8 15
776 457 9 13
752 443 11 12
766 424 9 14
736 395 9 12
716 426 10 13
718 445 10 10
715 469 11 16
711 459 10 14
696 472 11 12
691 448 10 16
675 431 13 18
643 472 10 14
658 465 7 11
639 444 11 13
607 461 10 15
579 446 8 10
603 441 8 16
620 438 8 12
605 424 6 10
574 412 5 12
580 402 8 10
620 403 10 13
611 399 8 12
648 410 7 13
651 421 11 15
656 402 11 12
670 393 9 11
687 385 11 13
672 383 10 10
678 363 9 14
632 367 14 12
574 363 7 10
600 375 10 13
623 338 8 8
638 328 8 10
653 349 8 11
672 337 7 10
696 340 8 13
693 356 7 13
703 364 8 14
732 351 8 10
771 364 5 11
789 388 11 13
804 364 5 12
799 345 11 19
797 332 9 9
796 318 4 7
808 309 5 5
805 295 8 11
758 334 11 13
780 327 5 8
751 318 7 12
733 324 10 13
714 338 8 12
707 324 8 11
709 315 9 10
726 376 7 12
700 404 6 6
700 416 7 11
699 424 10 12
783 383 6 13
775 346 10 14
372 487 12 14
107 455 10 14
120 480 12 15
135 478 9 4
141 489 11 16
167 513 12 14
183 495 10 14
247 479 9 13
257 490 12 15
285 476 9 10
275 513 11 14
272 563 11 17
296 575 9 12
262 603 13 16
228 597 13 15
226 583 10 11
255 549 11 15
245 524 10 14
214 512 10 15
200 522 10 12
230 542 9 11
199 555 11 17
172 550 10 15
155 536 7 14
119 527 9 16
137 552 6 12
117 557 9 13
141 542 6 13
152 575 9 14
188 589 10 17
201 614 5 10
155 615 10 17
136 611 8 11
103 581 9 17
64 592 9 15
80 611 7 20
119 600 8 14
67 630 10 13
111 632 10 14
92 651 6 13
57 546 9 16
43 505 8 11
46 575 6 11
174 648 7 12
183 630 9 10
230 640 13 19
220 621 11 15
284 654 9 14
295 631 9 12
322 621 12 14
332 649 14 19
382 650 13 12
418 649 11 10
436 622 9 16
506 644 11 19
511 633 14 14
602 647 15 21
639 653 12 16
704 653 9 15
728 636 12 15
779 648 12 18
773 634 13 11
798 629 11 15
813 602 10 10
816 537 12 14
831 512 12 11
818 496 8 14
827 474 7 14
819 431 9 14
843 434 9 14
788 2 5 4
794 11 2 3
800 8 3 3
803 3 3 2
811 7 4 6
819 4 2 3
823 8 3 5
817 16 4 5
806 16 4 5
800 27 5 6
810 33 3 4
834 19 4 4
844 4 3 4
852 7 4 6
856 9 4 6
860 14 4 4
849 29 4 5
871 27 6 7
864 31 6 6
882 24 4 5
881 13 4 6
878 4 3 7
867 2 3 4
882 4 6 6
894 12 5 8
894 7 5 6
900 4 5 1
911 14 5 5
916 7 5 6
921 2 6 6
930 11 3 4
922 23 4 6
902 24 4 7
907 19 3 4
924 18 5 4
946 23 4 6
949 16 5 5
962 12 6 7
975 9 5 5
984 3 6 6
988 13 4 5
992 8 5 2
996 13 4 4
1004 7 4 5
1008 2 4 4
996 19 3 5
1006 20 6 7
981 17 5 7
999 35 4 3
987 28 4 5
972 31 5 4
982 41 6 5
1003 38 4 4
1010 46 3 5
1014 26 4 4
1017 11 5 7
1018 64 6 8
1007 75 6 8
989 47 4 8
1003 53 4 5
988 63 6 6
982 59 5 6
971 63 6 7
977 47 4 6
968 53 4 5
947 36 5 4
972 74 6 6
979 76 6 8
963 69 6 6
955 70 6 7
948 77 7 8
948 66 5 8
948 59 7 8
939 69 6 6
933 64 4 7
928 73 4 7
925 68 7 7
926 60 6 4
934 48 6 6
946 44 5 5
931 40 5 6
922 36 4 6
922 49 6 8
915 64 5 7
913 71 6 7
906 43 6 6
903 49 6 9
880 65 5 7
873 46 4 7
878 44 7 7
880 38 6 6
863 42 5 7
859 50 4 6
852 41 3 4
837 47 8 6
822 57 6 8
819 52 5 7
812 49 4 6
803 51 6 8
806 42 6 8
827 5 3 6
839 59 7 7
866 56 5 4
859 68 6 6
865 66 5 6
854 76 4 4
836 69 6 8
823 69 5 7
821 79 4 6
815 75 6 5
815 65 6 7
798 70 4 7
791 67 6 7
789 61 4 8
795 79 4 6
801 88 5 7
810 92 4 4
808 97 4 6
819 106 5 7
827 111 7 8
805 119 7 10
804 108 7 8
845 93 10 8
861 89 6 7
857 82 6 6
868 76 6 6
889 76 6 4
889 87 7 8
889 105 7 9
871 91 5 7
857 119 8 8
852 108 6 8
859 104 4 6
918 98 5 7
916 88 6 8
931 87 7 7
950 92 5 6
940 101 5 7
928 108 4 6
934 116 6 8
946 120 5 6
951 112 5 7
961 105 4 6
960 117 5 7
979 125 6 7
978 101 5 7
965 97 6 7
974 93 4 6
972 86 5 8
993 94 6 8
1001 83 6 8
1002 103 7 9
1012 93 6 9
1016 106 5 9
1000 117 5 7
1002 126 4 7
1017 131 4 8
995 142 7 9
979 139 6 10
963 132 7 7
954 126 6 8
942 137 8 9
945 147 6 11
963 150 6 7
973 159 7 11
999 174 6 7
1010 179 6 8
1016 159 6 13
998 199 10 10
997 191 4 8
977 186 7 8
984 176 7 10
966 166 7 9
958 178 7 8
950 173 6 8
949 161 7 6
937 172 6 8
921 170 6 8
922 159 6 8
911 139 8 11
930 136 6 8
894 158 5 8
905 167 6 7
887 150 4 6
864 144 5 6
874 142 6 7
855 135 7 7
829 130 6 8
832 122 4 3
835 143 5 7
802 144 7 10
801 157 6 8
794 167 8 8
813 168 6 8
819 161 6 7
844 152 7 7
849 159 6 8
879 169 6 8
886 163 4 6
879 152 6 8
900 178 4 8
890 176 6 10
887 187 4 7
875 192 7 9
860 201 8 8
861 181 8 9
850 173 6 6
843 192 7 8
848 198 7 10
877 123 10 8
896 197 5 8
903 191 5 4
915 194 4 6
936 195 9 12
941 185 5 7
951 213 6 5
960 202 7 9
971 201 6 6
982 211 3 9
971 223 5 6
994 231 6 10
1006 234 8 8
1003 217 8 7
1017 244 4 8
997 254 7 8
1007 264 4 8
1006 276 6 8
1014 303 7 11
1004 307 6 5
1012 328 7 6
1016 338 7 10
1015 350 9 12
982 352 7 10
989 324 10 8
972 315 9 8
971 304 8 9
980 298 8 9
993 286 7 8
971 280 8 11
950 293 7 12
946 324 5 11
952 334 9 13
965 345 8 8
948 358 6 6
918 354 8 10
930 332 7 10
923 317 8 11
937 312 10 11
925 290 9 13
939 283 9 11
951 274 8 12
949 264 7 7
979 263 6 9
980 255 6 7
975 242 9 8
973 235 6 7
941 227 7 8
958 218 9 12
939 211 8 10
914 206 7 8
920 224 8 9
932 226 7 10
936 250 7 8
927 257 8 7
918 243 7 11
907 238 8 11
903 227 8 10
895 214 8 11
912 284 7 11
898 303 8 11
914 306 8 12
921 338 6 10
891 341 9 12
887 361 10 10
870 349 9 13
881 332 10 12
864 325 9 10
874 312 8 10
865 302 8 11
883 292 8 11
894 284 8 10
892 263 8 11
891 247 8 13
880 244 8 12
880 227 7 8
884 212 7 10
863 221 8 9
862 208 8 12
857 239 8 11
852 250 10 16
851 273 7 11
849 267 9 8
839 248 8 11
851 288 9 13
871 286 7 12
879 259 8 10
854 311 8 8
837 310 8 10
834 324 7 11
836 331 7 10
845 349 4 12
843 340 9 10
858 342 8 13
817 312 10 10
828 309 8 9
832 296 7 11
821 283 6 8
811 267 8 9
790 272 11 12
801 250 8 10
814 254 7 9
810 240 9 8
840 232 8 10
835 213 8 10
817 227 9 8
815 215 6 10
800 221 8 10
795 202 8 8
797 190 9 8
815 202 8 11
821 185 8 9
777 222 6 10
898 81 6 10
755 375 7 12
787 407 9 11
842 405 6 8
847 391 8 10
849 367 6 11
811 373 6 10
913 370 7 8
930 371 7 10
921 382 10 14
971 384 9 11
996 371 7 10
1003 388 8 14
988 423 13 14
982 404 9 9
963 403 9 10
955 441 8 14
999 448 9 13
1014 435 7 12
1004 459 9 12
969 461 11 13
938 454 10 11
912 448 12 13
887 442 10 14
869 434 11 15
863 412 11 13
904 411 10 11
896 401 9 11
895 385 9 12
933 426 11 14
894 463 11 15
940 503 10 13
927 482 7 13
917 468 12 14
973 481 9 11
985 488 10 14
1016 515 7 11
1013 498 8 12
990 511 10 12
983 532 12 17
1011 545 9 16
984 573 9 15
955 596 10 13
937 554 11 15
881 493 11 14
878 503 11 15
872 525 11 17
851 489 10 14
864 474 9 12
868 552 9 14
878 564 11 16
949 613 12 14
920 634 10 16
895 608 12 18
854 622 11 15
826 606 11 14
945 390 11 10
878 405 10 8
959 636 14 14
998 640 9 13
21 558 10 12
25 609 9 15
20 577 11 16
15 639 13 15
650 388 9 15
859 453 8 15
565 262 7 9
963 526 10 11
162 459 8 13
114 465 11 16
375 370 10 15
360 238 6 7
359 228 6 7
420 349 5 8
420 359 7 12
510 371 7 12
530 499 10 10
430 490 9 14
416 492 8 14
549 489 10 16
203 308 8 10
180 283 8 11
172 293 6 8
152 292 8 11
164 274 8 10
163 268 6 6
155 255 6 8
191 267 9 11
208 282 7 9
176 250 6 9
162 248 5 8
168 241 7 8
193 240 8 11
206 251 6 9
226 259 7 8
222 272 6 8
229 291 7 9
243 299 9 8
261 282 5 6
240 253 8 11
241 239 6 7
231 225 8 8
220 246 6 7
205 220 7 10
198 227 7 9
194 216 8 8
245 217 6 6
257 241 8 6
257 224 7 8
270 239 8 11
280 220 6 8
