163 443 52 54
250 386 35 41
33 369 53 54
122 279 30 34
0 290 18 38
5 276 27 33
337 255 35 40
228 269 40 42
131 238 31 29
324 335 36 43
102 206 17 23
64 221 23 23
16 208 19 23
41 217 15 19
0 196 11 19
41 181 15 18
54 187 20 22
82 186 18 22
137 182 19 19
160 167 12 15
271 179 15 17
235 159 12 16
215 157 9 11
202 156 9 10
192 152 6 7
206 177 11 10
198 214 11 12
166 192 16 16
177 176 11 13
80 168 11 13
45 158 9 10
466 277 36 47
508 277 29 34
514 249 23 24
582 241 27 33
701 275 28 44
574 218 21 26
462 240 23 23
537 205 17 22
464 194 20 28
586 187 16 20
592 176 15 15
569 187 13 14
538 176 16 17
553 172 11 15
622 178 8 14
379 188 25 28
417 171 11 12
619 156 8 8
635 157 6 10
609 155 5 7
734 325 31 42
971 267 33 36
817 267 26 33
744 222 22 25
910 241 21 29
967 220 19 19
988 214 14 15
749 183 12 14
762 185 13 16
805 164 11 13
843 165 10 12
788 240 15 22
692 214 14 18
697 167 11 11
955 190 9 13
934 201 15 16
26 175 13 16
478 245 26 37
888 152 13 19
