222 284 9 11
269 276 9 9
296 264 10 9
317 213 6 8
326 282 8 9
363 284 9 8
378 281 8 9
389 312 9 9
429 301 7 10
428 262 7 8
457 278 7 7
176 316 31 41
272 315 34 30
332 306 32 28
418 322 31 29
235 523 52 51
375 463 52 51
483 541 60 96
603 463 41 46
337 477 32 41
748 508 89 96
721 409 46 51
776 395 18 20
794 390 13 22
862 471 30 38
960 481 60 41
879 484 35 43
826 398 17 19
834 380 16 20
906 436 16 16
924 441 10 12
930 426 15 12
953 432 19 13
996 444 19 16
980 443 13 13
665 365 22 20
695 360 19 28
628 343 18 25
605 319 27 24
526 360 21 31
508 304 29 27
440 313 8 8
62 346 21 21
117 363 21 25
9 349 34 35
1018 428 6 8
847 396 7 8
422 270 6 8
427 297 6 5
284 289 6 7
