404 462 8 9
329 416 8 8
116 455 9 11
87 454 9 12
0 440 6 19
25 461 9 12
37 452 8 13
50 445 7 9
238 722 10 13
239 685 9 10
205 685 8 10
116 724 7 11
301 703 8 9
469 737 9 12
487 724 8 9
491 738 6 10
406 726 9 11
355 750 10 12
401 838 15 21
536 809 13 16
524 806 12 14
504 746 11 12
534 734 10 15
553 733 9 8
517 739 6 8
472 768 9 9
469 790 12 17
330 732 10 12
446 735 9 12
396 749 9 10
805 701 8 10
602 772 10 10
623 744 8 11
599 741 8 11
590 727 8 11
785 730 9 10
652 727 9 11
652 742 10 12
598 790 8 14
767 736 8 10
1012 715 10 11
946 715 8 9
881 713 8 8
986 697 8 8
807 735 11 11
820 736 8 10
840 742 8 9
901 783 9 11
1005 791 14 13
971 797 11 12
1005 840 10 11
970 869 18 16
930 711 7 9
725 733 8 9
685 730 8 12
626 786 9 13
706 775 7 9
302 732 8 11
640 886 25 40
626 873 21 27
