3 388 42 58
72 383 70 70
207 305 58 58
229 260 43 44
281 249 43 42
344 229 42 46
160 252 38 43
70 298 41 42
63 250 19 22
91 238 20 22
100 232 16 20
170 224 13 21
211 211 14 14
241 222 18 18
270 205 17 16
319 203 21 20
334 182 11 13
400 177 16 20
381 198 15 14
446 205 25 21
455 233 21 26
456 270 27 26
377 307 42 41
498 246 33 39
512 281 41 50
539 238 41 53
524 165 27 31
452 169 12 15
413 160 6 12
556 135 10 14
596 168 32 41
617 121 12 16
643 119 11 15
660 136 20 20
664 156 21 26
649 189 27 39
654 251 47 52
600 300 39 68
468 148 7 8
744 284 61 85
776 224 48 46
886 199 81 97
852 244 37 52
866 195 39 44
722 191 30 35
678 198 48 56
719 158 26 29
695 123 15 16
706 97 13 15
779 114 27 37
755 97 16 18
809 90 9 10
857 119 22 25
928 79 15 16
944 76 12 13
906 71 15 18
877 85 12 15
1001 57 11 16
1013 69 10 20
980 114 37 37
999 157 25 46
993 487 31 116
949 91 18 20
778 187 36 38
