82 384 9 9
94 394 9 10
116 385 8 9
182 406 8 11
196 452 7 11
170 441 8 10
156 464 6 9
110 488 6 7
104 441 6 8
71 443 5 13
121 509 13 11
136 515 9 9
153 489 11 12
160 476 11 10
160 503 12 14
179 497 9 9
192 508 9 11
192 488 9 9
189 530 11 14
166 574 11 15
153 560 11 13
131 540 9 12
80 583 11 14
83 649 16 25
237 562 11 17
425 624 11 15
457 544 11 16
473 545 12 14
424 532 11 16
363 424 8 12
391 414 9 12
411 415 8 9
422 411 8 12
410 396 8 8
381 399 9 10
376 385 6 11
384 375 9 11
402 385 7 10
414 372 8 11
429 389 6 10
400 369 8 6
346 392 6 7
346 380 8 6
329 408 8 11
312 413 9 12
321 397 9 11
319 376 8 9
442 367 6 11
432 366 6 12
525 391 4 9
531 379 5 11
541 383 4 9
558 393 5 14
584 388 7 11
576 369 6 11
590 365 4 5
617 371 7 8
624 402 5 10
634 429 6 12
601 455 4 11
585 459 9 11
580 467 6 14
560 510 9 14
498 482 8 15
478 462 9 11
449 461 12 16
374 459 6 14
477 492 11 16
586 548 14 21
600 571 7 18
583 571 11 15
613 600 9 19
629 563 14 24
673 398 8 11
595 353 7 10
627 351 6 8
743 414 8 10
774 385 8 11
794 369 6 10
798 359 6 8
757 359 6 12
818 358 6 8
835 365 8 8
848 353 7 10
844 407 8 11
792 405 8 10
815 435 7 11
849 459 12 15
886 473 7 10
895 385 14 20
911 382 16 25
936 385 11 20
934 455 9 10
970 476 10 15
948 477 6 12
937 498 10 14
948 534 11 15
992 509 11 20
897 476 8 15
880 503 12 15
855 581 12 13
908 552 9 16
975 561 14 18
860 631 15 20
831 637 16 22
817 582 12 17
787 586 9 17
808 587 7 17
796 559 13 17
768 578 8 19
755 578 11 17
702 579 9 15
717 544 13 17
680 543 11 17
659 568 12 19
640 548 10 14
763 654 13 16
821 545 14 20
806 530 15 17
826 520 12 17
806 506 13 15
771 525 15 20
752 502 10 16
728 531 11 12
699 485 5 11
650 484 9 16
842 377 6 9
739 347 5 8
750 349 6 5
1 462 9 13
60 453 5 12
203 477 12 14
212 496 9 14
46 322 6 9
39 309 8 10
109 303 7 9
101 299 6 9
114 290 6 7
152 305 7 8
143 303 5 8
170 343 8 10
203 327 5 8
192 340 6 10
214 323 5 8
219 320 6 8
209 306 5 7
183 291 6 9
172 269 4 8
158 272 4 7
145 271 7 8
147 283 6 7
205 263 6 7
192 256 6 8
176 246 6 6
232 259 6 7
225 268 3 7
282 293 5 9
301 296 4 8
289 281 5 6
311 278 4 7
298 267 4 5
290 264 4 6
282 267 4 4
275 252 4 4
283 258 3 6
270 263 5 7
260 255 6 6
245 248 4 6
292 251 3 3
302 257 5 4
312 259 3 4
321 261 2 6
329 259 4 7
334 258 3 5
329 253 3 4
329 280 5 4
336 313 5 7
348 315 3 7
352 340 3 8
351 359 7 14
343 352 5 8
334 350 7 10
341 374 4 8
389 355 6 7
397 353 4 8
418 357 7 11
394 330 7 8
387 332 4 7
374 325 7 7
405 304 5 7
414 303 4 6
411 290 5 6
414 282 3 5
407 281 3 6
396 290 5 7
413 273 4 3
401 258 3 6
392 256 3 5
382 257 4 6
383 251 4 2
453 356 11 13
437 337 6 11
450 332 10 10
459 319 8 11
440 324 7 6
421 336 4 9
428 336 6 11
426 351 8 9
523 358 4 9
553 352 6 10
576 353 8 8
578 338 7 7
601 326 5 10
580 312 6 7
571 315 6 9
559 320 6 10
557 331 7 8
539 342 7 8
531 333 6 7
519 323 9 10
524 306 9 8
509 290 4 6
567 279 8 9
572 300 5 8
581 294 6 6
593 297 6 6
616 308 3 8
619 294 5 8
616 289 4 4
603 277 5 7
617 272 6 7
632 291 7 10
632 336 5 5
627 324 6 4
686 279 5 7
717 312 5 9
728 299 7 9
759 300 4 7
770 308 3 5
774 313 4 9
768 323 4 8
750 341 7 6
713 304 6 6
739 252 5 6
746 253 3 6
752 253 4 6
760 252 4 7
800 287 18 28
237 291 5 9
212 246 6 8
12 301 5 12
102 471 7 12
146 379 7 8
73 340 6 9
