251 363 27 32
267 315 15 20
288 306 10 15
174 332 20 28
233 326 13 13
7 321 19 15
161 372 10 12
254 308 12 12
46 443 133 118
416 534 99 136
617 365 31 42
542 359 19 30
505 375 21 23
491 326 11 23
499 325 8 15
440 344 12 14
424 330 16 29
400 335 13 18
456 320 9 10
484 322 5 12
371 324 13 15
400 312 12 12
379 352 24 31
685 365 14 23
768 347 24 32
738 314 13 17
744 309 10 13
710 327 8 11
827 341 11 15
702 372 43 47
874 326 11 14
904 341 17 23
919 328 16 20
935 348 21 16
885 316 10 14
898 315 9 12
940 317 9 11
959 313 7 10
909 308 8 9
965 383 23 20
994 322 6 6
550 317 13 15
950 629 73 55
678 334 18 27
858 306 8 12
372 293 18 23
38 340 17 20
33 323 18 15
58 367 28 21
220 329 11 16
954 318 8 10
818 358 11 10
451 323 7 8
