68 532 11 22
6 538 15 28
15 634 16 34
167 673 20 25
243 659 26 31
269 484 9 20
228 357 5 8
299 356 5 9
307 357 6 9
321 359 6 9
344 370 4 7
285 354 5 8
274 363 4 7
242 371 5 6
241 378 6 8
249 379 6 8
257 369 6 8
268 375 4 9
279 371 7 7
293 366 6 6
266 433 9 15
300 369 7 6
305 374 6 10
234 387 11 11
223 392 5 9
288 385 7 9
293 391 7 10
300 389 6 9
305 389 8 9
327 380 6 9
286 407 8 11
291 402 6 9
305 402 10 11
287 422 7 9
319 395 9 10
338 394 8 10
321 406 8 11
265 396 6 9
244 451 9 8
309 421 11 11
305 434 8 12
293 481 9 15
306 498 9 20
350 516 14 22
268 408 7 10
253 399 7 8
353 364 6 8
356 386 7 9
372 391 6 8
361 403 7 11
336 405 9 10
331 373 6 6
363 376 4 9
379 364 6 8
417 359 5 6
425 359 5 7
411 366 7 7
381 377 6 7
379 391 7 9
393 385 7 9
387 404 6 10
369 418 8 10
387 425 7 11
371 460 12 14
395 499 11 15
368 472 9 15
436 361 6 8
446 363 6 7
462 360 6 7
480 360 7 7
476 375 6 8
455 373 6 10
426 367 6 7
448 383 5 7
419 378 7 7
412 383 7 8
407 380 7 9
404 392 6 9
396 421 5 11
426 403 7 10
433 409 8 11
435 433 10 17
400 443 7 9
456 432 6 10
503 433 9 12
497 467 11 17
457 478 12 15
279 531 19 21
65 358 6 7
73 356 4 4
70 366 5 6
76 371 6 7
70 386 6 8
76 380 7 10
91 381 5 6
87 388 4 5
93 390 5 5
126 373 6 8
114 380 5 7
133 384 4 7
108 395 6 8
164 378 6 7
177 369 6 7
162 385 6 8
147 393 6 7
64 375 5 7
59 371 4 7
8 371 6 6
15 350 5 8
60 402 9 13
176 394 6 8
169 397 7 10
160 406 7 10
168 418 5 11
140 409 7 11
134 405 6 10
95 425 10 12
119 429 7 10
142 447 7 11
95 440 6 10
96 470 11 15
68 466 10 11
126 473 10 16
145 479 17 20
100 499 13 20
185 382 6 7
434 378 6 7
495 427 6 10
539 437 10 13
560 439 10 16
583 425 10 13
591 455 12 14
522 565 9 20
506 567 18 23
593 504 7 13
459 654 27 39
249 425 6 10
619 424 9 13
684 450 11 16
709 456 7 15
720 456 11 15
695 468 6 8
774 470 13 20
816 475 13 20
704 488 9 14
768 501 6 16
743 530 16 17
691 584 17 22
800 536 11 23
878 402 5 9
920 404 9 13
1003 477 9 16
863 462 14 18
854 494 14 18
899 542 16 23
937 645 27 36
951 704 21 41
223 411 5 9
114 368 5 8
141 372 5 7
178 425 7 9
426 345 6 7
459 347 9 13
887 465 8 15
961 413 5 9
