963 474 50 61
982 554 37 52
842 568 42 53
758 462 35 49
781 492 30 38
730 497 34 40
677 464 29 39
733 434 35 40
671 412 36 42
867 447 37 40
894 399 43 51
675 652 62 33
494 452 34 43
458 486 30 53
62 590 44 51
178 569 41 51
210 500 48 51
288 550 36 54
914 307 26 33
849 297 16 20
869 297 18 25
868 282 18 19
808 248 23 25
886 243 23 31
758 380 34 43
732 382 29 33
691 352 32 38
677 353 24 30
871 374 22 30
459 403 26 43
418 382 36 41
342 421 29 36
17 417 26 41
297 338 28 37
258 331 29 37
272 302 32 35
159 289 23 31
98 289 25 28
15 221 26 28
107 199 20 22
67 204 19 21
90 243 22 28
95 561 41 55
128 228 14 22
291 228 12 15
223 218 20 26
298 277 24 30
685 66 13 14
668 13 9 11
619 9 11 12
812 70 12 14
766 69 11 14
867 7 10 14
762 221 10 12
776 256 30 40
439 557 27 60
