923 338 30 33
873 350 27 26
897 342 22 22
855 325 21 17
935 293 22 23
992 312 16 16
977 302 11 12
812 379 37 39
783 331 28 31
692 326 29 33
659 374 34 34
647 299 21 17
651 329 22 20
728 305 18 25
760 316 18 20
733 342 20 21
977 336 21 22
991 362 33 30
895 412 40 29
565 381 32 39
468 378 33 36
328 356 35 40
332 324 20 19
402 324 19 19
378 312 25 28
442 336 15 23
534 310 23 25
598 290 12 16
593 360 26 25
519 284 9 11
580 282 8 10
488 292 9 10
418 295 16 15
375 270 8 10
309 281 14 19
623 289 12 13
46 346 42 36
237 349 22 31
277 346 33 23
189 312 20 19
148 290 23 21
254 299 17 17
176 284 16 16
44 310 30 28
192 274 10 12
264 280 13 12
1009 292 12 12
