35 167 6 7
23 172 7 7
47 179 7 7
64 182 12 10
32 202 12 12
50 212 13 14
60 220 13 14
62 238 12 16
91 224 14 14
88 220 7 14
108 200 14 14
225 222 9 12
244 219 9 12
206 219 8 12
223 216 12 11
172 218 10 10
253 189 9 11
266 192 10 12
306 183 8 8
296 189 6 7
298 204 8 12
143 298 20 23
185 289 18 21
209 293 13 19
192 327 19 20
166 361 14 23
232 305 19 24
261 299 11 15
287 287 14 22
318 310 18 25
320 292 17 17
334 276 15 20
373 299 17 20
378 312 19 24
334 221 10 11
338 236 10 12
353 234 9 11
315 252 10 16
326 233 7 14
399 246 14 13
416 294 18 22
441 269 18 20
444 251 12 16
437 305 20 23
440 326 19 23
470 321 19 24
458 288 19 25
523 339 22 30
501 286 13 23
493 252 13 16
520 294 21 24
511 259 9 14
572 387 24 31
562 344 21 24
595 345 20 24
619 353 24 31
504 233 9 11
523 228 9 8
513 222 10 11
667 247 13 16
644 302 23 22
647 327 24 27
677 309 21 18
674 328 18 23
679 347 21 24
700 368 27 28
699 329 21 18
727 348 20 25
740 265 12 14
717 307 16 22
759 362 26 26
769 409 25 25
799 360 23 29
795 330 24 25
825 317 15 21
846 355 24 29
867 400 26 29
910 350 29 32
947 421 31 31
987 384 20 24
953 316 14 21
761 281 17 18
741 245 11 13
765 259 10 15
759 238 9 9
961 238 8 15
992 239 13 15
986 288 18 20
813 290 9 18
823 261 12 15
840 263 13 13
844 284 7 16
878 372 10 18
904 332 7 15
732 232 10 12
740 212 8 8
743 198 6 10
795 208 5 8
786 195 9 9
774 194 7 8
762 200 6 6
751 199 6 8
816 232 8 10
798 194 5 6
817 202 6 9
824 204 8 8
831 214 9 9
833 202 7 8
866 232 10 10
858 212 9 9
886 188 8 10
798 189 6 5
1016 298 7 21
600 325 21 29
649 255 12 16
471 274 18 17
