927 77 34 44
845 170 52 62
797 99 31 40
731 0 24 26
670 131 32 42
590 261 49 66
541 241 37 49
506 187 33 43
555 22 17 24
497 37 18 23
363 222 34 41
436 83 15 17
401 75 14 20
376 68 11 18
441 5 10 13
396 2 10 13
356 8 10 14
317 14 11 14
336 85 10 12
275 32 9 15
373 132 26 32
292 160 15 19
262 154 21 23
291 195 22 25
587 122 20 23
240 281 34 42
111 289 37 41
127 232 36 42
116 222 24 27
0 273 26 34
55 221 20 24
63 195 16 19
71 183 16 18
112 178 12 12
115 212 13 17
124 196 16 16
128 210 17 17
178 211 10 14
182 172 17 20
70 115 15 21
104 105 12 17
92 118 10 9
64 107 6 8
128 101 10 14
203 57 9 13
234 59 10 12
281 108 9 10
239 113 17 16
166 110 12 14
146 74 9 11
131 83 10 11
104 81 10 12
24 139 11 13
201 111 11 13
