797 141 17 22
729 139 13 16
711 128 18 18
650 132 14 17
663 138 14 17
783 133 18 24
511 271 28 30
540 246 23 28
575 299 41 47
548 210 16 18
606 173 14 19
462 266 26 30
472 235 23 28
530 236 22 24
520 222 19 19
513 204 13 14
494 352 59 73
474 306 48 57
397 442 101 113
320 322 56 68
199 322 49 62
159 393 53 69
221 520 67 68
56 54 50 62
205 116 17 15
182 61 17 25
19 15 26 31
276 266 23 29
256 238 21 23
189 260 43 50
376 258 30 30
314 228 15 18
930 484 83 85
937 360 58 59
1002 284 22 27
981 247 28 32
834 316 60 78
593 131 16 20
454 121 10 14
452 110 12 12
422 100 12 13
414 103 9 11
620 247 18 22
272 194 14 19
628 259 20 27
