198 224 16 16
634 33 31 43
669 84 38 49
86 489 6 7
96 486 5 5
127 486 5 7
135 477 5 4
162 481 6 7
108 508 17 23
79 507 7 10
102 499 19 17
204 492 9 12
227 485 10 15
255 472 8 8
245 495 22 24
275 491 12 18
308 500 9 15
314 486 11 15
359 449 4 7
344 444 7 13
269 479 6 11
263 471 4 9
192 513 9 15
345 499 19 25
315 387 3 6
387 495 16 21
421 471 8 21
449 483 19 29
395 471 6 9
458 464 9 10
475 459 13 18
570 499 22 30
540 471 11 13
522 456 4 7
419 513 22 37
540 453 6 8
579 523 26 39
592 485 16 23
614 481 17 20
676 463 5 8
672 475 16 18
640 479 17 19
749 495 26 40
795 459 10 19
805 453 4 9
715 464 13 21
907 471 21 28
923 460 19 20
929 446 17 20
867 452 7 9
830 461 15 28
808 511 34 37
901 495 28 51
913 431 15 23
642 515 25 33
660 468 16 21
987 361 17 39
38 499 6 8
6 513 17 23
168 523 9 21
219 563 27 35
137 465 4 6
135 529 22 33
57 579 38 46
27 569 24 31
162 595 55 71
265 566 34 43
293 545 14 39
398 557 40 55
484 538 23 44
538 546 44 69
33 481 6 7
41 478 7 9
488 133 13 28
553 85 17 31
