313 579 26 35
391 584 26 37
172 592 24 34
246 552 20 26
169 538 19 26
135 513 11 20
178 509 5 11
185 510 9 14
57 552 18 28
119 549 17 25
78 507 9 15
107 534 18 22
643 631 17 43
452 570 21 30
629 582 24 31
511 563 26 28
491 597 22 31
557 553 15 25
608 564 21 30
325 539 15 23
994 607 26 32
944 573 29 35
797 580 31 36
721 586 20 32
892 523 13 18
689 571 26 23
901 543 22 34
1015 580 9 19
648 516 13 15
617 441 7 9
595 457 8 9
575 548 23 29
502 502 11 13
390 559 19 23
431 500 14 16
249 583 26 29
221 543 22 27
147 435 11 14
58 430 8 12
26 433 10 12
105 426 7 11
171 436 8 9
92 441 7 9
36 424 7 8
379 445 9 11
360 452 9 11
590 504 8 12
880 553 23 29
648 460 11 12
540 439 12 17
612 513 18 18
611 457 9 14
340 555 21 23
148 499 8 12
158 500 8 12
769 567 24 27
34 511 10 19
