942 213 37 40
923 181 17 19
846 276 45 48
935 172 10 15
801 405 68 184
1014 157 9 20
977 173 12 12
858 171 12 15
891 164 11 15
852 176 10 13
844 169 6 11
934 159 4 4
823 212 25 30
831 187 13 11
840 179 10 12
753 275 27 38
666 226 33 44
693 225 12 30
618 218 18 31
696 310 38 49
589 293 35 43
475 333 74 80
275 324 41 47
120 295 47 54
201 410 59 218
28 353 52 57
763 176 10 18
733 173 8 9
713 153 7 8
701 159 7 9
754 164 6 8
776 158 4 5
778 179 6 11
754 148 7 8
649 174 13 15
662 175 10 13
667 189 8 9
680 158 6 7
672 172 8 8
642 152 9 10
626 156 7 9
632 180 8 9
665 152 8 9
618 160 8 9
606 151 7 8
620 151 5 6
640 145 6 6
589 182 9 14
601 162 6 8
579 154 6 8
552 173 10 15
548 154 9 11
567 161 7 8
554 146 6 7
562 151 5 6
585 152 7 7
507 163 7 9
492 183 13 14
480 184 9 12
485 162 5 10
482 156 7 9
495 157 5 6
503 152 6 8
509 154 5 7
469 151 6 8
465 189 11 15
455 172 10 14
463 159 6 8
454 161 5 7
442 157 8 10
455 149 7 9
407 179 12 14
418 155 6 7
430 150 5 7
406 162 7 8
392 151 6 8
387 175 8 11
383 175 7 9
371 191 9 13
376 156 7 8
336 178 10 15
321 162 7 9
339 167 6 8
301 197 8 12
296 180 7 11
300 166 6 8
304 158 8 8
317 181 8 12
264 158 7 9
279 168 7 9
294 164 6 9
241 181 6 10
233 169 8 10
196 170 6 8
213 171 9 9
165 166 7 9
151 190 12 15
206 197 11 11
180 183 7 7
132 169 7 8
111 170 8 9
92 179 9 10
92 167 7 8
96 197 11 13
684 150 4 6
692 156 5 6
697 152 6 5
701 149 6 7
723 152 6 8
730 154 6 9
712 171 7 13
822 162 7 8
811 161 7 7
837 153 3 4
802 154 6 7
880 157 6 6
854 150 5 6
859 147 4 5
