937 443 39 43
991 497 33 48
762 444 39 44
857 407 37 49
938 411 34 43
957 354 32 36
840 374 26 30
704 426 34 40
651 522 42 50
655 466 32 33
881 381 26 32
912 354 26 31
844 333 23 22
801 343 24 25
923 335 21 20
971 308 20 21
936 307 19 21
902 279 18 19
864 306 19 17
998 290 16 20
758 369 24 31
790 326 18 22
812 298 15 17
566 377 32 34
578 334 21 24
618 327 19 22
635 297 18 21
673 262 15 18
589 305 19 21
561 317 19 20
563 292 18 17
598 285 15 15
618 276 11 17
621 251 15 17
567 267 17 16
492 327 20 22
517 293 15 18
480 358 21 26
517 268 14 15
554 263 11 13
579 240 14 15
497 254 12 14
526 245 13 13
651 244 15 16
687 250 16 15
707 242 11 14
730 255 14 17
739 238 13 12
409 410 29 27
465 287 18 20
431 296 21 23
451 271 18 18
401 289 18 20
422 253 13 16
344 336 22 26
381 323 21 23
325 317 21 22
288 314 16 17
291 285 16 18
280 347 19 23
270 320 15 18
277 253 13 16
328 269 14 18
349 270 14 18
389 263 13 13
387 280 12 16
450 255 15 16
438 239 12 14
456 218 12 12
500 235 11 13
483 257 10 12
546 237 12 14
348 239 13 15
375 246 13 17
391 238 13 14
320 243 12 16
286 245 14 14
280 225 12 15
295 218 12 12
334 226 12 14
360 216 13 15
384 221 11 13
400 216 10 13
417 231 9 12
325 221 10 11
266 210 10 11
286 214 8 9
279 198 7 10
306 196 7 10
339 209 6 9
340 196 9 9
374 208 8 10
388 209 9 11
400 204 9 8
381 198 9 11
392 188 9 10
368 193 11 10
360 187 7 9
377 181 8 10
328 189 9 9
345 187 8 9
337 173 6 8
329 169 7 7
321 183 6 8
307 175 7 7
297 180 8 9
272 186 9 8
276 177 8 9
285 168 7 9
312 163 6 9
416 193 8 10
432 206 9 10
425 196 7 11
435 185 8 9
454 195 7 9
469 184 8 10
498 206 10 12
489 203 9 10
479 201 8 11
487 180 7 10
492 174 7 9
468 170 8 10
440 173 7 9
423 169 8 8
413 179 8 8
407 174 8 10
417 164 8 8
394 170 7 6
363 172 6 9
377 161 6 7
354 163 5 7
363 161 6 7
370 155 5 7
343 158 8 8
330 151 6 5
321 155 5 6
343 149 5 7
352 148 4 6
307 158 7 7
293 155 6 8
300 155 6 5
277 166 8 7
255 169 6 9
263 168 5 7
451 162 7 8
440 158 6 8
462 158 7 9
478 148 6 8
595 226 14 14
643 229 12 15
682 227 13 12
670 239 13 15
722 226 12 16
706 217 12 14
761 218 15 15
748 216 12 14
723 204 13 12
741 198 9 11
702 207 13 13
626 190 10 11
612 205 9 11
591 199 11 12
582 224 9 12
561 229 13 13
563 205 11 11
549 217 11 10
538 225 10 14
534 212 9 10
544 193 9 8
572 182 8 10
589 183 9 10
604 187 7 9
615 188 9 11
531 187 9 10
558 178 8 10
544 183 5 6
541 172 7 8
552 169 7 11
504 170 6 7
519 164 10 10
555 163 7 6
565 174 8 8
584 171 7 10
587 161 8 9
564 156 6 7
616 173 6 6
640 171 7 7
649 177 9 10
632 164 7 8
622 160 8 7
663 167 8 9
655 164 6 8
684 197 9 12
659 208 9 9
731 187 7 10
751 181 9 12
765 202 10 12
784 191 10 12
783 235 13 14
785 218 11 14
804 276 15 17
801 249 14 15
801 207 9 12
818 198 9 12
814 182 8 11
800 185 10 11
764 178 8 10
782 180 8 8
752 170 9 9
742 172 8 8
730 177 7 9
706 173 7 8
675 183 9 10
658 188 7 10
699 165 7 9
684 159 6 6
676 148 7 8
662 156 7 9
649 152 6 7
633 146 7 7
663 145 6 9
718 184 7 11
696 180 7 7
727 167 8 9
727 159 7 7
748 149 8 8
722 149 6 5
727 153 7 7
717 159 7 7
992 267 17 18
1007 256 17 18
956 255 18 16
935 275 18 19
900 263 17 16
915 248 15 15
897 239 16 16
843 268 17 16
849 292 18 18
834 255 16 17
859 244 16 16
875 232 14 15
850 232 13 14
824 232 16 16
824 213 13 14
842 212 9 12
857 215 11 14
891 215 11 13
916 212 11 14
949 242 14 16
939 231 18 19
964 232 11 14
949 213 12 13
975 212 13 13
1008 224 14 16
997 227 13 15
1008 213 13 15
968 197 11 13
950 190 11 11
938 203 11 13
924 201 12 13
911 194 10 9
929 186 11 11
895 202 11 11
884 193 11 10
855 202 12 10
848 195 12 12
860 182 8 11
824 182 8 6
889 179 9 8
915 179 9 11
902 180 10 10
904 168 9 10
893 168 10 11
995 200 10 12
1004 191 10 11
1019 182 5 10
999 182 8 10
941 182 11 11
964 162 10 10
941 165 9 7
928 172 8 10
931 162 8 10
919 167 8 10
906 153 7 8
900 158 8 9
887 157 9 10
875 158 9 9
866 175 9 9
854 175 7 7
825 175 8 11
509 181 9 10
514 210 10 12
399 161 8 7
395 154 7 9
533 144 7 7
523 151 5 6
609 147 6 7
625 175 8 9
533 158 8 9
510 165 9 8
667 216 10 11
992 154 7 7
1004 164 6 7
1014 152 8 9
854 159 10 9
854 136 6 8
855 149 8 9
831 163 9 9
425 331 22 25
832 188 10 11
836 179 9 8
427 230 10 12
299 238 12 12
506 196 11 12
