853 449 45 57
970 409 44 39
987 321 37 46
1007 288 17 23
969 275 15 18
993 283 10 12
957 273 12 17
975 263 11 12
934 254 8 10
951 266 9 11
871 320 20 24
907 298 13 20
876 291 13 17
901 281 13 16
904 268 13 15
901 253 8 10
771 394 32 32
758 351 24 30
706 329 15 19
785 300 20 26
762 314 16 20
755 308 8 11
849 289 16 21
773 278 12 14
817 261 7 10
817 288 12 15
807 278 8 9
831 279 7 9
663 287 12 14
706 287 11 14
708 262 9 12
700 286 9 12
683 289 7 15
645 273 8 11
320 366 22 24
282 385 28 33
51 508 70 67
23 453 38 40
22 369 28 31
132 389 27 27
182 391 28 30
112 366 21 24
45 349 11 19
8 333 16 18
78 331 12 15
104 332 12 13
240 323 13 18
169 329 15 18
142 321 13 16
197 327 12 13
283 353 17 20
379 317 16 22
335 323 14 20
334 306 12 16
303 302 13 15
328 286 9 11
274 335 14 18
278 297 10 12
236 308 13 14
223 305 7 11
348 280 7 10
5 309 11 13
116 297 10 12
92 315 12 12
32 313 8 10
43 298 6 8
62 304 10 13
207 293 10 12
194 311 9 10
145 307 7 9
749 276 8 13
475 164 70 86
741 255 6 8
