48 142 191 290
401 396 8 12
372 392 5 4
427 396 8 11
498 398 6 9
509 399 10 12
528 397 5 10
544 402 6 12
553 404 6 10
548 395 8 7
569 405 9 11
562 403 4 9
569 464 12 11
483 503 14 20
467 537 25 30
536 547 21 30
603 463 10 13
657 452 81 113
604 404 7 12
616 404 6 10
625 406 9 11
635 408 9 12
659 402 10 12
665 415 10 12
692 400 9 12
704 414 10 16
742 410 12 12
769 404 9 14
790 409 10 17
799 409 9 13
823 409 12 15
806 477 11 17
792 524 17 24
813 528 20 24
810 497 8 15
847 408 12 17
880 414 14 17
882 435 19 23
841 487 11 19
913 418 15 18
960 415 15 20
973 420 11 15
985 408 11 15
1001 421 13 18
1006 556 18 28
975 584 25 31
936 557 22 29
913 579 27 36
851 579 32 39
367 398 7 10
708 403 10 13
583 400 8 11
679 427 12 14
