409 213 22 21
439 162 17 16
351 190 17 21
402 169 20 21
455 285 36 34
289 207 24 29
318 220 24 22
261 218 26 25
169 209 20 25
197 292 25 29
179 253 25 29
232 225 19 26
358 245 19 28
369 155 14 17
409 150 17 19
386 235 19 23
252 151 14 19
292 143 14 20
293 285 27 39
461 150 14 17
450 114 12 14
228 189 18 19
239 127 13 17
471 130 12 15
289 181 15 20
320 202 18 21
350 153 18 20
185 180 17 23
302 139 15 15
78 275 31 34
104 262 28 30
112 224 19 24
104 199 20 20
51 210 22 20
13 345 35 38
49 177 20 21
139 126 12 14
34 146 14 12
82 159 8 10
164 131 16 17
432 119 11 13
498 144 13 18
458 102 12 13
471 116 13 14
389 102 11 14
412 102 11 13
364 98 13 14
440 106 13 13
910 134 18 22
841 42 19 38
778 182 17 18
716 127 14 20
650 236 11 14
558 212 11 13
425 263 11 20
371 145 16 18
416 94 11 12
43 229 24 25
31 19 14 16
23 48 11 11
144 22 9 10
240 44 9 10
301 79 10 11
324 48 7 9
270 121 12 14
184 125 15 17
412 18 10 11
398 115 14 17
465 184 19 23
496 170 17 22
217 160 13 19
