112 238 30 33
146 222 16 23
19 183 28 34
44 164 13 18
33 105 11 13
9 74 16 18
0 94 9 30
62 61 17 18
22 53 13 16
38 0 17 11
27 9 8 11
105 0 15 13
124 11 10 18
83 36 7 10
108 22 8 7
102 26 6 6
316 233 27 31
384 216 23 33
496 207 25 29
540 234 31 32
564 202 24 29
448 157 20 26
515 126 18 28
432 94 18 21
504 89 21 21
483 99 10 12
357 78 9 18
386 87 6 11
651 245 28 32
721 214 27 35
702 197 26 31
641 190 27 29
593 135 23 31
716 161 24 29
776 177 20 27
816 182 22 29
820 144 20 25
757 119 20 23
706 117 14 22
901 152 24 33
888 147 27 30
811 80 25 30
854 101 23 22
990 97 18 28
932 98 15 24
846 78 18 18
983 80 14 20
985 56 19 17
1017 56 7 17
1017 27 7 15
1014 48 9 9
975 16 18 24
1007 27 6 8
