978 594 35 48
865 605 33 51
970 520 30 41
825 508 29 40
848 503 16 24
922 447 31 44
996 415 28 37
888 389 29 38
945 346 29 39
985 302 26 36
865 339 29 35
890 331 22 32
946 257 24 34
938 289 23 36
858 267 29 36
994 224 19 28
955 231 22 30
980 183 22 27
940 206 22 26
887 224 25 24
998 116 18 25
958 149 20 28
970 135 15 23
904 156 20 29
920 165 18 24
904 140 19 19
938 112 17 25
905 115 20 21
994 80 20 25
870 102 19 23
878 139 18 27
947 58 21 27
980 55 12 19
908 52 18 24
909 30 11 13
886 43 11 15
960 43 16 17
745 554 36 48
716 491 30 47
745 424 30 42
702 368 28 41
803 308 27 42
658 327 28 42
629 386 25 31
836 292 24 32
763 283 23 33
780 282 19 25
821 231 21 25
762 243 21 29
839 202 20 26
822 180 19 23
845 126 18 24
819 118 20 25
777 157 20 29
790 148 18 25
831 80 16 25
829 107 16 21
799 87 17 22
785 99 18 24
759 122 18 25
745 91 16 20
783 72 18 21
767 57 15 21
826 38 18 22
862 55 16 20
797 45 13 16
813 16 15 18
781 28 15 18
764 37 17 17
774 17 16 16
737 27 16 20
768 2 15 16
809 0 13 8
753 0 13 9
522 575 32 50
530 477 23 46
447 453 32 38
518 436 26 34
403 539 37 57
421 648 43 24
299 516 48 55
573 340 29 34
491 397 31 39
469 326 27 36
552 277 32 40
471 272 24 33
512 251 24 34
629 248 25 36
719 259 24 33
447 250 24 30
702 303 25 26
690 218 22 32
732 212 22 31
761 214 23 29
712 180 16 20
649 191 22 28
661 177 20 24
607 211 23 32
728 122 18 27
712 125 17 23
699 108 14 16
642 149 18 23
618 203 19 23
600 165 28 28
611 122 20 27
579 184 20 26
550 229 18 26
558 138 20 28
564 121 19 27
708 42 16 19
734 70 14 14
713 68 18 19
692 57 17 20
697 13 15 18
678 67 15 20
692 83 18 19
637 99 18 25
651 92 12 15
666 58 18 23
657 32 14 20
667 15 16 18
639 43 18 19
616 45 15 22
629 11 14 17
607 34 14 15
666 1 15 12
607 22 13 13
605 13 12 12
594 70 15 21
574 42 17 20
576 74 17 23
549 34 13 19
558 29 10 19
567 25 7 9
569 2 14 18
532 3 12 14
550 60 15 23
534 48 14 16
525 62 18 26
496 52 15 21
509 83 18 24
464 62 16 20
457 33 16 22
514 12 14 19
494 21 14 21
459 11 12 16
427 68 21 16
420 91 17 22
420 61 18 18
410 41 16 21
412 26 13 14
389 84 18 20
361 70 15 22
375 54 16 21
397 20 14 16
382 21 13 15
400 1 14 15
379 7 13 12
360 24 16 16
352 11 15 17
321 17 17 22
422 0 16 15
324 85 19 21
325 51 14 21
331 0 14 10
359 0 15 10
284 0 16 19
271 41 20 18
305 70 17 23
255 75 18 21
258 45 18 23
248 26 16 18
248 2 14 17
239 8 16 21
236 78 17 25
221 51 17 20
221 37 15 17
192 18 15 19
193 50 16 24
177 2 14 20
190 1 11 14
206 12 10 18
197 99 20 23
184 80 16 16
559 102 13 16
454 134 19 22
516 165 21 25
490 170 19 23
503 207 22 30
470 210 18 29
418 168 22 30
399 183 20 32
450 121 13 22
401 119 18 27
371 110 16 23
359 120 19 20
338 122 20 23
336 154 20 28
299 160 22 28
345 209 22 28
433 229 18 29
278 206 24 30
262 130 18 28
276 125 18 22
282 150 21 31
318 110 19 24
268 103 17 21
404 243 23 26
407 269 21 29
387 272 28 41
337 238 23 32
272 285 31 36
339 360 30 39
390 338 30 36
357 429 36 56
256 341 31 43
250 307 23 29
219 440 42 47
186 417 25 44
134 555 46 52
30 540 38 50
22 443 37 45
163 310 31 38
62 279 32 40
127 306 25 42
192 242 27 41
235 251 26 39
68 246 22 30
188 182 29 38
222 195 23 28
217 145 19 24
199 154 23 24
135 144 22 27
147 139 17 24
105 149 18 26
145 207 23 30
153 191 20 28
122 200 18 33
59 190 30 35
71 164 26 32
139 101 19 27
144 89 19 23
89 115 18 24
59 148 19 27
32 102 21 28
83 69 17 24
119 71 17 24
164 61 19 20
146 37 17 20
121 49 12 17
82 32 16 22
69 40 15 17
23 75 16 16
64 86 19 25
44 89 20 23
18 52 16 19
28 21 14 20
36 12 14 16
102 8 16 21
53 8 11 13
118 0 16 15
92 4 15 21
1 31 19 20
161 1 16 20
0 357 18 49
0 85 12 31
0 0 16 18
0 157 16 28
94 652 47 20
964 32 18 21
