110 201 26 32
182 185 19 26
216 194 22 26
293 204 22 30
314 199 19 23
338 206 9 19
381 215 9 23
410 213 20 23
460 254 24 33
445 201 19 25
462 209 17 20
486 201 18 22
498 222 22 25
542 213 20 22
601 232 17 23
616 227 17 23
607 201 18 21
650 254 14 11
663 242 21 20
690 213 13 17
711 232 14 18
720 241 9 16
718 244 16 28
755 262 19 21
775 263 21 22
785 256 16 22
810 274 11 11
741 216 13 20
795 206 15 18
814 221 14 16
787 235 11 16
817 239 16 22
853 252 19 25
849 234 20 16
875 252 17 20
838 229 17 20
891 236 16 20
849 196 15 16
880 213 17 16
954 234 14 16
943 203 16 15
970 204 13 15
1004 183 10 12
1002 167 11 13
950 167 13 13
901 179 15 15
862 175 13 16
879 161 13 16
894 157 14 17
905 153 11 15
909 147 10 18
928 171 6 8
920 151 9 12
937 123 8 11
997 139 11 10
991 128 8 10
997 121 10 11
981 116 10 10
957 132 11 10
959 122 8 8
911 117 16 16
907 127 8 9
951 99 10 10
932 98 8 11
1019 64 5 13
934 73 9 14
925 74 8 10
940 67 8 10
960 77 6 9
968 65 10 9
958 78 4 7
981 104 9 10
952 52 8 7
988 37 9 10
1014 35 8 8
995 30 7 7
1005 32 5 6
991 17 7 10
977 6 9 6
959 12 10 12
975 21 7 9
970 34 7 8
959 39 6 7
941 36 7 7
877 57 10 10
901 31 6 8
932 12 6 7
879 14 9 10
861 18 6 7
890 35 9 9
903 50 8 7
