26 309 31 44
78 332 29 32
134 330 21 30
5 243 18 19
1 224 11 16
121 228 16 21
114 249 15 17
189 257 15 19
215 265 13 21
234 333 21 31
224 222 15 18
227 243 19 14
252 225 16 17
277 258 16 17
259 330 32 39
289 339 32 36
300 246 13 14
211 204 13 12
235 204 13 11
316 244 14 15
314 231 14 9
356 254 14 17
377 269 22 18
395 263 13 21
346 314 25 29
437 264 21 25
434 238 18 11
453 228 12 19
367 216 17 19
445 211 11 15
474 204 14 11
476 222 14 19
495 215 6 6
538 212 12 14
420 319 20 32
505 304 14 17
559 216 18 23
585 226 14 16
608 231 15 16
619 262 13 18
610 279 13 21
615 217 8 11
618 202 11 14
754 283 23 21
800 244 6 17
833 246 10 18
846 247 15 13
874 247 14 15
863 231 9 10
945 247 20 25
1006 271 18 22
582 142 9 10
879 210 9 11
770 264 13 13
951 346 19 26
550 198 9 9
460 318 24 26
2 215 10 14
96 277 16 19
133 208 7 12
402 225 11 14
417 194 10 15
804 233 12 21
852 232 10 14
936 283 13 17
938 328 14 21
236 236 12 18
