934 371 31 35
56 376 8 12
94 378 8 13
221 392 15 18
245 359 12 19
151 402 6 9
133 404 7 8
117 405 8 9
166 429 5 8
37 463 10 12
87 202 6 7
120 210 5 9
153 213 6 8
268 214 8 11
304 213 7 11
260 392 7 9
280 447 9 11
328 392 8 11
361 396 7 10
468 399 7 11
419 406 5 10
387 361 8 12
358 359 9 12
330 358 10 12
544 317 12 18
574 326 14 18
644 341 13 17
562 357 11 15
592 361 11 16
625 367 11 14
853 345 11 15
828 349 9 11
800 350 10 10
861 227 10 15
507 202 4 7
583 202 6 9
544 452 11 13
387 456 10 12
647 267 13 18
884 428 7 9
152 464 6 9
403 259 10 12
71 342 14 14
65 449 10 11
488 359 11 12
459 446 10 12
898 312 7 11
846 308 6 9
661 287 8 10
721 295 9 10
907 338 11 13
886 343 10 14
