227 219 8 11
198 265 9 9
154 300 9 12
195 319 10 13
242 307 9 13
269 344 6 12
252 320 8 12
229 336 8 11
245 349 9 13
205 359 10 15
177 366 8 11
144 357 9 12
155 355 10 13
115 346 8 10
87 345 9 11
135 357 7 8
139 384 7 11
77 399 8 11
77 386 7 10
29 400 7 11
39 377 7 12
62 369 7 12
89 389 8 10
130 366 7 11
120 321 9 12
124 336 8 14
157 258 7 12
447 93 5 8
503 175 6 9
494 165 8 10
518 156 7 9
483 157 7 10
503 147 7 9
460 139 6 9
463 131 9 11
468 118 7 9
441 116 8 10
484 112 7 11
564 240 7 10
449 272 6 11
420 290 9 15
503 289 8 12
604 284 7 12
588 304 7 11
597 318 8 11
590 354 9 12
574 341 9 12
553 345 9 12
539 344 9 11
530 335 9 12
502 333 8 11
516 374 8 11
468 350 9 11
473 336 7 11
453 336 9 12
426 335 7 12
429 377 8 9
441 356 5 10
554 279 7 10
540 367 7 9
462 275 7 8
433 289 8 8
59 354 9 13
97 333 9 12
585 122 6 7
645 180 7 10
702 178 8 9
653 245 7 9
780 23 5 6
723 55 4 5
699 52 7 7
679 42 4 5
875 122 6 8
856 115 6 7
832 103 4 7
837 123 5 7
809 98 6 9
771 135 5 9
784 136 5 9
830 129 5 8
876 142 5 8
1003 233 8 11
948 188 5 9
931 184 4 7
658 271 8 10
702 281 8 10
711 270 6 9
712 304 8 11
731 303 8 12
718 317 9 10
683 318 7 10
669 302 6 9
653 317 7 11
630 348 9 10
655 341 9 12
718 357 10 13
707 385 11 13
671 361 10 16
717 378 8 12
766 375 7 11
775 351 8 11
759 339 7 12
763 326 7 13
774 303 9 8
789 318 6 11
819 367 9 11
782 337 8 12
817 325 8 12
832 342 8 9
853 358 8 13
848 378 9 13
829 302 8 12
801 261 7 10
839 295 7 9
790 290 7 13
755 239 7 11
725 337 7 12
673 348 6 9
746 319 7 7
837 331 12 14
752 264 6 8
761 231 6 8
756 283 6 8
883 256 8 11
869 269 6 11
882 306 6 10
875 325 9 14
893 323 8 12
870 385 11 13
880 408 11 13
913 336 7 11
975 316 7 9
966 332 10 11
917 358 9 13
929 356 7 12
938 368 10 12
954 372 8 10
921 407 11 11
981 345 8 11
971 391 9 15
977 416 11 14
959 365 10 16
1011 361 9 12
919 282 9 11
920 339 7 12
937 350 8 9
1016 326 6 10
