178 332 88 127
351 272 45 59
10 273 56 83
94 206 17 30
187 187 23 28
236 188 34 41
237 245 36 40
176 278 40 41
304 262 40 51
411 251 53 80
351 171 30 33
284 165 25 37
242 153 27 33
212 141 17 20
326 225 39 36
288 135 24 26
431 150 28 25
380 148 13 12
780 274 111 134
925 443 96 157
663 214 39 59
623 221 41 39
758 183 39 33
800 187 27 37
506 144 24 21
603 135 19 16
526 173 25 23
570 198 27 27
500 237 44 67
771 280 34 43
708 204 26 20
558 92 11 12
491 135 18 21
517 84 11 14
506 81 7 6
526 43 9 11
848 148 23 44
885 170 24 41
938 229 30 59
943 162 39 45
201 96 10 14
222 87 5 6
230 87 6 8
189 110 6 8
166 56 4 4
79 114 8 9
147 141 7 5
145 141 4 5
99 44 6 4
83 56 4 4
205 78 5 5
180 87 5 5
168 89 6 6
248 119 5 6
272 120 7 9
993 143 17 26
899 115 11 11
998 118 24 17
918 121 13 15
828 103 7 6
847 92 4 5
952 99 7 6
923 135 18 30
947 139 25 29
422 75 7 6
460 95 7 9
437 90 5 5
439 80 5 4
361 71 4 3
356 68 2 2
321 108 9 10
3 165 19 16
76 150 26 21
43 155 20 32
120 460 113 153
547 565 81 109
306 571 107 111
476 310 96 125
685 366 35 85
433 213 23 21
743 255 23 26
728 247 20 34
876 115 14 16
842 134 20 19
704 178 11 22
772 235 16 28
727 227 16 17
975 83 5 6
964 93 7 9
960 91 6 7
895 93 9 8
903 85 6 6
894 85 6 5
873 78 3 4
866 88 5 5
872 84 6 6
854 98 8 8
884 138 8 8
832 122 16 25
798 102 13 18
822 96 6 8
810 91 6 8
796 150 24 25
751 152 22 25
720 153 16 17
935 127 17 26
992 96 6 5
639 137 16 27
600 156 18 24
473 88 6 6
578 85 6 7
592 91 6 8
545 93 6 7
492 89 8 10
462 74 5 5
474 77 5 6
439 70 4 6
543 70 9 10
424 63 6 6
430 59 6 8
418 83 6 7
411 94 4 6
184 101 9 9
168 104 7 11
158 97 6 10
152 105 6 7
88 104 9 9
187 79 9 9
227 65 7 6
236 56 4 5
254 61 6 8
233 112 6 7
258 117 9 9
282 114 8 10
294 112 5 10
332 99 5 7
381 112 10 10
209 67 6 6
150 69 7 8
164 67 5 7
140 53 5 6
263 76 6 7
40 78 4 4
32 106 6 8
21 124 8 7
97 89 6 8
104 79 7 8
112 63 5 7
91 73 6 7
80 81 7 7
79 105 5 7
46 70 7 7
162 125 5 6
169 144 7 12
322 186 15 22
66 73 6 8
51 103 7 7
24 91 5 7
40 88 6 8
13 90 6 9
43 57 4 5
55 57 5 6
77 68 5 5
89 67 6 7
27 72 4 5
156 49 4 3
176 67 4 4
131 107 7 6
124 96 6 8
103 96 4 7
78 53 4 5
68 52 4 4
50 47 4 5
31 57 4 6
36 93 4 4
43 97 6 9
193 90 6 6
200 73 5 10
202 63 5 5
186 45 3 4
172 53 5 7
201 39 4 7
219 58 5 6
204 55 4 5
112 39 3 5
145 44 5 4
62 44 3 3
20 69 3 4
55 81 5 5
54 95 5 5
47 116 6 9
69 97 6 13
76 90 5 7
18 78 6 8
12 116 6 10
13 136 6 6
56 134 5 5
156 77 8 7
144 107 5 6
173 76 5 7
187 71 6 5
168 61 7 7
148 60 6 8
78 62 5 6
60 68 6 8
56 60 8 6
18 59 5 6
16 51 3 5
27 34 5 5
36 34 6 5
172 28 5 6
211 43 7 7
204 45 4 5
218 40 6 9
166 40 4 6
145 49 5 3
133 50 4 6
157 67 5 5
854 91 4 4
949 86 4 5
268 62 6 5
298 68 6 6
591 76 7 7
481 63 6 9
428 132 13 12
160 169 16 29
179 176 17 26
