134 76 58 70
507 198 42 62
479 178 30 53
429 218 28 37
492 431 95 131
255 509 65 151
922 462 84 87
704 387 64 79
719 337 38 43
688 314 43 48
634 307 28 33
866 322 49 58
958 335 64 63
363 138 13 20
50 268 15 16
906 263 20 27
942 249 24 28
996 257 28 28
933 308 34 42
989 225 15 16
850 246 17 23
876 240 16 20
864 221 13 15
723 255 15 19
726 273 25 30
676 276 15 21
639 271 18 23
661 268 11 13
633 249 11 14
655 243 9 13
668 242 10 13
719 227 9 11
743 229 10 9
776 219 9 12
840 212 8 10
937 244 18 18
954 237 15 23
895 218 8 13
978 210 9 12
947 212 8 12
997 205 8 12
988 205 6 10
