230 332 5 8
263 335 6 9
190 382 7 14
241 367 10 17
290 353 7 13
280 365 10 12
332 351 8 13
345 348 9 12
352 376 8 14
495 357 7 12
535 345 10 16
548 359 12 14
562 345 8 14
544 343 10 14
581 326 8 13
590 331 10 12
607 363 20 36
642 352 11 18
661 371 13 19
665 301 9 14
697 329 13 23
730 328 10 14
736 334 12 15
804 309 19 51
817 345 13 26
860 306 17 27
888 331 14 16
902 383 23 29
992 346 11 20
932 339 12 21
1008 408 16 22
629 358 16 14
219 362 7 10
142 375 7 12
112 377 7 11
26 378 9 13
103 385 7 13
76 377 9 10
