24 31 12 14
43 4 7 10
61 17 9 12
61 183 14 23
76 227 16 19
17 436 13 22
238 302 10 16
364 280 14 20
335 247 11 13
277 229 15 18
227 205 12 17
289 141 12 18
262 109 13 17
281 88 10 18
379 160 16 20
364 98 16 16
473 172 15 21
412 210 13 16
543 330 14 16
607 185 10 16
489 137 11 15
613 112 13 17
660 48 12 19
154 101 13 19
295 13 13 22
774 17 14 19
921 1 10 15
874 94 15 17
869 136 12 18
968 124 11 19
947 169 11 21
940 200 10 17
964 202 12 22
868 291 14 18
852 272 12 18
831 271 10 17
680 292 10 19
826 144 9 14
55 616 9 17
750 365 7 18
837 358 7 13
833 410 10 22
843 568 9 17
870 448 9 20
609 397 8 17
865 420 7 15
997 48 11 17
883 119 13 15
650 509 16 10
