926 241 36 50
913 276 28 26
838 292 32 41
778 302 36 46
701 289 31 40
729 224 27 32
605 30 24 23
671 71 27 35
720 151 33 44
602 101 25 35
613 137 25 35
567 177 34 60
687 268 29 34
627 228 30 42
639 300 54 69
532 287 35 55
516 294 23 29
495 51 21 33
494 147 28 36
388 23 22 29
406 61 26 34
368 179 25 32
302 25 29 30
221 37 27 36
219 70 31 39
242 199 33 38
384 250 34 45
444 285 34 45
277 242 51 84
231 305 27 40
8 62 26 35
72 64 30 35
145 31 25 34
122 88 32 37
171 166 27 37
64 178 27 35
96 219 32 36
34 231 27 37
72 255 37 46
157 316 32 44
247 416 34 45
39 464 36 35
163 510 37 51
2 133 25 33
445 0 34 35
139 233 34 47
