90 275 28 39
175 333 43 52
233 346 24 18
233 346 39 33
268 371 28 40
352 312 28 44
335 266 22 31
483 317 30 44
194 220 16 17
427 214 12 16
606 197 11 18
845 396 33 54
973 347 35 50
648 278 17 34
730 347 34 28
660 216 10 14
806 230 14 19
794 206 9 14
851 235 14 18
913 242 16 20
957 232 18 19
981 228 16 20
983 251 19 22
828 203 14 16
301 468 44 62
484 487 56 71
449 210 10 14
691 250 17 13
91 433 43 58
149 244 13 12
370 220 10 13
393 217 13 13
476 200 12 14
462 224 11 16
492 217 11 13
499 205 10 9
515 201 13 14
517 227 15 16
500 249 13 13
539 207 10 13
564 236 11 13
548 221 10 14
579 215 9 9
571 234 11 15
594 221 10 12
608 236 14 15
632 230 15 18
645 237 13 15
626 217 12 17
638 210 11 13
670 194 10 13
694 215 11 16
683 231 13 22
680 216 13 15
566 166 7 8
584 167 6 7
524 183 8 9
723 209 9 13
734 206 10 12
760 208 13 18
774 224 15 15
792 234 16 19
830 232 15 18
885 233 14 15
915 209 14 16
926 215 18 20
813 171 6 6
929 173 6 6
936 182 10 12
0 331 16 37
