429 69 9 11
428 118 9 10
425 144 6 9
447 94 9 13
462 120 8 11
502 142 8 8
535 144 9 11
558 150 8 10
571 101 6 9
557 74 9 11
522 75 9 11
493 77 8 9
533 100 7 10
588 112 8 10
607 82 8 9
572 60 8 11
600 127 9 10
682 63 8 12
669 183 9 13
677 204 10 13
707 210 9 13
111 139 10 11
90 197 10 14
58 200 10 13
24 189 7 12
35 203 7 12
116 192 9 14
136 258 11 18
79 166 11 11
151 146 10 13
134 165 8 11
170 138 7 12
191 145 10 13
189 166 8 13
208 122 9 12
220 106 8 11
230 61 7 11
232 173 9 11
146 99 9 10
276 109 8 9
298 112 8 11
308 74 7 9
246 150 7 9
350 50 8 10
360 202 8 12
471 224 8 11
443 226 10 13
394 211 9 11
388 173 10 12
378 209 11 12
419 178 9 11
437 193 9 11
418 216 9 12
382 154 9 11
392 141 8 10
422 157 8 9
451 161 8 9
459 189 8 10
477 190 8 9
501 172 8 9
523 170 8 13
527 214 9 10
513 226 8 11
523 236 10 12
494 233 8 10
546 240 11 12
550 215 9 13
576 217 8 12
589 241 9 11
613 247 10 12
597 220 8 13
625 225 10 13
633 246 10 13
657 252 9 13
613 193 9 11
591 195 6 11
633 209 8 12
647 229 9 12
654 208 8 10
635 180 9 11
455 26 7 10
489 24 8 10
515 25 6 10
536 31 8 8
591 35 8 9
619 26 7 12
663 35 10 11
647 33 7 7
687 235 11 14
682 254 9 16
716 260 8 12
722 240 9 12
737 265 8 13
759 284 10 10
760 250 9 13
789 251 9 17
775 220 9 11
739 213 12 12
722 184 8 12
747 190 10 10
766 162 8 11
744 165 9 10
722 155 9 12
695 124 8 10
652 154 9 12
722 111 9 11
741 112 6 10
754 137 9 12
782 144 6 11
781 126 9 10
771 88 8 12
775 66 9 12
748 88 9 11
699 36 9 10
727 14 9 11
645 303 13 18
606 305 13 16
761 123 8 10
769 200 9 11
792 223 7 12
799 272 12 14
825 278 11 14
862 282 10 14
886 329 10 11
797 190 10 12
809 231 9 13
831 229 11 13
845 258 10 12
854 266 10 14
899 267 11 15
935 243 10 13
979 257 10 18
1003 286 10 19
971 251 9 13
1001 227 12 14
978 217 11 13
927 203 11 16
887 203 10 13
849 220 8 10
819 171 11 13
793 165 10 13
802 143 8 12
843 96 9 10
819 122 7 9
863 100 10 12
890 104 9 11
863 172 9 13
849 177 7 10
889 155 9 11
908 152 8 11
893 184 8 12
908 183 11 12
942 133 10 13
943 160 10 10
976 135 7 10
994 133 10 13
981 85 9 10
976 111 8 11
959 54 8 9
984 54 7 9
1002 53 13 13
927 53 8 11
894 53 9 9
1012 88 10 13
1003 113 9 13
444 306 11 17
516 325 11 19
680 323 15 12
83 97 8 12
152 37 7 9
182 41 7 9
210 67 7 10
191 103 8 10
102 600 18 30
157 635 20 26
176 647 16 26
288 721 17 23
434 720 15 28
458 591 22 27
629 647 20 29
759 701 16 30
48 9 9 11
88 3 9 10
111 19 9 9
114 5 8 10
143 3 9 8
172 24 7 9
195 5 10 9
206 20 6 10
211 43 7 10
175 62 9 11
145 65 8 9
80 143 9 11
106 164 10 10
164 171 9 8
160 104 6 9
145 80 9 11
160 81 8 10
177 123 9 12
185 119 8 12
232 18 9 9
237 40 8 10
259 17 8 11
287 23 7 10
305 19 8 11
323 11 9 13
275 2 8 8
257 133 8 9
265 164 7 8
7 201 7 10
336 204 8 9
360 175 9 11
397 118 10 10
471 162 8 11
504 153 7 9
485 123 8 9
512 121 7 9
563 125 7 11
429 219 8 12
550 275 12 11
341 21 9 10
357 4 8 7
367 26 8 9
383 5 8 10
465 5 9 9
497 1 9 10
525 7 9 11
547 2 10 10
561 30 9 10
577 3 8 10
597 12 8 8
620 9 9 12
646 10 10 13
665 12 9 11
698 12 9 10
744 13 9 12
738 39 10 12
664 64 10 10
627 59 9 11
585 78 8 10
802 39 10 13
806 74 11 13
814 79 10 11
860 3 7 7
885 2 8 7
905 4 8 8
918 3 9 8
953 5 8 10
978 8 9 9
862 61 7 8
839 125 9 8
871 126 8 9
834 145 9 12
921 141 8 10
852 23 7 8
663 235 9 10
752 266 10 12
825 205 9 11
1005 12 9 9
1011 34 10 10
333 380 15 16
348 713 21 22
441 671 18 21
264 499 14 20
907 214 11 12
955 163 7 9
730 148 9 8
707 151 8 7
690 184 8 13
634 80 8 10
659 84 8 10
547 58 8 10
513 57 8 9
477 54 7 9
439 53 8 8
460 71 8 10
544 118 8 11
416 91 8 10
620 101 8 10
107 104 7 9
112 81 8 10
85 81 7 8
114 39 7 10
90 44 8 10
89 26 8 10
287 87 8 11
288 127 9 12
257 175 8 10
290 180 7 8
251 0 8 7
152 21 6 9
199 82 7 10
234 80 7 10
278 72 8 10
288 49 7 10
319 49 9 10
326 70 9 10
316 94 7 10
845 52 8 11
836 21 6 8
870 20 7 8
957 26 8 9
860 75 8 10
932 27 8 10
832 46 7 11
