12 272 10 11
97 167 29 44
234 159 45 65
280 261 11 14
315 265 9 12
342 264 8 12
302 207 11 12
386 260 10 12
386 218 10 11
433 151 33 42
520 250 47 57
612 227 7 9
480 141 35 44
632 307 8 10
681 196 9 10
680 277 12 12
676 317 13 12
698 234 10 12
721 185 8 13
737 224 10 13
738 248 13 13
734 268 11 14
729 299 11 13
777 296 12 13
782 272 11 12
774 235 10 10
746 211 9 13
761 194 9 10
756 171 10 10
825 291 8 13
788 207 9 12
800 237 8 10
837 248 10 11
837 228 9 12
837 209 9 10
829 172 7 7
857 296 10 12
908 208 23 30
877 227 10 13
878 206 8 11
864 171 9 12
887 187 8 12
930 187 8 9
969 180 12 14
1013 186 8 9
963 223 12 14
996 245 12 13
1008 296 10 15
975 269 11 14
793 172 8 10
362 121 9 11
339 128 9 11
359 269 11 14
35 271 11 14
