19 42 11 21
52 50 9 14
174 37 15 9
54 112 12 25
102 149 20 24
23 198 22 32
198 213 21 33
41 270 23 28
143 262 22 27
101 411 31 40
213 270 113 167
242 182 21 27
305 222 16 32
378 227 23 31
327 160 20 29
358 130 14 18
364 88 11 17
460 191 134 174
689 213 103 160
845 188 19 30
369 41 18 18
406 28 15 25
429 141 23 20
412 137 17 18
505 33 14 15
560 53 12 15
614 87 15 20
554 93 15 24
604 193 15 17
345 209 15 21
677 84 15 19
702 102 15 19
957 122 20 30
986 158 15 22
924 64 11 17
903 328 79 104
807 157 15 23
697 66 13 17
