479 303 100 95
350 419 73 75
0 954 38 52
72 1139 17 24
136 1162 22 26
131 1151 16 24
121 1137 13 23
163 1101 14 18
786 1146 17 23
736 1139 14 22
847 1133 14 20
874 1126 16 21
893 1132 15 18
912 1134 11 16
969 1135 15 18
938 1136 11 19
929 1130 10 15
788 1123 11 16
805 1135 10 18
818 1146 12 17
959 1115 11 13
156 1146 15 18
129 1086 11 14
180 1162 17 22
200 1190 21 29
223 1134 15 21
213 1174 22 27
182 1151 18 22
249 1156 26 31
238 1079 13 16
567 1149 16 22
508 1149 14 17
528 1136 10 16
538 1101 11 15
536 1182 19 32
29 937 11 12
29 837 9 8
87 854 11 14
121 863 7 10
147 861 9 11
171 866 10 9
193 866 9 11
224 856 10 12
240 868 8 10
258 866 8 11
56 948 11 13
73 949 11 11
79 966 13 18
51 971 12 15
103 973 11 16
106 991 9 11
95 1014 12 15
80 993 11 15
118 992 10 12
127 1007 10 11
147 966 9 14
151 946 10 12
161 965 9 11
150 989 9 13
192 986 9 13
188 948 11 13
149 890 12 14
245 954 11 13
230 995 10 14
249 999 9 13
209 1022 11 12
251 1017 10 11
92 1169 29 32
90 1034 13 16
107 1026 10 12
119 1032 11 12
114 1049 11 13
94 1068 15 17
119 1063 15 15
137 1057 11 13
150 1051 11 13
171 1058 10 14
196 1031 12 19
175 1025 12 12
202 1049 13 19
228 1034 13 15
231 1093 12 18
209 1075 11 14
204 1088 13 17
185 1113 14 20
200 1135 16 21
206 1121 14 17
198 1110 11 15
226 1118 13 18
241 1055 13 14
152 1089 12 12
499 1100 17 21
564 1134 18 14
536 1132 11 15
769 1130 14 17
779 1098 12 13
814 1101 14 13
753 1148 16 19
797 1095 9 12
794 1086 8 9
804 1076 10 11
861 1080 12 16
889 1094 11 14
903 1098 10 11
911 1108 9 16
922 1120 10 11
946 1112 12 15
660 975 8 11
686 974 9 13
706 975 8 12
864 1007 10 15
877 992 9 14
887 993 8 12
940 1021 13 16
833 1017 11 12
7 836 10 13
25 780 8 8
51 780 9 9
76 787 8 11
117 694 8 10
148 696 7 9
112 1108 13 18
147 1114 11 14
118 967 12 14
