329 413 92 82
710 260 80 113
670 1045 34 39
793 1049 33 39
821 1092 37 46
902 1044 29 46
816 998 34 41
927 977 36 47
785 930 31 34
824 929 29 36
892 946 32 39
997 1014 27 48
985 947 36 44
964 904 25 36
947 866 25 29
999 848 25 30
944 818 29 33
858 832 29 35
821 822 22 35
858 734 23 26
469 1094 37 44
440 947 35 47
437 903 29 40
447 827 25 30
474 786 31 38
482 722 33 42
63 811 30 28
122 994 38 45
213 1060 37 44
156 1101 40 63
126 1107 40 56
48 1119 49 64
14 1007 37 47
173 881 30 25
88 732 30 42
120 700 24 24
167 703 28 40
25 436 22 25
46 469 22 27
148 471 26 26
62 522 20 22
30 565 29 29
75 568 25 32
63 617 23 24
135 557 23 26
144 528 24 28
473 570 30 37
540 549 22 30
520 503 27 28
280 412 22 27
248 416 22 21
448 368 23 28
243 205 17 18
408 231 17 21
551 280 19 25
488 247 19 21
342 211 16 21
297 198 18 20
326 252 19 24
892 528 18 24
981 526 18 21
887 471 19 24
946 427 15 18
917 277 18 20
942 199 17 21
955 353 17 22
96 297 22 25
57 157 17 21
