5 102 9 13
197 11 11 16
235 10 13 11
183 37 10 14
148 39 11 13
208 53 11 13
205 73 11 14
162 75 13 16
159 118 11 17
169 101 13 17
208 104 8 16
202 118 9 15
183 125 10 21
222 183 13 18
208 151 12 24
173 144 12 17
177 224 13 17
243 27 14 19
286 30 11 16
290 13 8 12
328 14 8 13
331 37 12 16
350 16 10 13
365 35 12 16
384 60 10 16
424 50 11 16
386 101 11 15
350 96 13 19
329 78 12 16
290 73 12 17
253 74 16 13
247 56 12 15
252 96 10 16
297 100 15 15
264 116 11 16
316 147 12 17
356 149 12 16
372 163 13 18
388 145 22 29
371 192 13 16
313 188 13 19
251 141 10 19
428 75 19 42
382 29 10 14
372 26 11 11
475 55 9 13
482 78 10 15
497 104 13 14
507 41 12 15
541 93 22 45
619 19 13 14
589 115 14 18
629 187 12 18
680 7 9 10
653 19 11 14
687 56 10 16
731 61 10 17
696 80 11 15
756 98 14 15
647 80 12 17
636 121 14 20
671 122 11 15
647 153 13 15
661 163 15 17
674 189 16 20
711 169 13 21
692 178 9 10
728 186 11 17
738 147 15 19
804 140 15 18
775 190 14 18
683 222 15 17
829 194 12 16
737 227 15 20
784 228 15 19
831 227 19 22
908 224 15 21
897 23 12 15
995 22 9 14
992 60 9 16
891 69 11 12
933 119 9 12
942 140 16 12
984 105 9 16
1005 95 11 14
1010 113 9 13
997 119 10 16
990 168 14 22
1003 206 13 16
1000 227 20 19
850 231 15 18
807 271 9 17
843 38 12 13
