766 126 75 99
941 426 31 42
915 432 23 35
946 385 19 31
922 399 18 25
660 458 17 26
577 426 11 17
603 458 15 20
536 459 15 22
667 432 12 16
895 412 18 27
628 425 15 19
196 481 13 16
647 446 15 27
968 371 15 25
582 464 15 24
553 462 14 20
531 429 12 15
616 422 13 18
593 436 15 16
656 405 14 19
585 410 12 17
924 374 12 17
938 374 12 17
930 358 13 16
892 348 11 16
973 356 14 17
956 366 14 19
910 395 13 18
43 387 8 12
125 444 8 10
266 266 92 122
250 481 10 14
233 479 9 12
252 456 9 12
650 426 13 14
683 406 12 15
500 437 12 14
502 419 10 14
521 405 11 14
548 430 9 12
615 407 12 15
514 461 15 21
571 416 12 19
870 376 13 20
1006 372 13 25
915 308 13 15
886 336 10 12
890 316 8 13
998 333 11 14
953 292 10 12
905 287 8 9
892 291 9 11
922 268 10 13
1000 296 10 14
1012 295 8 12
981 278 11 11
966 319 12 15
961 275 9 12
975 255 10 13
952 265 11 12
949 245 9 12
925 244 8 11
622 394 10 11
639 392 9 10
673 327 8 11
725 385 9 13
717 364 9 9
560 405 9 11
651 395 9 13
670 388 9 11
658 388 8 9
648 382 7 9
611 391 8 10
604 407 9 11
561 426 10 13
909 372 16 16
167 431 12 14
