141 80 8 13
72 89 12 17
98 99 9 14
128 119 13 20
82 118 9 11
15 150 14 18
48 154 14 19
79 158 12 17
117 180 14 21
158 164 11 18
202 197 13 19
170 192 13 20
140 211 13 19
100 233 16 25
75 233 13 21
61 186 11 22
33 196 13 22
27 237 16 19
119 275 14 20
165 286 12 21
192 292 13 17
136 235 13 14
183 224 11 16
189 235 14 19
211 290 11 16
23 394 28 40
69 381 26 35
100 407 17 22
140 396 26 37
182 408 31 34
337 105 43 79
584 243 47 65
427 372 14 18
410 428 14 22
428 428 14 23
449 260 13 16
510 273 15 18
457 310 10 15
510 300 11 19
408 465 18 19
666 183 40 51
865 14 16 19
889 123 9 14
956 108 11 17
815 223 10 17
789 255 7 15
845 283 11 19
848 254 8 17
900 278 12 21
898 203 10 18
803 246 12 15
833 249 8 12
949 196 10 15
972 221 12 17
942 219 10 18
969 255 11 12
950 283 13 15
897 312 15 16
860 321 15 16
944 310 19 18
1000 314 9 16
824 409 15 17
795 436 19 28
819 457 18 23
850 435 21 29
847 486 16 19
892 455 15 20
922 463 15 20
999 407 12 17
981 280 16 25
999 194 13 20
934 449 14 20
859 279 13 17
