486 365 21 27
18 364 17 19
84 375 14 17
100 376 14 19
108 388 18 23
46 391 14 16
158 379 18 22
198 394 16 20
208 389 13 18
249 371 16 18
259 386 8 15
290 381 14 18
302 383 14 18
322 415 13 19
333 421 8 16
677 449 9 12
668 449 6 8
705 449 9 15
567 147 21 30
716 449 12 15
738 445 10 12
767 441 12 16
798 485 11 15
794 440 11 16
822 443 11 17
860 434 11 16
917 439 11 13
966 437 11 14
942 507 8 12
647 444 11 9
662 443 5 8
15 340 7 9
43 349 6 8
48 348 6 10
68 370 9 10
90 341 7 11
113 348 7 10
120 374 8 11
134 395 8 10
130 363 6 9
122 349 6 7
133 356 7 8
171 340 7 8
187 375 8 13
225 340 6 8
231 356 7 9
234 346 6 7
238 368 7 9
271 371 7 10
255 350 6 9
293 366 6 8
302 353 7 8
329 349 6 8
317 347 4 6
329 379 6 8
316 389 8 13
338 383 6 8
343 395 8 11
354 395 6 9
348 380 5 9
367 380 5 8
383 379 8 11
368 352 6 8
349 350 6 8
384 360 6 10
407 380 9 9
417 358 6 10
430 360 8 11
454 386 5 4
464 377 5 6
474 374 5 6
511 389 5 6
516 387 5 6
522 386 6 9
591 408 6 7
533 384 6 8
561 392 6 8
590 396 5 7
618 408 6 8
633 424 8 12
647 430 6 9
664 427 6 9
649 396 5 7
653 386 6 8
619 395 7 8
593 387 7 9
609 386 6 8
645 418 7 10
690 430 10 11
693 445 8 9
723 436 7 9
747 426 6 9
768 425 5 7
779 423 6 7
782 436 7 9
794 421 5 6
755 413 6 7
761 409 6 8
746 409 6 8
680 422 6 7
845 437 8 8
834 445 6 6
800 433 7 7
902 476 7 10
887 467 6 8
894 473 6 7
901 443 5 7
945 446 7 8
895 446 7 8
1006 453 10 13
719 408 4 5
735 405 4 6
686 416 4 5
689 385 5 6
703 380 5 6
