288 208 70 107
729 387 70 84
540 489 23 32
73 607 18 28
78 679 21 26
181 511 23 30
91 515 24 25
83 428 20 21
86 483 16 23
458 513 28 33
463 688 25 29
938 441 21 31
942 594 23 30
993 400 21 26
861 433 27 30
28 701 16 32
48 748 28 35
74 777 25 37
104 710 27 32
126 694 22 23
185 712 25 25
104 746 23 30
128 760 25 28
181 802 31 38
140 847 29 31
154 873 27 30
93 878 34 31
40 866 25 31
67 832 25 37
39 901 32 41
316 883 26 30
355 927 32 26
441 914 32 39
550 869 35 41
385 691 24 27
405 709 24 28
398 730 29 30
433 772 31 39
540 733 26 28
559 756 36 58
547 804 33 38
447 435 20 22
563 420 20 27
612 456 21 29
630 504 22 30
569 498 17 20
716 32 20 21
763 32 17 19
781 54 20 22
767 85 22 24
827 34 21 25
864 52 20 25
882 75 21 30
923 28 18 29
924 83 22 25
996 37 22 32
992 115 21 27
919 125 20 27
935 138 21 27
930 183 21 29
986 185 20 27
993 227 23 29
939 239 18 24
940 266 21 34
823 95 19 27
797 161 21 24
830 172 22 24
875 198 21 22
815 202 21 24
760 209 19 23
754 232 18 24
793 281 19 23
819 236 18 24
864 229 20 25
870 266 23 25
884 299 27 34
794 366 19 23
804 396 19 29
817 335 18 19
861 346 24 25
944 311 22 22
995 342 25 34
944 363 24 29
880 475 25 34
800 496 24 26
580 683 33 38
609 727 31 29
615 878 37 38
636 923 34 30
773 773 32 47
811 743 30 38
840 680 31 30
863 723 29 39
886 710 23 25
893 749 30 36
859 806 31 31
919 784 29 34
980 840 30 41
968 821 25 34
977 794 24 28
1010 797 14 31
974 743 29 33
993 712 27 35
509 783 26 36
26 470 26 30
43 436 21 28
0 447 18 21
32 344 17 21
75 333 18 22
169 359 19 25
158 432 20 31
188 458 23 28
144 509 26 31
204 415 25 30
360 298 24 27
418 300 19 24
463 300 18 26
473 336 19 26
433 251 19 25
37 248 22 30
12 269 17 19
364 276 17 22
523 330 19 27
434 475 24 31
498 448 22 34
23 166 12 16
30 197 14 19
53 209 17 21
66 186 16 20
92 191 19 23
57 163 13 15
97 152 15 18
132 182 16 21
96 107 15 19
54 97 16 20
183 150 16 24
30 111 14 15
60 64 13 14
105 59 13 19
81 89 10 12
250 168 21 22
266 142 18 22
296 137 15 18
315 100 19 22
343 103 17 22
364 76 15 19
404 71 15 17
469 114 18 24
482 92 16 21
350 221 17 26
377 238 18 25
373 174 21 25
420 224 23 32
421 187 21 25
443 157 19 26
456 188 16 22
509 174 19 28
522 43 19 22
523 72 19 23
570 44 17 20
574 100 23 28
591 73 20 24
570 146 23 25
600 131 18 27
614 113 20 27
658 93 18 29
661 46 19 25
626 39 19 21
725 98 19 29
692 146 18 24
733 141 19 24
663 172 18 23
630 179 16 22
527 213 24 30
579 212 19 20
634 219 20 20
546 287 17 22
598 285 18 25
590 321 22 27
715 326 21 23
726 281 21 29
767 338 20 22
938 691 29 33
721 356 23 24
18 783 23 35
566 15 14 16
608 9 16 19
719 5 17 20
805 6 17 20
947 19 16 18
0 830 16 37
597 823 32 36
