191 1214 24 30
215 1203 20 31
273 1210 24 28
335 1203 21 27
349 1135 16 22
248 1118 20 25
344 1089 21 24
293 1056 18 21
48 1072 16 21
11 1092 18 37
440 1041 31 35
692 1205 20 25
712 1122 18 25
643 1072 17 21
679 1072 14 21
339 1004 16 16
308 1001 13 17
420 997 16 19
463 1010 13 16
16 721 10 13
46 727 10 12
102 732 10 12
77 731 10 12
85 706 10 12
172 733 12 15
204 748 10 12
238 741 13 16
228 705 10 11
166 699 9 11
296 757 9 11
301 784 11 13
333 785 10 12
273 799 10 14
269 781 13 12
250 779 10 12
243 806 11 13
188 773 10 14
135 770 13 15
147 814 11 13
109 774 11 16
103 800 11 13
90 815 13 13
19 811 11 14
1 760 11 13
28 760 11 14
182 815 13 14
280 822 13 15
386 847 12 17
336 873 10 13
364 893 13 16
369 912 15 17
363 851 8 13
32 595 9 12
419 941 13 16
434 965 13 17
466 982 12 14
497 976 15 17
472 959 13 15
492 950 12 15
484 922 10 13
487 878 11 13
420 868 14 16
321 911 13 17
321 941 13 16
285 942 13 17
343 970 16 18
262 992 12 20
382 972 17 18
665 1014 13 16
703 1011 13 15
630 1014 11 12
895 1113 20 23
949 1129 16 20
999 1159 19 23
948 1184 20 21
894 1192 14 18
978 1104 15 17
1001 1130 14 20
925 1080 13 15
915 1019 11 13
738 1017 13 16
694 986 10 14
732 938 59 54
970 1014 12 17
993 1024 11 14
857 987 13 16
937 1009 14 17
953 966 11 13
914 962 11 13
882 965 12 13
846 940 11 14
816 936 13 15
320 670 9 10
302 665 8 9
349 674 9 8
437 698 10 12
464 671 9 12
459 647 9 8
483 648 7 10
508 647 7 9
452 627 8 8
419 761 10 12
422 743 10 12
395 745 9 10
464 768 10 12
460 756 8 8
492 770 9 12
509 770 10 12
501 754 9 12
531 760 13 15
607 723 7 9
631 726 8 8
602 707 6 5
522 800 11 15
680 813 9 11
647 846 10 13
668 846 9 11
686 802 10 11
651 750 9 12
714 824 8 12
718 802 9 10
724 789 9 11
693 852 10 14
718 860 11 13
724 837 11 12
790 827 8 8
781 793 9 11
750 842 7 9
842 830 10 11
862 830 10 10
841 859 9 10
879 923 12 14
838 923 12 13
836 901 11 11
852 885 9 11
879 883 11 13
874 866 10 9
893 864 8 11
922 868 9 11
935 892 11 11
926 907 10 11
941 923 10 13
910 935 8 9
964 945 9 12
989 969 9 12
783 898 12 14
752 893 12 13
774 924 10 11
758 830 8 11
838 785 8 10
877 800 8 10
888 793 6 8
935 789 7 11
799 768 11 11
965 893 8 13
994 895 10 12
947 867 10 11
1011 1105 13 19
1018 1130 6 23
824 764 10 11
841 748 10 12
789 733 8 10
816 721 8 10
818 753 8 9
746 726 10 11
765 718 9 9
922 758 8 10
902 744 9 10
952 746 7 10
1010 786 7 8
879 772 7 8
852 779 7 8
914 713 8 10
875 712 8 8
963 747 6 7
991 746 8 10
876 754 10 12
490 680 10 12
362 651 9 10
335 641 10 11
718 718 10 13
600 777 50 54
488 702 9 10
578 790 10 13
173 828 65 56
69 983 17 18
20 989 16 19
33 957 12 16
0 922 8 16
899 907 12 14
820 861 11 13
864 905 11 12
790 691 8 10
822 691 8 10
764 690 8 9
742 703 9 10
884 699 8 11
856 699 8 11
373 938 17 19
0 1063 7 22
