684 80 54 69
960 460 21 22
930 493 24 28
829 462 27 30
864 367 20 24
927 375 17 25
1013 366 11 25
562 262 20 25
493 258 20 23
421 225 19 21
530 347 18 23
591 394 22 28
543 405 22 30
488 394 23 33
438 395 23 30
405 388 25 33
473 349 16 20
359 379 26 31
247 396 19 26
308 384 23 30
255 361 24 32
284 355 23 30
323 318 21 32
265 320 21 26
237 311 21 26
191 310 20 21
155 317 27 32
147 269 20 24
237 365 19 24
193 363 22 27
233 282 21 22
135 179 20 25
159 51 18 22
223 57 17 21
28 29 16 19
105 11 15 17
164 13 12 17
455 28 14 22
401 29 15 16
350 22 14 21
464 85 13 19
539 90 14 21
557 47 14 22
500 59 15 16
612 52 14 18
644 12 14 19
683 13 12 18
668 54 13 19
629 99 17 21
588 90 14 18
984 102 15 18
953 121 13 19
1013 120 11 21
929 69 15 18
894 39 11 14
947 43 16 21
95 97 36 61
405 342 19 28
401 52 18 26
600 11 13 21
549 0 16 20
619 428 22 30
