8 214 10 18
22 232 15 14
33 254 20 19
20 277 17 20
143 210 14 14
122 229 15 21
177 341 15 21
157 315 18 21
164 377 19 27
115 363 17 28
87 337 24 26
12 350 31 47
191 377 26 28
245 409 16 28
185 409 21 26
181 437 20 26
156 480 27 31
109 442 24 26
105 404 20 29
26 385 36 48
188 195 15 22
203 277 20 22
317 207 32 65
356 216 16 17
427 282 19 24
413 416 22 25
69 351 18 30
581 197 20 26
482 229 14 17
463 253 18 22
482 279 23 30
445 246 13 20
440 321 18 23
437 355 21 25
466 402 23 31
539 241 57 72
453 500 19 24
229 484 21 21
705 253 18 23
723 278 22 21
723 223 20 27
762 193 22 25
771 222 21 25
831 194 18 28
810 252 16 25
852 240 18 24
834 289 22 27
832 355 19 26
820 384 19 27
805 331 17 26
711 276 78 52
936 200 20 26
1011 209 12 25
1002 243 16 25
988 280 23 27
906 224 17 30
906 252 20 28
910 283 18 26
854 326 20 27
929 312 24 29
1002 328 17 26
933 353 23 28
788 425 23 30
733 475 18 25
739 500 24 32
844 496 30 35
889 450 28 38
925 476 23 27
979 386 25 35
944 415 25 38
