215 162 41 50
514 41 49 34
233 402 20 24
578 317 32 40
18 564 6 9
23 572 6 6
29 561 5 6
37 567 5 6
39 576 6 7
59 567 9 12
32 590 7 10
47 599 8 9
38 611 8 10
25 617 8 9
19 610 7 10
92 615 8 9
57 598 7 11
114 594 7 9
109 635 9 10
133 638 7 9
138 625 6 9
113 620 6 8
104 616 7 9
127 596 5 7
137 599 7 7
137 593 6 6
147 602 5 7
106 585 6 6
132 615 6 6
69 558 10 9
108 608 8 8
196 633 8 10
211 636 7 10
235 640 7 9
243 633 9 12
249 622 7 9
260 634 7 10
300 631 6 8
298 626 5 5
293 645 6 8
316 646 7 8
335 640 6 7
325 630 7 6
321 638 7 7
310 641 6 7
343 619 5 6
349 631 8 7
338 634 5 6
347 645 7 8
368 631 8 8
369 651 6 9
383 654 9 11
387 647 7 9
384 631 7 8
403 648 6 8
410 647 6 10
402 661 7 8
376 665 7 8
388 672 7 7
399 675 6 7
415 627 5 8
416 640 6 8
434 643 6 8
434 653 7 10
426 647 7 9
429 670 7 9
439 671 7 8
471 657 6 9
448 656 8 12
472 642 7 9
486 659 7 11
495 667 7 10
500 657 6 9
504 638 6 8
492 639 7 9
478 637 7 10
483 647 5 7
466 639 5 6
453 638 6 6
559 651 7 8
571 650 7 7
568 668 7 9
583 655 8 10
638 665 7 9
638 654 7 6
652 652 6 7
656 661 5 5
658 665 5 6
657 673 6 7
663 684 6 8
667 665 5 8
675 667 5 8
662 657 5 5
641 639 5 5
624 639 6 6
622 666 6 8
703 692 6 8
682 677 6 7
694 670 7 10
707 676 7 10
714 667 6 6
721 667 6 6
723 679 7 9
737 694 7 8
741 670 6 6
735 662 5 6
744 658 6 6
741 653 5 5
712 653 5 6
703 661 6 6
753 669 6 6
755 658 5 7
760 666 5 6
766 673 5 6
758 680 8 8
765 699 7 9
786 682 6 10
784 671 6 7
788 657 6 7
779 664 5 7
797 664 5 7
801 678 6 8
793 671 5 6
805 670 6 7
879 670 6 9
887 662 7 10
896 669 5 7
902 687 7 9
912 706 6 8
931 707 5 8
936 711 6 9
953 707 8 11
978 709 7 9
983 692 6 7
958 692 6 8
963 688 6 8
984 676 6 8
973 673 6 8
981 665 6 7
940 673 6 8
914 669 6 7
990 665 9 10
5 606 7 10
3 581 8 10
1 561 9 9
9 525 6 8
16 556 6 7
11 570 7 10
51 546 5 7
82 542 6 7
148 553 8 10
136 552 8 9
227 612 5 6
288 632 8 10
362 633 5 5
369 643 5 7
361 648 6 6
377 639 5 6
402 624 5 6
384 623 5 6
395 635 5 6
416 657 5 7
346 658 6 8
