617 442 9 13
749 398 12 14
767 442 14 19
811 398 10 16
806 468 19 22
795 504 21 30
862 503 21 27
903 497 24 29
865 466 17 19
835 469 18 18
897 436 15 16
882 429 13 15
860 420 11 13
915 371 14 17
851 383 8 12
850 401 13 16
822 405 14 13
825 387 12 14
811 375 9 10
779 406 11 14
953 418 17 18
977 378 14 14
980 338 11 11
960 458 18 20
955 494 26 33
944 530 26 30
914 420 16 18
659 161 48 62
129 497 16 17
172 473 13 16
165 492 15 20
214 500 12 18
230 498 13 17
252 472 11 12
301 450 22 28
334 475 14 15
357 508 17 19
388 478 10 16
408 463 48 65
489 510 21 22
535 434 13 18
555 476 13 17
577 486 20 25
542 507 19 25
592 473 13 18
49 451 12 17
115 448 9 12
133 448 12 13
160 427 9 12
167 446 11 12
179 428 7 11
198 429 9 11
203 417 8 11
104 496 15 15
216 472 12 12
230 480 12 14
234 454 10 11
252 439 8 8
217 419 9 10
246 413 8 9
357 426 11 13
393 427 9 10
360 452 9 10
386 445 8 10
405 451 14 15
425 442 14 17
430 416 8 12
397 401 9 12
416 404 9 11
407 386 8 10
453 394 8 9
453 407 9 10
464 419 8 13
464 447 11 13
472 401 7 9
487 417 9 10
475 446 11 16
501 447 11 13
490 403 9 10
486 390 8 10
461 403 8 13
505 385 8 11
512 400 8 12
518 420 9 11
537 422 11 12
556 417 10 12
546 403 9 13
558 392 8 11
526 386 8 9
552 397 9 11
503 401 10 11
358 479 12 14
323 456 10 11
431 403 10 11
471 407 8 9
574 407 9 12
580 420 11 12
585 396 10 12
525 371 8 11
572 353 8 9
590 364 8 11
596 356 8 8
622 374 8 10
559 366 7 11
598 452 10 13
767 390 10 12
772 371 10 12
752 373 8 9
760 348 8 9
739 357 8 12
751 358 9 10
782 340 10 10
782 354 9 11
768 359 9 8
780 326 7 8
801 401 8 8
809 363 8 9
803 356 8 9
835 374 9 9
842 389 7 8
845 371 8 8
869 363 8 10
885 361 10 11
895 351 8 9
911 360 8 9
919 347 8 9
933 360 8 8
902 376 8 9
907 329 8 8
887 336 10 9
930 337 8 10
849 357 8 10
848 335 7 7
922 313 9 12
792 380 8 9
805 344 8 10
807 322 7 8
849 307 8 9
864 332 8 9
865 342 8 10
946 362 8 10
804 447 15 17
830 433 11 13
940 346 11 10
953 333 10 9
973 318 8 9
945 314 0 0
945 314 7 8
950 304 8 8
945 295 7 9
945 282 7 8
942 328 8 9
961 300 7 9
966 278 8 9
982 279 9 9
986 289 7 8
1011 297 8 9
1010 332 9 11
967 305 9 11
1004 274 8 9
984 300 8 9
757 316 7 9
787 307 6 6
788 360 7 9
834 347 8 8
843 284 8 8
887 290 6 7
899 297 6 7
866 260 7 10
945 269 6 8
901 280 7 9
885 301 7 9
865 311 8 9
927 291 8 11
950 261 8 9
963 315 7 11
795 427 14 14
491 474 14 20
532 480 14 16
583 441 14 16
463 477 15 17
242 445 9 12
273 435 7 9
549 356 10 8
956 370 8 10
1000 356 10 12
792 326 6 7
882 383 12 13
873 384 11 12
860 370 9 11
824 327 9 13
4 447 14 18
104 417 12 11
189 503 13 16
285 454 11 13
