898 305 20 21
893 251 20 24
823 274 20 19
808 245 18 22
773 248 20 26
781 347 20 25
698 329 22 26
718 254 18 21
757 247 15 23
728 247 17 22
681 251 22 21
663 260 19 22
654 333 24 26
583 350 26 22
612 389 25 29
613 262 19 23
560 265 16 20
552 246 18 22
517 244 18 23
506 266 17 20
478 255 18 23
455 251 19 22
435 232 20 23
512 336 20 25
516 379 23 28
475 369 25 25
444 372 23 25
393 291 21 25
351 251 20 23
302 242 21 23
257 239 21 24
284 326 22 26
348 335 23 26
396 370 21 26
325 376 23 26
237 233 21 25
206 228 18 21
176 251 16 22
162 255 15 22
194 366 22 27
234 364 24 28
161 374 25 31
96 371 28 30
980 165 6 7
950 172 7 9
902 175 5 7
883 160 5 6
860 137 4 6
789 185 4 6
840 199 5 6
770 187 5 6
764 169 4 7
744 215 6 7
726 217 5 6
702 218 5 5
654 194 5 7
631 195 5 7
576 214 5 9
555 203 5 6
537 212 5 6
473 192 5 7
441 189 5 6
456 202 5 5
415 206 5 6
405 191 6 8
413 183 5 7
425 185 5 7
396 196 4 6
362 209 5 7
390 179 6 6
395 171 4 5
412 173 6 7
453 168 5 6
569 182 6 6
554 182 3 5
533 189 5 5
514 182 3 5
500 208 5 6
524 222 4 6
602 168 5 6
653 161 5 4
618 166 4 5
736 167 4 6
434 149 5 6
164 198 12 16
320 217 6 7
