715 106 58 54
732 51 37 41
664 81 33 39
574 136 43 53
545 113 34 39
535 61 36 43
505 88 32 42
464 101 29 35
449 314 49 57
396 88 39 49
326 99 38 46
272 112 39 44
268 85 37 36
389 209 48 57
306 108 24 33
15 257 19 19
108 249 9 14
137 220 11 15
88 224 10 13
42 207 11 14
37 171 14 12
86 171 9 10
78 159 8 9
96 147 8 10
95 134 8 9
138 151 8 10
26 148 8 9
66 139 7 9
82 127 6 9
92 127 6 8
89 111 6 8
42 128 8 10
20 124 7 9
0 251 12 14
3 238 11 14
125 248 16 19
123 158 9 11
193 145 7 10
1005 227 9 12
986 232 8 8
902 226 8 10
946 239 7 9
955 236 6 8
924 234 7 8
