901 441 46 59
317 381 81 113
84 384 63 86
809 621 17 24
826 632 15 25
815 669 23 32
841 673 17 23
870 672 22 26
755 674 19 25
684 667 14 21
638 693 20 26
590 679 21 26
616 685 19 26
651 650 14 17
707 633 11 19
769 625 14 21
719 668 10 13
743 685 14 20
596 645 11 17
604 630 12 13
649 623 10 16
646 604 13 16
767 606 11 16
734 628 15 15
716 607 11 14
714 584 11 15
753 568 9 12
775 583 9 14
826 566 12 14
794 553 11 13
872 604 20 22
844 546 12 15
587 592 11 15
656 572 11 16
606 561 10 14
638 566 7 11
580 563 11 15
548 568 8 12
561 613 11 14
615 593 8 14
625 576 9 15
705 539 12 16
747 533 11 14
687 524 11 16
634 518 9 12
593 503 9 13
532 507 10 14
519 490 8 13
669 484 10 15
740 523 9 14
572 542 11 16
587 486 9 14
644 485 10 14
557 470 8 11
568 451 7 8
816 496 11 15
786 497 11 14
817 551 9 14
850 479 9 14
744 491 11 14
710 496 7 9
657 512 11 13
715 438 10 13
689 464 9 11
667 430 10 11
585 434 6 8
624 498 9 11
736 407 10 16
798 379 9 9
631 373 8 10
775 434 7 10
817 462 9 13
789 457 10 12
761 460 8 12
645 396 7 12
611 395 10 13
862 410 10 11
839 415 10 13
812 411 10 11
864 380 8 10
997 458 10 12
1003 486 8 13
930 397 9 12
932 365 8 11
985 390 7 9
947 387 8 9
1011 388 8 10
185 677 12 17
184 717 15 19
168 720 13 15
277 705 14 21
311 715 19 23
306 698 18 23
211 719 13 16
197 530 9 13
201 499 9 14
225 504 9 13
225 482 9 13
267 496 10 14
268 466 10 12
286 471 6 8
216 458 9 9
193 460 9 12
161 457 9 10
244 437 8 10
186 435 8 11
284 410 10 13
251 414 10 11
299 465 8 11
477 406 9 10
512 405 10 11
498 385 8 9
496 349 7 10
473 348 8 9
448 346 6 9
20 359 9 9
53 343 8 9
88 343 8 10
111 357 9 11
227 395 8 12
281 354 9 12
311 356 8 11
334 352 8 11
803 577 16 21
614 434 9 12
646 429 7 10
