227 90 109 121
396 76 96 140
553 125 93 110
711 153 105 115
876 143 27 36
970 230 31 36
85 178 11 14
99 230 15 18
68 234 20 26
0 254 18 45
103 108 11 12
69 96 9 10
44 107 8 9
17 93 8 9
50 138 9 11
193 150 10 11
166 128 9 12
40 96 8 8
46 76 6 8
341 171 6 8
344 136 7 8
354 144 7 8
364 134 6 9
372 125 7 10
340 94 6 8
331 192 9 12
368 213 16 16
849 111 9 10
915 110 9 11
371 145 8 9
596 57 8 7
618 60 8 9
639 61 7 8
576 59 7 7
495 73 10 12
520 121 8 10
693 58 6 7
716 56 5 7
738 57 7 7
774 47 6 6
791 44 5 7
176 99 7 9
150 102 6 6
