872 213 27 33
943 170 28 32
878 179 28 32
814 172 22 32
835 262 31 32
769 211 28 34
744 185 23 32
762 328 29 33
705 270 29 35
608 319 32 38
941 311 25 33
1012 220 12 32
1009 174 15 31
661 221 29 35
569 220 23 37
458 137 52 71
147 298 25 31
172 345 26 32
270 341 24 31
255 296 25 33
350 288 23 30
280 235 24 34
314 215 24 28
224 209 22 27
219 178 18 27
259 137 22 25
202 139 21 27
151 131 21 24
167 234 26 33
126 201 25 35
81 220 24 33
98 253 24 30
61 330 27 34
37 282 27 33
51 244 22 24
66 144 22 25
366 174 24 31
400 111 22 28
542 138 24 34
441 150 17 23
