212 319 15 18
162 320 12 17
72 379 19 27
268 369 20 32
247 407 12 30
178 379 19 28
441 277 14 19
467 300 12 15
500 300 15 18
427 421 14 21
388 462 16 25
475 455 16 23
515 417 13 26
248 499 18 23
53 344 18 21
612 306 15 20
570 316 16 21
634 422 16 22
830 292 14 20
879 264 14 18
583 256 13 20
690 279 16 24
856 237 12 21
656 460 16 20
897 230 14 19
821 215 14 19
493 213 15 20
364 179 13 19
193 264 12 17
157 272 10 13
66 286 12 15
71 309 13 18
468 272 12 16
421 286 14 16
539 266 13 19
614 224 14 19
675 238 11 20
483 238 15 17
429 232 14 18
452 218 10 16
598 298 11 20
627 271 13 18
743 195 11 16
759 173 12 18
847 194 11 16
914 219 14 20
776 285 12 23
805 253 9 19
14 345 14 20
51 246 14 20
40 219 11 17
54 207 11 14
169 233 11 18
152 216 12 18
102 284 13 17
102 221 10 13
201 207 10 14
182 210 10 14
120 305 13 17
71 235 10 14
23 226 9 14
218 242 13 20
208 188 12 17
174 186 10 18
96 199 13 17
252 252 15 18
219 218 12 14
328 179 12 17
203 147 12 16
174 164 11 15
273 139 10 14
247 149 10 14
316 145 10 15
282 185 13 15
397 136 11 14
340 122 12 15
409 171 14 19
387 210 11 17
394 292 15 19
378 286 14 21
351 305 14 17
451 186 13 17
423 106 12 15
549 205 12 18
335 250 13 20
507 251 15 17
926 309 11 17
719 335 15 29
829 381 16 17
808 162 13 17
948 204 13 19
988 154 13 15
927 138 14 18
845 146 12 15
708 88 11 14
866 225 13 22
819 270 14 18
760 64 10 15
796 84 11 15
862 76 13 17
850 86 10 15
822 94 12 13
839 60 10 16
965 78 13 16
589 431 22 30
946 407 13 20
535 90 10 13
611 189 12 17
106 179 12 14
279 112 11 13
346 99 9 13
133 94 11 14
256 124 13 14
147 179 14 15
187 141 14 14
224 140 12 14
384 351 14 14
343 219 13 14
550 232 11 15
228 181 11 13
309 171 11 13
638 110 9 14
719 122 13 14
348 37 10 13
348 17 11 15
795 70 11 12
886 153 10 14
966 171 11 15
1008 122 12 17
995 70 10 13
975 96 13 15
944 64 10 16
955 72 11 14
879 67 11 16
932 204 11 14
120 23 9 11
67 71 12 14
92 123 11 13
147 33 10 11
179 30 9 12
215 25 10 11
39 25 10 11
897 47 33 37
274 211 9 12
297 205 9 13
272 177 11 12
349 192 10 15
698 253 15 18
520 112 10 16
550 106 9 14
904 128 14 19
3 387 13 16
0 469 17 24
368 228 12 15
14 23 8 11
0 242 8 15
11 331 12 17
1017 520 7 17
