939 37 36 43
844 45 30 37
825 91 33 37
870 121 37 44
876 213 38 43
770 12 29 34
698 39 27 32
698 145 26 29
707 177 32 37
711 249 35 46
711 314 33 39
808 281 37 45
855 276 33 36
851 235 33 37
940 278 37 50
937 245 36 43
961 231 35 38
984 216 30 37
991 330 33 43
906 359 41 44
874 344 35 39
892 305 39 44
971 397 37 42
853 395 42 43
776 359 41 41
626 353 39 42
661 348 35 45
644 168 30 35
610 95 28 33
539 14 29 33
614 2 31 19
512 98 27 36
522 143 32 40
584 178 34 35
554 273 33 41
580 247 29 37
607 306 36 44
520 308 36 38
514 256 31 35
404 0 31 18
344 10 31 37
448 16 32 39
494 0 34 14
219 96 33 39
97 113 31 37
162 212 38 44
180 258 34 36
281 188 32 37
243 139 30 36
311 99 29 35
392 141 35 36
383 186 33 37
355 235 39 39
445 268 35 45
455 232 38 47
480 319 38 41
244 0 31 21
0 0 28 17
0 105 11 37
313 256 33 39
303 283 38 42
178 333 35 38
80 345 31 34
44 310 39 45
48 376 39 41
30 552 49 56
40 506 41 58
163 573 50 55
210 508 45 56
239 464 34 46
277 425 34 41
294 389 35 48
160 403 42 45
191 391 32 47
74 427 46 50
0 551 18 58
0 381 17 49
26 305 25 36
0 279 14 44
424 407 62 71
377 363 58 73
507 403 44 41
579 414 44 53
510 473 45 52
582 535 52 60
627 528 45 60
679 518 47 65
674 469 43 54
753 481 45 58
720 429 45 49
767 411 35 49
847 504 50 57
871 439 40 51
643 404 39 48
505 371 38 45
338 211 31 36
969 546 49 60
1000 514 24 51
1008 124 16 42
298 0 23 12
