354 224 178 261
139 446 51 61
221 382 28 32
190 393 36 38
113 374 31 39
240 329 27 37
229 304 16 20
102 300 22 30
137 317 23 31
165 244 14 18
92 250 18 20
120 258 18 25
60 225 16 21
0 202 24 30
75 194 20 23
112 200 11 13
190 159 16 16
145 173 19 23
107 156 23 23
34 181 14 18
19 164 14 21
55 167 12 13
89 157 11 13
773 266 15 24
739 277 21 21
713 287 23 31
670 303 27 26
665 344 24 37
623 318 25 28
602 281 13 18
640 271 14 19
818 332 32 48
830 295 26 29
905 344 32 40
695 449 46 65
790 401 39 58
911 399 42 57
918 578 75 96
797 849 122 153
889 281 30 33
