219 454 18 25
268 456 19 23
337 457 18 21
333 435 19 23
362 432 14 20
387 447 16 18
404 460 16 19
404 480 23 27
416 424 18 19
400 396 15 20
366 384 16 19
311 400 16 19
272 433 15 22
280 420 14 20
248 388 15 21
306 364 18 22
300 332 16 19
240 338 17 19
120 415 25 33
46 413 25 34
26 444 29 38
28 386 24 31
35 366 23 30
129 382 26 32
139 361 21 28
90 305 24 34
2 266 25 34
211 425 17 20
210 373 11 14
192 338 14 18
248 309 16 20
259 285 12 16
306 309 15 15
302 285 11 14
355 286 15 17
405 303 17 20
423 324 18 18
367 338 14 19
421 363 17 21
375 319 12 17
444 432 19 26
236 265 15 15
77 230 25 32
89 185 23 30
151 274 24 27
178 224 19 29
187 187 17 21
248 232 13 15
278 245 18 21
295 223 17 19
346 230 14 18
394 216 15 19
393 194 14 18
351 199 13 14
286 190 15 17
263 207 12 15
251 178 14 14
307 173 14 18
349 156 14 18
389 168 14 17
414 164 13 15
444 144 11 12
488 164 13 16
383 140 14 16
356 114 14 15
382 104 12 15
439 118 9 15
454 122 10 13
284 155 14 18
397 254 16 20
321 69 9 15
274 135 12 14
250 161 13 14
315 118 13 16
447 60 10 15
412 61 11 15
369 61 14 19
379 37 12 13
318 45 10 15
440 17 9 13
455 23 10 15
503 25 11 14
490 85 11 12
432 50 10 15
582 196 14 18
580 148 13 19
532 156 12 15
623 127 10 12
627 145 12 16
637 123 9 12
672 129 11 16
666 107 9 14
643 201 12 16
594 231 15 17
575 264 12 14
839 421 27 35
939 426 22 34
961 400 26 34
629 455 18 24
672 477 13 19
724 461 16 21
607 427 14 22
668 442 14 17
710 437 13 16
733 420 15 19
668 402 14 15
760 447 13 14
784 427 12 16
773 367 12 17
808 376 14 16
715 377 14 17
672 373 14 18
675 335 14 20
630 339 14 19
741 351 12 15
746 310 12 15
788 303 14 16
765 270 14 16
937 364 19 27
917 341 24 26
896 395 22 27
749 243 15 18
723 253 14 16
829 238 11 16
811 225 12 15
748 201 12 15
746 180 10 15
774 177 12 11
692 155 13 14
713 127 14 13
702 115 13 13
975 287 26 30
480 138 13 18
