344 13 102 146
860 82 31 43
664 193 24 31
301 318 30 49
190 541 59 98
828 423 8 13
835 497 11 19
982 562 4 6
988 574 5 6
1008 573 5 7
1016 561 5 8
1009 582 5 6
987 582 5 5
992 590 5 8
997 603 6 8
1011 594 6 7
1011 618 5 7
904 635 6 9
880 663 7 9
898 647 7 9
966 644 6 7
889 592 5 6
900 606 6 8
897 617 6 7
881 640 5 6
920 619 5 8
900 541 5 7
879 532 5 6
880 560 4 4
902 558 4 5
838 581 7 10
882 698 7 8
890 686 6 8
895 676 6 8
942 686 5 7
935 700 4 6
973 690 6 7
962 713 7 10
817 504 15 19
811 626 3 4
872 638 6 9
913 650 7 9
872 659 8 6
881 610 5 6
949 153 23 24
