955 2 18 19
911 14 14 24
922 27 18 22
928 87 21 32
1006 90 15 26
972 201 25 32
855 0 17 14
860 73 19 22
805 33 17 23
828 26 12 18
839 111 19 26
788 134 17 30
767 129 19 34
750 114 18 27
771 67 17 27
740 29 16 24
681 5 18 21
695 81 20 23
641 31 17 28
658 94 20 23
587 204 23 31
596 61 18 32
607 43 17 20
558 15 20 27
573 100 19 24
545 99 20 24
502 94 22 29
519 135 23 29
476 121 22 26
431 88 58 37
790 216 21 30
627 242 47 45
513 1 19 25
14 104 17 26
57 105 18 27
93 116 17 24
116 140 15 18
152 115 17 21
149 146 17 26
177 219 21 31
