45 638 14 17
23 612 7 12
52 578 7 11
239 650 11 17
285 649 9 15
308 660 8 10
294 635 10 12
310 605 7 9
167 595 8 9
270 209 20 29
280 233 44 20
349 530 17 21
435 449 20 32
470 452 22 31
472 658 10 13
477 680 9 13
505 664 9 11
518 644 7 11
565 664 9 12
666 671 9 12
691 668 8 15
681 662 11 14
707 676 7 9
378 657 10 14
587 389 24 30
654 413 26 31
741 346 31 40
725 671 10 11
736 667 8 10
837 682 8 9
868 639 8 12
926 661 10 12
931 640 7 11
942 690 8 8
16 566 8 10
5 640 13 16
68 578 8 14
63 528 6 7
78 524 6 9
100 500 7 10
120 505 6 7
110 494 5 7
103 488 5 8
87 491 6 8
87 484 6 7
73 475 6 7
68 490 6 8
51 497 5 7
19 490 7 10
15 477 6 7
10 483 6 8
38 482 7 10
49 488 6 7
43 513 6 6
62 505 5 8
114 529 5 7
119 514 6 8
56 481 6 7
67 482 6 7
167 642 10 15
161 569 6 10
164 577 7 11
99 502 7 10
31 475 6 8
41 469 6 7
21 470 6 6
153 497 6 8
151 506 6 9
137 496 7 10
126 500 6 8
134 472 6 7
182 542 6 7
171 534 6 7
177 531 6 7
165 541 7 6
117 558 6 9
190 527 7 9
191 539 6 8
195 552 6 8
196 563 7 7
200 544 5 7
207 536 7 8
200 533 7 7
194 467 6 7
153 468 6 5
269 452 23 29
20 435 5 7
24 422 5 6
11 413 5 6
14 428 6 9
17 448 6 7
46 455 5 7
24 453 7 9
80 429 3 6
99 423 5 6
142 435 9 10
127 430 7 8
72 419 6 7
87 410 7 9
169 443 9 12
182 438 7 9
197 438 8 10
199 447 8 10
176 457 8 9
298 571 7 9
298 583 7 9
302 598 7 11
318 592 9 11
310 622 9 11
291 625 7 9
372 614 9 11
332 547 6 7
328 547 5 10
350 522 6 7
335 505 5 8
317 526 7 9
326 534 7 8
340 550 6 7
389 523 8 8
382 524 7 7
353 515 5 6
386 556 6 7
503 626 7 9
507 637 6 8
499 655 8 12
515 626 7 9
546 615 7 9
558 617 6 8
558 627 6 9
559 646 6 7
551 639 6 8
548 653 7 8
563 658 7 11
569 637 6 8
595 666 8 11
544 515 6 8
536 527 5 8
523 518 7 12
527 532 8 10
623 560 6 7
624 547 7 8
611 547 4 6
618 498 5 6
612 557 6 8
613 568 6 8
729 527 8 9
722 529 6 8
696 589 5 7
722 576 5 6
723 594 6 7
705 581 6 6
713 595 5 8
719 602 5 6
707 605 8 7
702 603 5 5
696 628 5 9
696 618 6 7
711 617 5 7
717 624 5 7
737 626 8 12
726 617 7 11
724 637 6 8
735 650 7 9
721 645 6 8
727 654 7 8
687 639 7 8
698 647 6 7
704 664 7 8
719 669 6 6
756 674 9 6
712 642 7 9
674 657 7 9
784 643 6 6
786 653 7 7
793 643 6 9
806 645 6 8
818 660 7 8
813 670 6 8
802 678 7 8
794 670 7 6
824 678 7 10
852 607 4 7
883 631 8 15
882 642 6 8
858 640 6 8
853 647 6 8
887 665 6 9
888 651 5 7
889 684 8 10
848 589 5 6
858 575 5 5
855 582 5 7
903 631 6 6
906 613 4 5
894 594 4 5
877 588 5 5
892 580 4 5
905 580 4 4
907 549 5 7
918 603 4 5
974 608 5 7
963 601 4 5
928 584 4 5
943 606 4 5
953 614 4 5
948 598 5 6
875 570 5 7
870 559 4 6
864 553 4 5
859 560 6 7
840 570 5 6
900 666 7 8
973 676 7 9
961 640 8 11
904 642 8 9
905 605 6 7
870 611 7 8
1 483 7 11
12 525 8 9
6 534 8 9
1 553 9 10
22 553 7 10
11 543 6 10
28 550 7 9
30 536 8 9
36 524 7 9
50 548 7 7
56 539 7 8
76 534 7 7
71 541 7 7
44 564 7 9
68 556 10 10
73 551 6 7
95 541 7 8
99 533 7 9
95 565 9 9
98 584 8 9
118 574 8 9
96 593 8 8
82 605 9 9
28 572 9 9
177 557 9 10
179 570 8 10
177 582 8 8
170 586 9 11
171 625 8 12
165 615 8 12
189 574 12 16
408 654 13 13
911 598 5 5
916 582 7 7
942 614 5 5
858 591 5 4
25 445 6 8
980 661 7 6
1001 647 7 8
1015 653 8 9
1007 627 6 6
991 623 5 6
980 616 6 6
871 625 6 6
839 593 5 5
842 544 5 6
837 537 6 8
835 519 4 5
847 522 4 4
852 545 4 7
888 542 5 5
898 571 5 6
880 562 5 6
859 571 4 6
853 561 5 5
864 568 5 5
869 589 6 6
923 571 4 6
930 561 5 6
940 586 5 5
956 592 5 6
953 577 5 5
913 576 6 6
977 577 6 6
966 573 6 5
991 577 7 6
1018 579 6 6
1004 578 6 6
1012 586 5 5
995 594 6 6
1006 606 6 7
954 605 6 6
927 595 6 5
936 601 5 5
1015 565 8 7
885 503 5 5
927 515 4 5
894 514 3 3
995 529 3 4
1004 534 4 4
976 519 4 4
992 543 5 5
930 526 6 6
146 447 6 6
157 446 8 7
159 459 7 9
61 404 5 8
112 420 4 6
139 422 6 7
157 436 6 7
83 498 7 9
