663 401 21 23
54 276 10 12
21 255 8 8
32 268 10 12
66 229 7 12
101 217 7 8
89 280 8 12
73 270 10 11
174 252 8 12
272 248 8 11
260 265 8 12
257 281 6 7
282 277 8 11
297 252 7 11
312 249 7 9
315 268 8 10
290 196 8 11
305 207 8 10
336 249 8 10
346 239 7 10
370 226 8 9
413 278 9 8
26 335 12 15
68 337 10 14
101 318 8 11
115 335 9 10
80 337 10 11
106 360 17 23
133 358 9 10
178 324 24 33
284 322 9 11
288 306 11 14
360 335 8 11
366 323 8 12
401 334 9 12
394 353 10 11
381 374 9 12
383 419 10 13
413 456 11 14
452 460 12 17
431 450 11 14
419 431 9 13
48 365 10 12
40 319 11 13
48 296 9 11
26 297 10 13
407 362 8 12
542 240 7 10
550 240 7 9
569 248 9 11
560 251 6 9
559 287 8 12
592 266 7 8
604 274 8 11
614 260 9 12
623 247 7 10
657 287 10 12
654 312 10 13
564 325 27 20
612 331 12 15
634 332 9 13
634 358 10 12
645 362 10 12
660 338 10 12
679 366 8 13
659 381 11 15
706 377 10 12
705 355 10 11
724 376 10 10
742 384 10 13
778 382 10 13
734 348 12 13
741 333 10 12
721 336 9 11
745 324 10 10
759 341 10 13
757 292 8 11
721 258 8 12
669 261 10 13
701 285 7 9
713 290 8 11
799 338 10 12
812 357 11 11
825 359 9 12
819 337 9 11
815 294 10 13
881 278 11 11
931 278 9 11
932 309 11 12
967 308 10 12
996 311 11 13
945 298 7 9
971 297 11 10
835 333 22 31
893 359 24 30
996 428 11 16
796 425 15 12
762 434 10 16
796 446 12 18
812 456 11 15
592 462 11 13
630 454 14 14
710 459 8 11
717 463 11 14
731 461 11 13
15 454 9 20
15 412 8 13
99 28 7 7
100 14 8 8
134 13 7 9
145 34 7 7
121 30 7 7
167 14 6 8
192 21 6 8
219 19 8 8
246 21 8 8
270 8 7 7
282 39 7 9
253 39 8 7
223 34 9 9
385 35 6 7
420 36 6 8
496 36 8 8
523 39 8 7
555 33 8 9
583 35 8 8
717 29 8 9
818 25 8 9
831 8 8 8
855 8 8 8
850 24 9 11
902 20 9 9
952 24 8 9
989 22 7 8
508 179 8 10
538 186 7 9
564 189 7 8
553 164 8 9
641 178 8 10
648 161 7 8
673 179 8 10
678 166 6 8
710 190 7 9
703 182 7 9
895 220 8 7
823 228 8 9
794 241 9 11
769 235 7 7
781 219 7 9
846 296 7 8
843 312 8 9
902 322 7 9
792 287 7 10
781 330 9 10
691 319 9 10
637 300 8 10
676 252 8 9
637 233 9 9
677 352 10 11
750 370 8 11
620 466 11 12
432 260 9 11
427 236 8 9
442 225 8 8
500 241 9 10
514 242 8 9
523 236 8 10
529 244 8 9
566 229 7 9
596 220 7 9
606 243 8 10
597 248 8 9
585 305 10 13
543 300 8 8
433 487 12 15
508 458 12 14
374 253 7 8
353 254 8 8
382 249 7 9
389 291 9 9
415 296 8 10
290 289 9 12
264 296 8 9
232 277 7 8
232 267 8 8
208 264 7 9
216 247 7 8
251 251 7 9
271 262 8 9
248 228 6 7
242 216 7 9
271 218 6 8
265 202 6 6
241 199 6 8
326 204 6 7
399 242 7 6
352 270 9 10
56 191 8 7
80 187 8 8
40 243 10 11
76 230 9 9
105 232 8 10
118 235 9 10
123 250 8 11
135 234 8 9
137 219 7 7
156 217 7 7
168 220 8 9
168 231 7 10
181 218 9 9
216 225 7 7
193 267 9 11
191 288 9 11
202 290 8 10
141 243 10 11
153 245 7 9
152 233 5 6
72 294 8 11
6 312 10 13
13 288 9 9
12 270 10 11
3 259 10 10
0 237 8 9
5 347 11 13
15 363 12 13
132 350 11 12
1007 299 9 9
985 449 13 14
529 170 7 7
593 134 6 8
567 139 8 8
492 171 7 9
74 9 7 7
171 0 6 6
196 1 8 9
222 0 6 5
239 2 7 7
186 44 8 8
704 261 8 8
416 388 10 11
767 294 7 10
623 368 11 13
420 251 8 12
388 266 9 11
199 230 7 11
207 223 7 10
166 275 7 11
815 372 11 14
790 370 11 11
825 320 9 12
806 308 9 11
776 308 11 12
784 295 8 9
847 288 7 9
124 369 10 12
