283 322 24 29
493 163 34 37
728 261 31 35
6 453 16 20
33 441 11 18
64 443 12 15
114 465 15 20
151 460 14 16
176 456 14 17
216 477 12 14
203 441 11 14
193 426 10 12
175 443 10 13
147 438 11 15
109 436 13 15
125 420 12 14
90 420 11 14
65 425 10 14
82 409 10 12
112 405 10 14
49 406 12 14
30 423 13 13
0 423 10 13
8 403 11 15
51 391 10 12
77 393 10 13
10 386 11 13
148 403 11 14
160 399 8 12
177 394 11 16
206 399 10 12
223 432 10 14
192 411 10 13
156 429 11 12
325 455 13 16
339 444 8 14
363 457 11 14
315 445 10 13
323 434 8 12
379 427 7 11
356 426 8 13
357 403 8 10
374 386 11 11
353 375 7 9
403 388 7 10
353 415 9 13
233 397 10 13
183 379 9 11
157 374 11 14
120 361 8 9
25 362 8 12
59 331 8 9
6 330 10 13
88 334 8 11
103 335 8 10
125 333 8 11
149 358 8 10
154 347 9 11
178 352 7 10
224 380 7 11
217 372 8 10
193 366 8 11
235 339 7 9
258 342 8 8
182 323 7 10
200 327 6 8
141 322 9 10
121 321 8 9
84 317 8 8
242 361 8 9
311 360 8 11
324 349 6 9
332 363 8 10
336 348 6 8
352 348 6 8
369 351 7 8
334 332 7 8
248 318 8 9
220 329 7 8
69 369 10 12
114 393 10 13
557 401 14 18
9 297 8 11
23 289 10 11
51 301 9 9
67 283 10 9
46 281 7 9
116 288 8 8
182 314 7 7
201 313 7 8
198 291 7 9
187 280 7 9
241 308 8 9
267 304 6 7
113 307 8 9
103 274 7 8
0 287 6 8
825 450 10 9
921 448 9 10
933 452 6 9
904 454 6 7
971 453 7 8
848 452 7 7
625 124 28 43
