381 247 20 29
372 228 8 11
650 243 10 17
641 239 10 17
748 231 10 13
913 246 13 20
969 290 9 14
1010 267 7 11
358 259 9 12
462 244 7 9
504 244 6 8
424 245 6 10
146 242 8 12
971 264 7 9
989 261 8 11
37 271 8 10
82 272 6 9
857 240 8 10
828 247 5 8
808 237 8 11
928 237 7 9
965 244 7 8
942 233 8 9
835 263 7 8
763 239 6 8
742 236 7 9
733 241 7 7
981 226 6 8
970 212 6 8
959 219 5 7
928 198 5 6
889 245 6 7
893 207 5 8
901 199 6 7
875 230 5 7
867 215 6 8
781 236 6 9
566 267 6 9
591 272 6 6
546 262 6 9
240 144 16 34
