508 32 9 16
578 44 10 15
622 43 9 14
664 42 11 13
684 119 13 16
676 83 10 13
789 77 10 18
833 89 13 17
921 90 12 13
953 134 10 14
971 95 9 15
863 166 14 14
920 165 13 16
946 172 12 16
913 242 16 18
853 243 14 17
747 323 16 20
688 273 15 21
638 255 15 27
553 258 14 17
517 290 16 20
508 249 14 19
472 138 11 17
419 241 11 17
534 147 10 13
293 276 12 17
340 274 11 20
326 303 14 27
491 359 14 22
549 357 15 25
387 404 20 28
651 377 15 21
697 371 15 24
746 376 15 21
810 375 15 23
866 387 14 22
927 396 14 21
79 407 16 27
993 132 10 15
709 85 11 15
843 6 11 17
884 0 13 16
751 3 13 16
750 90 11 15
584 324 14 22
