23 475 7 13
95 501 7 14
138 511 7 14
22 522 9 12
57 528 9 15
86 537 9 13
108 551 8 15
141 557 7 14
60 489 8 13
9 511 7 12
7 568 7 13
170 568 8 16
235 588 9 14
168 527 7 15
510 660 10 18
219 547 7 12
285 560 7 13
189 420 10 14
413 359 7 12
512 328 7 10
851 350 6 10
973 302 7 9
942 309 5 6
929 333 7 9
925 297 5 7
883 293 6 8
935 304 6 8
914 274 6 8
938 281 7 9
975 283 6 8
988 286 4 7
1000 267 6 6
975 264 5 7
953 263 6 7
926 259 8 8
1017 247 6 8
971 238 6 7
947 240 5 7
888 278 7 7
885 249 6 9
847 263 6 8
858 230 6 9
904 231 6 11
923 216 4 8
922 238 6 7
1007 229 6 11
997 222 4 7
967 220 7 9
949 220 5 7
939 200 5 9
969 202 6 7
986 206 5 6
1010 191 5 5
980 191 5 6
966 186 5 5
936 184 5 6
915 182 5 6
915 202 6 6
899 246 6 10
894 235 6 8
926 158 4 8
937 161 3 6
963 168 4 10
979 163 4 7
1007 170 4 6
975 146 6 9
955 148 5 6
1016 170 7 7
840 304 8 9
866 250 4 8
782 312 6 9
761 306 7 10
790 299 6 8
795 275 6 8
803 256 7 8
775 278 6 9
756 288 7 9
758 273 6 9
740 289 4 7
821 274 11 11
825 332 6 7
822 239 6 9
843 224 5 9
857 210 4 7
793 206 5 7
801 186 6 7
826 175 5 7
810 169 6 7
787 183 6 8
791 168 5 7
998 149 4 7
993 133 5 6
970 131 3 6
946 133 4 6
936 145 5 6
963 125 4 6
987 116 5 5
1006 120 4 5
998 100 4 6
979 103 4 5
898 108 6 7
918 95 5 6
901 94 5 6
880 94 4 6
931 83 4 7
917 81 4 7
895 77 5 7
967 112 5 6
995 83 6 8
1012 73 5 7
927 69 5 6
907 65 5 6
961 54 4 5
959 41 4 5
973 43 3 4
688 340 8 10
735 304 7 9
723 324 8 11
718 300 7 10
700 297 5 8
695 286 5 9
714 284 6 9
707 270 5 8
726 252 6 8
709 252 6 7
696 247 5 9
694 263 5 8
673 262 6 7
675 281 6 8
682 290 7 8
652 299 6 8
652 284 6 8
634 293 6 7
635 275 6 8
618 291 6 8
619 273 5 7
611 255 5 7
629 255 5 7
649 255 6 9
679 248 6 6
756 232 6 8
738 233 6 8
704 233 6 6
692 227 5 7
678 226 6 8
655 239 6 9
655 224 5 7
657 205 5 6
677 210 6 7
693 211 7 9
715 208 7 10
733 212 8 9
757 214 6 8
775 220 5 7
772 199 5 8
755 197 5 7
691 196 6 7
679 191 5 7
664 192 5 5
647 184 6 9
716 181 5 7
729 179 6 6
753 184 5 6
768 185 3 6
700 177 4 8
682 176 4 6
682 160 5 7
699 161 5 6
718 161 5 8
739 163 5 8
755 167 5 7
768 167 5 7
812 152 6 8
797 149 4 8
775 146 5 8
759 151 6 5
743 145 5 7
707 143 5 7
675 138 6 8
686 143 5 6
745 128 4 8
754 133 5 6
770 133 5 6
791 133 5 6
813 132 5 7
808 118 5 7
759 121 7 9
661 173 7 9
663 159 6 6
652 156 6 8
654 140 6 7
695 128 3 4
681 124 4 5
648 125 4 4
677 108 4 6
699 116 4 5
720 116 4 8
707 118 5 7
712 137 6 7
661 108 5 6
723 99 3 5
760 99 5 7
745 98 4 6
704 101 4 5
832 155 5 6
857 155 6 7
855 138 5 7
867 124 5 7
829 133 6 8
849 117 6 9
861 106 5 8
842 94 6 7
856 78 5 7
858 94 5 8
840 76 6 5
824 76 6 5
809 103 5 5
807 73 4 7
789 72 4 5
775 71 5 7
754 72 5 6
743 83 5 6
729 69 4 6
776 87 5 6
798 86 5 7
809 86 6 7
776 115 5 8
790 100 5 7
774 105 5 6
728 94 6 9
727 81 4 7
877 107 6 7
872 77 7 8
945 68 5 7
856 64 6 7
837 62 5 6
824 60 4 6
829 89 4 6
803 61 4 7
795 58 4 5
771 55 5 6
760 58 5 6
790 46 4 6
824 46 4 7
840 46 4 6
854 49 4 5
877 49 4 6
870 68 4 5
696 80 4 7
711 85 4 7
663 126 4 6
629 155 5 7
742 58 5 6
662 67 4 5
646 65 5 7
692 41 4 6
888 51 3 4
924 51 4 7
902 48 4 8
907 38 3 7
924 38 3 7
939 39 4 8
929 24 5 8
916 25 4 6
891 38 5 5
948 13 5 8
913 11 5 8
853 34 4 6
868 36 4 8
881 19 4 7
864 8 5 6
848 19 6 5
820 31 6 7
819 20 4 6
832 17 6 6
848 4 6 9
786 32 3 5
800 34 5 6
788 16 4 7
784 9 3 5
723 15 5 8
943 52 5 6
985 26 5 6
770 47 4 6
681 97 5 6
760 43 4 7
758 26 5 5
711 65 5 6
659 53 5 6
645 39 5 7
672 33 4 6
660 27 3 5
632 38 3 5
628 53 4 6
703 26 6 9
623 133 5 7
610 105 4 5
628 95 4 5
612 95 4 6
629 65 5 5
613 65 4 5
603 60 4 6
592 107 4 5
581 101 4 6
602 155 5 6
639 136 5 7
616 153 5 7
644 172 4 7
621 170 4 6
609 169 3 6
592 168 4 4
624 187 4 7
606 184 5 7
587 184 5 7
644 203 5 7
633 191 6 6
632 221 5 7
637 238 5 8
615 238 6 6
623 224 6 7
591 254 5 7
600 219 4 6
587 220 5 7
579 231 6 8
599 203 6 7
584 204 4 5
569 214 6 6
547 214 5 7
532 210 4 6
518 208 5 6
499 221 5 6
515 225 6 7
532 229 5 7
549 229 5 7
563 231 4 6
573 250 6 6
595 286 6 8
533 268 5 7
537 247 6 8
524 242 6 8
513 264 6 8
495 258 5 7
501 243 4 7
571 267 8 7
626 78 4 6
598 78 4 6
584 65 4 5
571 63 4 5
581 78 5 5
566 74 4 6
597 94 4 5
567 130 5 8
555 115 4 4
559 101 6 7
543 100 5 6
542 126 5 7
546 145 4 7
572 121 4 7
492 57 4 6
532 64 5 6
485 70 4 6
494 72 5 7
525 89 4 6
513 85 4 8
565 49 4 6
479 55 3 6
501 59 3 5
520 57 4 5
493 46 4 5
480 45 3 4
516 46 4 6
543 65 4 6
469 81 5 7
501 85 5 5
454 72 4 7
483 86 3 4
479 99 4 5
511 99 4 6
527 100 4 5
523 117 4 4
514 116 3 5
513 127 4 6
500 127 4 4
485 110 4 5
501 111 4 5
464 95 3 7
466 129 4 5
485 126 4 5
454 85 4 6
440 94 4 5
470 113 3 4
495 101 4 4
519 144 4 7
533 148 3 5
499 145 4 4
525 161 3 6
510 161 4 6
508 174 5 5
495 174 4 6
490 160 4 5
477 172 4 6
448 127 4 4
433 129 4 4
422 124 4 5
416 106 4 5
409 123 3 5
397 116 3 6
392 135 4 5
427 140 3 5
389 148 5 7
403 151 4 8
416 154 5 6
454 154 4 6
484 190 5 6
471 189 4 6
459 184 5 6
457 174 3 6
453 200 6 7
440 194 6 6
426 180 5 7
416 177 5 7
396 179 4 6
383 180 4 5
381 168 4 6
387 194 3 5
473 202 3 6
422 168 4 5
432 169 4 6
428 155 3 4
407 165 3 4
374 148 4 5
376 135 5 6
358 147 5 5
371 167 4 5
357 162 4 5
348 161 4 5
331 171 5 6
339 176 6 6
353 178 5 6
371 189 6 6
361 192 4 6
350 188 4 6
367 176 4 6
404 195 5 7
415 211 5 7
448 215 4 7
425 224 5 6
395 208 4 8
415 231 5 5
400 228 5 7
384 225 5 7
377 213 4 6
362 206 6 6
349 204 5 7
333 202 5 6
320 202 6 6
305 197 6 8
304 185 6 7
296 215 5 6
308 217 6 6
317 216 6 5
340 219 5 6
355 222 6 5
371 226 5 6
432 259 7 8
430 249 6 7
427 244 4 7
417 258 6 6
446 287 6 7
408 246 4 6
397 257 6 7
392 243 5 7
373 242 5 7
371 250 6 7
359 239 6 6
352 237 6 6
358 251 6 6
347 247 4 6
327 249 5 5
329 233 6 7
315 244 5 6
298 238 6 7
291 227 5 7
323 188 4 5
456 251 6 7
484 245 6 6
477 236 5 7
471 215 5 5
557 196 6 8
532 198 4 6
552 178 6 7
571 184 6 7
574 167 5 7
598 237 5 7
447 184 4 5
427 95 5 6
434 46 4 6
404 68 4 7
391 67 3 5
372 80 4 5
376 66 4 6
376 88 5 7
368 89 3 5
364 67 5 6
350 66 4 5
361 79 4 5
350 90 5 6
332 77 5 6
320 75 5 6
321 89 4 6
352 103 4 5
334 102 4 5
333 115 4 5
289 196 5 7
285 208 6 8
270 209 5 7
288 77 4 6
275 76 3 6
238 85 4 5
285 111 4 6
302 102 4 6
282 87 3 6
255 87 3 6
214 94 4 7
230 73 3 4
245 96 4 5
222 110 4 4
255 110 3 6
324 135 4 6
311 144 4 6
294 129 4 5
290 153 6 6
280 142 6 6
267 141 5 6
247 139 6 7
272 155 4 7
224 128 4 6
214 140 5 6
231 139 5 6
274 165 6 7
233 197 5 7
257 154 4 6
222 169 5 5
365 100 4 6
334 88 5 6
197 126 4 5
180 127 4 5
172 138 3 5
181 150 5 5
194 137 4 5
238 165 5 5
164 149 5 5
163 201 5 7
183 191 5 6
172 174 4 6
191 165 4 5
158 162 4 5
208 206 5 6
239 180 5 7
204 169 4 4
170 187 3 5
218 196 4 5
202 191 5 5
277 225 5 6
265 223 4 5
249 221 4 6
235 220 6 7
225 226 5 6
231 234 6 7
248 236 5 6
287 241 5 6
270 239 6 6
211 232 6 8
197 229 6 7
195 208 6 7
180 224 5 5
167 222 5 7
154 221 4 6
142 189 5 6
149 198 6 6
252 182 4 7
255 166 4 6
132 200 6 7
119 217 5 7
88 198 6 8
68 201 6 7
54 199 5 5
69 174 4 7
90 170 6 6
101 158 5 5
134 215 5 4
63 185 5 6
82 137 4 6
102 138 4 7
89 145 5 7
82 160 5 8
111 136 4 7
108 123 4 6
1 180 4 7
14 191 4 7
3 154 4 6
125 123 3 4
87 122 3 5
17 180 4 6
31 155 4 8
15 157 5 6
3 131 4 6
40 133 4 5
38 144 5 7
18 144 5 6
53 129 4 6
60 120 4 5
41 121 4 5
57 142 4 5
23 119 3 6
3 120 4 7
68 106 4 5
88 108 2 5
101 108 3 6
121 107 3 6
114 95 3 5
79 94 5 7
66 93 4 6
42 168 3 5
135 108 4 7
146 98 3 6
125 73 4 6
16 82 5 8
36 82 4 7
187 111 5 7
198 98 4 6
167 59 4 6
143 71 4 5
117 81 4 7
147 88 6 8
111 68 5 8
466 58 5 5
416 56 4 6
614 53 4 5
217 86 3 5
218 63 4 5
248 128 4 5
260 132 4 6
238 112 5 6
230 114 5 6
309 114 4 7
295 113 7 9
249 62 5 7
273 51 4 4
258 51 3 3
241 52 3 4
218 155 6 10
45 93 4 5
53 105 5 5
38 105 4 5
19 108 4 4
