920 369 9 14
872 377 11 15
832 380 10 14
796 417 10 14
764 377 10 12
760 422 11 16
743 417 8 11
725 390 11 14
712 371 10 14
712 420 13 18
678 352 11 13
672 387 9 12
610 257 32 35
578 418 15 17
524 409 13 16
563 388 10 13
533 387 6 11
492 383 7 12
463 329 31 34
449 374 15 14
308 350 11 13
283 353 15 18
316 382 11 14
306 424 10 11
270 336 8 11
221 318 10 14
261 354 13 15
173 377 12 17
223 382 9 12
158 364 10 13
156 419 11 13
113 392 10 18
100 377 8 15
66 369 9 14
32 410 9 15
17 406 8 15
19 363 9 13
