483 232 48 70
522 31 53 80
802 322 21 31
40 394 22 28
88 408 20 26
148 407 19 25
189 408 13 16
226 416 19 20
260 370 13 17
85 350 15 21
193 349 15 18
128 380 18 19
286 406 19 24
152 338 11 16
212 339 11 14
154 381 15 21
118 409 14 19
32 346 13 17
68 372 13 21
73 298 11 16
305 384 15 18
285 368 12 15
295 359 9 13
592 421 13 16
573 417 12 16
607 400 10 14
231 364 11 13
275 355 12 16
753 447 13 18
55 328 10 12
98 320 11 13
119 323 8 10
153 315 7 11
250 348 8 10
263 343 10 11
323 377 8 14
339 376 8 12
261 325 10 12
218 322 8 11
42 302 11 13
178 331 9 13
187 315 9 12
91 291 8 11
739 423 11 13
762 427 12 12
721 425 11 11
705 429 11 11
368 352 9 11
327 332 9 11
274 311 9 11
236 324 9 11
250 313 9 10
296 327 8 11
324 319 8 10
366 335 8 10
747 410 9 11
28 291 9 14
141 303 8 11
187 288 8 12
43 267 8 11
108 309 9 12
