396 342 61 57
168 842 24 32
54 965 16 25
312 942 12 18
266 921 12 19
64 892 13 16
97 863 15 19
736 333 64 56
807 955 9 14
852 952 11 14
0 943 8 22
16 972 20 22
37 948 13 16
37 849 15 22
50 813 13 18
25 798 16 18
101 797 14 15
137 815 13 17
135 874 12 17
179 816 13 15
189 846 12 18
210 860 14 17
230 862 12 19
222 830 11 13
205 836 13 13
243 819 10 14
262 830 12 12
231 828 8 12
262 862 13 17
277 865 10 14
294 869 14 15
274 824 8 16
292 835 10 11
199 822 14 12
323 866 10 12
330 866 10 15
341 869 10 15
368 912 16 18
372 887 18 20
427 955 16 17
438 964 15 17
891 956 11 16
