27 327 32 63
77 253 53 65
126 217 27 27
216 223 67 101
238 218 70 106
380 232 23 30
508 291 38 50
431 234 54 72
549 254 22 26
583 285 24 27
657 219 72 83
789 284 44 52
842 206 70 88
914 290 55 61
960 278 35 42
956 261 37 35
731 237 26 26
358 231 15 25
387 189 12 19
426 173 11 19
370 148 12 16
341 173 13 17
316 151 10 16
399 135 12 18
187 202 19 21
132 183 16 19
168 246 11 13
161 160 14 18
138 142 12 14
219 138 9 16
209 162 13 19
487 219 22 26
521 193 17 19
580 188 13 18
572 154 15 24
500 173 15 17
446 179 21 21
480 269 19 29
613 159 11 17
662 188 15 16
776 222 13 16
723 192 16 21
719 165 13 16
709 182 12 16
679 149 14 16
654 134 11 17
639 147 16 15
769 159 11 14
753 141 9 13
790 180 14 22
969 234 17 17
939 247 15 17
978 216 15 21
996 195 10 16
952 202 12 15
922 184 16 17
887 183 12 16
876 150 10 15
903 139 12 17
989 162 11 15
983 143 9 15
945 146 10 15
923 143 9 16
952 134 11 13
730 275 20 27
748 278 19 24
