522 177 45 53
336 155 45 45
587 130 8 11
570 130 7 11
590 153 9 11
574 153 9 13
538 161 7 10
511 138 6 10
466 140 7 10
430 150 7 10
411 128 9 9
485 170 7 10
460 177 7 9
413 180 9 11
380 156 8 10
369 157 6 7
385 179 8 10
383 204 10 11
417 204 9 10
431 185 8 8
440 194 7 12
498 195 8 9
582 247 11 15
581 204 11 13
557 252 11 16
67 7 6 7
86 7 5 6
38 22 5 7
80 38 5 6
96 29 4 6
62 38 4 7
139 152 7 11
124 160 7 9
70 167 7 9
36 174 7 6
12 222 5 5
34 214 5 11
68 213 6 9
92 206 6 10
122 207 7 8
148 200 6 9
168 195 5 8
152 227 5 10
104 230 9 9
80 232 7 9
70 235 7 8
43 240 8 8
4 246 5 11
6 266 7 7
19 239 5 7
47 261 7 11
36 259 8 10
70 258 4 7
93 253 6 11
128 245 8 12
148 244 5 9
128 270 8 9
102 274 7 10
77 275 8 15
4 287 5 12
4 311 9 9
23 327 7 11
40 306 7 9
52 312 7 14
65 316 8 13
92 313 8 11
112 307 9 12
148 328 10 16
27 291 7 7
48 289 6 8
29 351 7 12
52 345 8 11
148 359 11 15
134 361 11 15
117 367 11 16
134 395 8 13
111 403 11 14
98 410 11 13
86 412 9 13
2 335 4 13
10 356 7 11
33 381 8 12
19 449 9 13
9 451 6 9
25 478 11 17
43 445 11 17
59 447 10 16
80 452 11 13
81 473 13 18
76 413 8 11
131 441 11 15
134 405 10 17
151 387 8 13
235 163 6 7
259 157 8 8
205 171 7 7
203 191 8 9
230 186 9 12
255 176 8 11
277 177 8 11
218 208 8 11
183 232 10 16
205 235 6 10
184 264 7 9
278 225 10 12
302 217 9 11
296 246 10 11
265 292 7 11
221 259 32 40
296 309 10 15
258 324 11 12
314 346 8 13
330 350 8 10
279 353 11 15
297 386 13 19
269 392 12 16
243 397 11 16
286 430 12 18
311 433 12 19
281 476 18 18
265 471 11 13
351 96 8 13
467 121 7 12
415 93 8 11
446 128 8 10
502 166 7 9
495 175 10 11
444 77 6 8
584 65 10 10
592 99 10 14
581 104 7 9
617 123 7 11
639 143 10 13
591 171 12 14
607 168 13 17
609 155 12 9
623 246 8 11
607 262 7 10
639 278 11 18
615 283 10 12
811 24 9 11
781 31 8 11
737 48 8 10
702 51 8 7
681 111 10 11
704 111 8 10
736 103 8 11
797 94 10 12
822 88 10 13
820 147 9 14
784 123 10 14
778 146 10 14
826 174 10 15
748 127 11 13
735 115 6 11
678 140 10 11
677 165 10 10
653 114 9 12
649 170 11 14
750 180 10 14
715 190 9 15
738 162 9 17
755 233 13 13
724 237 10 11
668 242 11 10
650 251 10 12
662 268 9 13
701 282 9 9
745 271 13 15
737 309 13 16
714 308 14 17
643 314 13 15
622 323 10 15
670 322 12 14
719 352 12 17
665 364 12 17
633 362 13 19
600 359 15 19
608 416 13 18
632 451 16 22
698 436 17 23
762 440 19 23
962 40 11 13
938 59 10 16
922 52 10 13
896 50 9 13
864 51 9 13
868 78 8 12
901 73 10 13
858 112 10 14
885 122 11 16
919 99 8 14
847 145 10 15
826 223 14 15
980 153 13 16
981 207 9 17
1006 194 13 17
1018 117 6 13
795 265 12 14
985 267 9 14
974 287 16 16
903 293 17 16
967 333 14 21
1013 327 9 20
908 344 14 17
852 332 15 22
979 398 16 20
933 407 12 14
966 420 17 24
914 421 17 23
813 398 15 20
833 428 17 27
792 437 17 23
853 438 14 19
