901 103 40 45
599 0 60 64
376 49 60 68
174 188 28 38
27 337 14 17
54 335 18 22
213 336 17 20
258 337 15 20
290 329 14 16
267 280 14 16
238 260 9 13
230 225 6 9
217 213 7 11
248 217 8 10
277 217 9 10
240 203 7 11
44 222 10 13
54 253 8 11
32 258 9 11
16 225 9 12
24 204 9 11
4 200 8 10
677 316 12 16
742 320 10 12
751 300 7 12
769 313 11 14
757 324 9 9
804 306 12 16
766 263 8 11
819 235 7 9
774 232 7 10
1003 228 13 23
794 222 6 8
748 245 7 11
834 213 7 10
818 210 7 9
825 181 5 8
840 185 6 8
796 187 5 6
785 249 8 11
