540 179 68 108
375 426 88 113
766 593 52 59
109 546 7 9
95 545 6 11
120 555 4 9
87 530 4 8
66 558 6 8
43 523 5 8
26 517 6 9
37 557 4 7
50 561 4 7
17 556 6 8
7 543 6 9
13 573 7 9
26 573 7 9
49 582 6 8
65 585 6 10
8 594 8 10
10 614 7 7
29 619 7 10
24 601 7 11
21 586 6 10
32 590 4 8
48 594 7 11
40 606 6 7
51 611 6 9
48 623 8 10
70 600 7 10
73 584 4 7
81 587 4 8
96 600 5 9
88 611 4 10
81 624 6 7
79 612 5 10
112 593 6 10
139 582 5 7
163 600 6 9
132 612 6 8
109 605 6 7
78 600 5 7
105 615 5 7
122 610 4 7
149 628 6 8
139 628 6 7
128 624 6 8
125 639 6 8
135 643 6 8
150 647 6 8
161 654 7 8
112 634 6 9
88 633 6 9
103 644 7 10
70 635 6 10
71 649 7 11
80 552 6 8
86 649 7 11
50 637 7 10
65 645 6 9
77 661 7 10
102 656 5 10
122 661 5 9
94 665 7 10
111 684 7 10
121 688 6 10
65 679 7 10
15 666 8 13
3 682 9 13
25 688 10 13
54 699 9 12
75 707 9 12
93 708 8 12
99 729 8 11
120 737 6 11
74 728 6 10
91 744 10 14
101 747 7 12
63 729 10 14
49 731 10 12
42 709 7 9
30 709 8 14
5 706 9 9
2 716 7 15
25 728 11 13
22 740 11 14
36 747 10 14
61 754 11 12
42 720 9 10
82 762 10 14
98 766 10 13
129 766 10 13
141 753 8 12
86 792 10 10
87 801 10 11
85 810 8 12
72 814 12 14
59 785 11 15
53 805 12 11
50 821 13 19
67 835 13 16
47 853 13 19
33 789 10 11
104 790 9 12
32 800 9 11
25 802 7 11
7 790 12 16
22 802 8 9
4 809 11 15
25 815 12 18
13 810 8 13
13 841 14 16
9 858 15 17
24 853 13 18
37 881 13 18
94 884 14 19
25 900 15 21
24 938 17 23
55 898 16 20
131 559 6 9
177 590 4 9
192 603 6 8
209 608 4 8
221 612 6 9
231 619 6 12
202 662 6 8
275 661 6 7
283 648 4 7
270 640 5 9
260 651 7 8
255 658 6 9
245 663 6 8
211 675 5 9
218 681 5 8
179 658 8 12
157 671 7 8
172 679 5 7
157 683 9 12
243 697 6 10
226 693 7 9
168 686 5 9
138 668 5 7
132 675 6 9
157 696 7 11
177 703 8 10
205 698 6 9
213 725 7 11
231 717 6 10
164 712 7 12
134 708 7 10
138 723 7 10
235 761 7 9
227 752 6 10
218 745 8 10
216 755 8 12
225 775 8 12
206 771 7 12
200 785 9 9
166 726 38 55
147 772 12 14
318 695 5 7
305 694 5 8
319 706 6 7
309 704 6 8
305 709 7 10
291 706 7 9
279 709 7 11
309 724 7 9
293 722 7 10
300 736 7 10
320 731 9 10
314 744 8 10
247 729 7 9
227 734 7 10
254 752 7 12
264 757 6 11
274 769 9 12
295 778 9 12
275 785 8 13
250 780 10 12
318 714 6 8
334 754 7 11
286 790 11 14
292 805 7 13
250 829 11 13
237 856 10 16
248 859 9 16
258 861 8 11
259 874 8 11
245 850 7 11
237 893 11 15
210 927 10 18
231 933 10 17
247 931 12 15
230 964 15 19
183 958 12 17
336 721 6 10
254 723 6 10
597 818 4 9
587 833 4 8
621 842 5 7
602 832 6 9
636 831 4 6
639 841 5 6
633 852 6 9
645 857 4 7
639 808 5 7
645 818 7 9
667 834 5 7
582 860 6 10
621 855 5 8
573 876 6 11
570 890 6 9
558 897 7 11
481 917 8 11
580 912 7 10
575 920 6 11
566 923 7 11
560 909 6 9
638 891 6 10
629 889 7 8
618 886 5 8
600 872 5 8
632 913 5 7
647 921 6 8
625 922 6 10
638 928 6 9
645 932 5 7
487 936 11 14
584 883 7 9
581 965 9 16
581 1002 11 17
567 1008 11 12
560 994 11 16
648 941 6 11
635 937 9 10
602 941 8 13
591 941 9 11
579 940 7 10
623 962 5 10
611 963 6 10
625 1008 9 11
631 963 6 11
659 842 4 8
867 925 5 8
868 909 4 7
827 904 5 7
840 892 3 7
859 891 5 7
824 889 4 8
1009 929 4 8
990 928 4 7
1000 916 5 7
1006 901 5 9
981 903 3 5
966 904 5 5
947 906 4 4
885 904 9 12
928 896 5 6
722 991 8 12
712 1021 9 13
724 1024 7 12
819 1027 7 9
821 999 7 10
831 1001 7 9
839 996 6 8
849 992 7 8
851 982 5 7
845 987 4 5
818 991 5 6
830 980 5 9
827 968 5 7
821 972 4 6
814 981 6 7
825 985 3 7
858 982 5 8
865 990 5 7
853 1004 7 9
862 1004 5 10
870 1014 5 7
877 1008 5 7
864 999 5 7
886 1001 4 7
881 1031 9 12
896 1009 7 10
964 1031 7 12
965 1060 7 11
977 1062 7 11
934 1039 7 10
1015 1011 5 10
1006 1019 7 9
1019 1039 5 11
989 1037 9 12
985 1015 8 9
935 1008 5 12
1007 1064 6 12
1017 1065 6 10
927 1062 7 10
937 1063 9 13
990 1070 7 12
922 1008 7 10
908 1000 4 8
881 1006 4 8
195 675 9 12
191 709 6 7
212 713 6 7
199 708 9 13
