231 276 10 13
284 259 9 11
318 265 9 12
350 264 10 11
303 237 7 9
263 230 7 8
241 235 6 10
230 223 8 10
199 237 9 11
167 242 8 9
179 259 8 10
158 281 9 11
125 281 8 12
97 341 12 13
104 321 11 15
134 338 11 14
47 337 14 16
192 308 23 30
246 301 25 31
307 343 21 29
319 325 21 29
349 324 23 28
288 318 11 13
156 319 9 14
448 198 6 8
482 196 6 8
508 214 7 8
536 211 8 10
518 186 7 9
589 220 8 10
571 212 8 11
613 195 7 8
621 222 8 9
639 243 8 9
671 238 8 10
679 207 8 8
535 266 8 10
511 256 8 11
497 290 19 28
530 312 19 25
550 310 12 12
570 331 19 23
610 324 22 28
633 335 21 22
675 301 10 13
690 335 21 26
708 310 9 12
524 343 20 24
454 313 22 26
407 318 23 26
316 403 28 32
164 390 33 36
455 417 26 31
514 430 23 27
376 311 10 13
646 408 21 23
762 399 22 26
834 382 22 27
733 332 22 26
993 357 10 15
979 338 13 15
956 335 14 15
943 335 9 13
887 343 12 13
958 301 10 14
838 303 10 13
806 304 9 11
763 281 9 12
790 274 10 10
783 263 9 11
832 263 8 11
858 279 8 8
880 304 9 11
940 259 8 11
953 256 8 11
928 257 8 10
947 275 8 12
985 275 7 10
973 208 6 8
991 210 7 8
994 265 10 11
872 277 7 10
216 246 10 11
294 228 5 8
417 235 13 10
