120 386 9 10
127 403 11 12
149 404 11 16
162 426 11 15
172 495 10 14
209 475 9 12
265 448 10 14
264 412 12 12
180 407 10 12
163 350 9 9
209 353 8 11
195 343 9 10
180 353 8 9
142 305 12 14
179 320 10 14
257 364 11 12
273 356 9 12
285 336 10 13
247 312 7 12
212 296 9 11
249 296 9 13
273 331 9 11
272 315 9 12
304 265 12 9
331 264 10 10
317 304 12 13
225 283 12 10
250 283 10 11
319 287 8 12
347 281 8 11
366 276 9 13
387 286 7 12
373 288 7 10
376 306 11 13
356 312 9 14
344 312 11 11
313 327 11 10
322 338 11 13
388 325 9 13
414 311 9 13
404 312 10 9
427 292 9 13
413 289 8 10
454 292 10 13
480 296 8 11
484 313 9 10
451 313 9 9
442 315 6 10
483 369 10 13
435 395 10 13
404 390 9 14
376 397 9 12
449 485 18 16
24 283 9 13
44 268 7 11
29 303 10 13
22 333 12 14
33 360 9 17
21 371 10 12
26 399 9 13
28 413 10 13
21 457 10 16
33 475 9 13
394 267 9 12
421 256 10 12
445 264 8 10
524 286 9 13
576 295 5 10
556 310 9 10
563 318 10 15
569 333 8 14
548 356 8 13
554 371 10 11
91 260 7 9
803 543 12 21
73 273 8 9
96 272 10 12
57 297 7 10
69 301 6 7
54 337 12 13
45 443 12 13
942 441 9 12
1003 317 9 13
859 315 7 11
886 317 9 9
825 313 9 11
855 300 7 10
780 305 9 11
953 296 8 8
964 308 8 12
943 312 8 9
931 299 9 11
998 267 9 11
272 264 7 9
356 250 10 8
384 263 6 8
596 279 8 10
610 296 8 11
600 324 8 10
595 318 6 11
600 340 8 11
603 389 9 11
722 270 8 9
694 277 8 8
625 277 8 8
646 282 7 10
632 308 9 12
629 324 10 11
648 299 8 13
677 287 8 11
673 301 11 11
667 314 9 12
659 326 8 11
698 308 8 12
705 294 8 11
723 295 5 11
734 301 7 11
713 334 9 12
727 338 8 11
706 341 6 10
689 358 9 13
651 368 8 14
636 369 9 11
642 390 11 15
726 392 9 9
717 348 8 11
595 445 12 15
612 448 12 17
630 427 10 12
659 440 11 15
652 463 12 13
618 476 11 11
576 495 13 22
594 496 9 11
592 509 13 13
612 515 11 15
632 531 13 17
647 533 10 15
642 492 11 16
653 478 9 13
650 509 14 12
663 626 12 18
637 631 12 17
740 426 10 13
758 411 9 11
753 408 7 11
796 424 9 13
789 437 10 13
749 441 11 11
768 483 11 13
777 462 11 13
793 501 10 18
755 532 11 13
796 534 11 20
812 530 11 18
804 517 11 13
814 478 10 15
747 633 10 15
792 632 13 15
867 402 9 12
863 422 9 11
866 432 9 16
852 465 10 14
837 494 10 14
847 520 9 15
850 524 12 17
871 534 11 14
908 436 8 10
887 449 11 15
878 464 12 13
910 484 13 14
868 484 11 12
897 509 10 13
926 500 11 13
918 519 11 14
930 526 12 16
888 605 11 15
879 637 13 16
915 641 13 18
938 606 12 14
937 449 9 11
928 469 10 14
744 313 9 10
759 326 10 12
777 337 9 13
771 362 11 14
757 381 8 12
764 388 10 13
777 370 12 13
783 394 12 14
801 370 9 13
807 351 10 15
811 332 9 14
878 266 9 10
906 312 9 9
955 495 10 12
957 470 9 13
1012 463 8 12
995 489 13 14
1009 511 13 13
967 519 13 13
966 608 13 16
553 433 10 18
755 302 8 11
759 279 8 11
750 270 7 10
801 293 7 9
775 288 11 12
789 291 6 8
830 287 8 11
833 263 10 12
891 246 8 11
898 278 7 7
862 288 7 9
894 294 7 8
910 276 8 10
902 254 7 10
392 250 6 9
405 247 8 10
370 231 7 9
455 256 8 8
439 240 8 10
484 257 7 7
508 258 6 8
510 266 8 12
570 294 7 9
943 272 9 11
964 298 8 9
973 278 7 8
989 287 7 10
994 301 7 9
880 282 10 12
11 267 8 10
13 304 7 11
10 344 8 12
122 265 10 13
185 276 11 15
7 439 7 11
10 478 10 14
8 511 10 13
164 593 16 15
674 382 10 12
597 358 8 10
591 351 7 8
665 411 11 13
715 382 8 11
733 359 8 13
700 419 9 10
711 445 11 13
727 404 10 12
47 463 11 11
68 470 11 12
118 475 10 14
45 491 18 20
88 504 8 12
128 500 11 13
137 515 12 14
73 452 9 12
118 452 9 13
140 459 11 13
125 441 9 10
164 446 9 15
92 333 9 12
74 331 7 10
41 324 6 10
94 303 6 9
104 363 9 13
86 357 9 13
78 377 9 12
56 369 7 11
94 456 10 14
97 514 11 14
105 513 12 17
185 393 12 13
217 413 7 8
250 425 10 15
218 448 11 11
95 417 11 15
69 425 10 11
62 410 8 11
44 387 8 13
46 407 11 14
459 381 8 10
691 478 10 14
395 360 7 9
428 341 7 8
424 360 7 9
345 355 7 11
337 331 7 9
369 341 7 10
459 620 9 10
363 514 12 19
386 526 14 17
412 542 8 10
434 534 12 15
510 550 9 13
238 516 16 22
209 519 11 14
454 328 9 12
559 385 6 6
734 464 11 12
729 478 9 11
754 509 8 13
752 548 10 13
770 548 12 15
859 556 12 13
930 325 6 9
932 345 7 9
935 358 7 9
972 354 8 9
979 359 7 11
969 332 6 9
989 347 8 8
1005 343 8 11
914 384 7 12
937 401 10 11
962 412 10 11
993 383 8 10
996 394 8 11
1008 394 9 11
872 365 6 10
861 371 9 12
842 364 10 10
830 387 8 13
826 409 10 11
904 411 7 9
909 412 9 12
923 419 8 11
982 426 10 14
992 426 10 11
972 455 11 14
881 331 7 9
904 342 8 11
490 558 8 13
