364 463 36 51
277 488 37 43
473 297 50 47
284 433 12 15
238 468 12 18
202 474 15 15
174 440 11 15
225 417 10 15
181 414 11 15
138 417 9 17
367 431 12 15
322 434 11 12
323 400 11 16
291 380 12 15
326 532 20 17
327 498 16 18
785 400 18 21
732 426 17 17
732 466 13 19
676 472 19 21
646 510 25 36
670 427 17 24
587 474 14 20
668 352 11 20
711 314 11 19
754 289 14 28
622 280 11 16
657 271 11 14
740 241 12 17
789 245 13 17
820 237 13 15
835 248 10 15
883 235 12 16
822 268 12 14
874 264 14 18
888 281 13 21
874 319 12 16
875 348 14 19
809 349 15 28
772 370 15 17
854 382 18 27
1012 357 11 26
963 348 15 23
930 382 18 27
932 431 21 23
1004 432 18 28
1003 491 20 26
920 154 10 12
998 178 11 15
977 166 12 14
949 183 12 15
906 193 13 14
958 217 11 14
1001 209 14 18
992 240 15 20
1001 274 15 20
943 275 15 21
927 259 14 20
914 341 15 19
873 174 10 14
860 196 13 15
832 182 13 18
