774 65 30 38
890 44 27 41
1008 54 15 35
1011 123 13 38
982 173 31 44
882 104 30 42
852 270 26 36
674 5 24 34
570 51 27 42
644 108 25 38
757 184 29 45
738 187 25 37
679 110 20 29
637 183 28 41
645 257 28 38
385 129 26 34
542 127 25 31
551 191 24 39
454 191 27 38
540 259 26 45
559 314 28 46
421 263 29 41
555 418 28 30
576 482 32 45
403 413 30 47
461 556 32 47
425 562 33 49
584 559 34 50
953 315 34 49
851 330 27 43
894 417 30 34
930 503 29 50
772 391 33 42
838 468 34 45
836 572 33 52
976 585 28 49
730 486 33 51
792 477 9 13
671 409 29 33
688 494 30 46
690 611 36 51
231 0 23 30
1 38 18 38
1 185 16 36
112 53 19 35
30 130 24 37
130 121 29 38
260 115 25 32
303 170 29 42
216 232 27 41
312 247 30 40
279 307 28 40
95 203 24 39
93 242 29 43
13 320 29 40
65 324 27 34
55 493 27 43
195 466 30 45
307 480 29 41
290 549 36 51
159 573 35 52
60 565 29 46
9 556 32 47
330 400 30 43
173 405 28 37
342 561 33 45
