460 342 79 78
599 495 61 77
99 1125 35 50
239 1201 27 41
157 1071 29 43
361 1107 33 41
489 1110 31 43
468 1075 32 44
545 1197 32 42
43 1064 29 40
679 1192 31 45
878 1207 30 41
995 1127 25 44
709 1121 29 38
680 1082 28 38
91 1212 33 37
331 1049 23 33
16 1022 15 38
190 1003 22 33
205 948 22 30
159 907 22 28
126 936 21 32
79 891 22 30
277 962 19 29
260 1013 20 28
397 1014 23 25
188 868 17 24
234 866 18 26
247 909 19 26
113 863 17 25
115 821 21 30
299 878 20 28
190 832 21 29
37 824 21 24
551 1035 22 36
634 1065 20 28
663 1068 21 36
549 961 20 34
751 1103 23 31
741 1067 24 34
770 1065 24 31
690 1054 25 34
697 1021 23 26
845 979 20 28
906 1017 26 32
954 1086 24 33
914 937 17 23
775 939 19 26
967 940 18 26
887 996 20 22
306 936 17 21
406 961 21 25
310 847 16 25
395 1072 28 35
774 897 21 24
987 987 19 23
833 860 20 23
962 874 17 25
983 906 16 21
845 949 19 23
