339 113 33 33
416 158 32 38
616 165 36 59
592 279 31 31
776 280 25 30
1 329 24 34
41 543 9 10
8 610 7 11
0 608 4 11
47 609 5 8
52 616 5 7
61 602 4 4
56 595 4 5
64 585 3 6
66 618 5 6
72 627 4 5
86 613 6 8
100 630 5 9
129 630 5 7
131 614 5 8
115 612 6 8
106 612 5 6
149 616 5 6
167 628 4 6
176 620 4 6
220 615 4 5
238 615 4 6
246 610 4 8
266 617 5 7
261 614 4 8
275 617 6 8
287 622 5 7
293 616 6 8
317 616 6 7
308 617 5 6
301 618 4 7
400 613 5 9
409 610 5 9
431 613 5 8
446 603 5 6
455 611 7 9
461 608 5 9
472 610 7 10
479 605 4 7
435 595 6 8
485 605 7 8
495 606 5 7
508 611 5 11
566 604 7 8
585 601 6 9
595 601 8 11
620 598 8 11
652 597 7 10
650 586 4 7
597 590 4 8
765 560 6 8
767 555 6 8
752 555 4 8
754 564 6 7
737 589 8 10
763 586 8 10
758 601 8 9
776 590 9 10
769 579 7 9
791 580 8 13
802 587 8 13
820 589 8 11
814 588 6 10
786 596 6 10
773 612 8 10
775 545 6 8
776 556 3 4
757 539 5 7
767 541 3 5
735 581 5 6
739 567 5 5
880 524 8 11
905 522 14 17
887 582 9 13
942 520 6 8
967 544 4 7
969 532 4 10
945 544 7 9
922 534 6 9
928 531 6 8
953 569 10 16
940 592 9 12
966 575 14 15
982 531 6 10
989 544 6 8
1004 521 4 7
1007 527 8 10
1005 536 7 10
1004 571 12 15
996 574 7 10
961 502 5 6
960 511 4 6
982 522 7 7
961 491 5 6
991 479 5 7
99 620 5 7
70 613 6 6
