34 240 12 14
69 248 12 15
89 235 14 14
118 228 11 13
140 222 10 13
165 212 11 15
108 187 12 13
117 173 8 12
138 167 11 13
63 187 12 12
33 207 11 12
6 212 10 12
146 270 11 13
169 269 10 12
110 315 11 12
19 348 11 12
215 289 10 14
236 276 11 14
280 270 12 13
300 268 11 14
311 237 11 12
335 214 10 14
297 177 10 11
319 172 11 12
273 198 10 12
236 242 11 12
263 243 11 13
183 165 9 12
205 158 10 10
228 153 11 13
195 199 13 15
338 266 10 11
273 323 12 12
251 328 11 12
189 342 11 15
160 344 14 15
322 315 11 14
283 319 10 14
444 238 10 12
413 245 11 15
466 274 12 15
678 304 11 13
566 252 11 13
584 241 12 13
616 239 11 13
646 166 12 13
551 200 10 14
574 195 11 10
521 209 10 11
508 209 11 13
482 184 13 13
458 184 10 12
504 164 10 14
532 160 12 13
509 130 12 14
487 139 12 12
414 152 9 12
343 129 9 11
351 123 9 11
415 101 10 12
304 129 11 12
961 109 12 15
1010 116 10 14
986 76 12 14
966 78 9 11
909 147 11 15
958 147 10 12
983 154 11 13
1000 158 11 14
982 185 11 14
957 187 10 12
925 183 10 12
929 261 12 14
854 262 11 12
982 310 11 14
1006 275 12 16
974 275 12 15
978 347 11 14
940 341 11 15
949 310 11 13
919 330 11 14
904 310 8 11
874 321 11 14
878 296 12 13
849 289 11 13
837 327 11 13
806 311 11 13
820 277 11 14
772 308 12 15
911 284 10 11
787 492 12 14
893 590 10 17
615 516 12 15
628 469 13 16
562 518 14 17
744 599 10 14
838 592 10 13
286 434 14 17
267 442 12 9
62 504 11 14
762 160 10 12
