618 227 58 64
22 617 27 36
81 657 12 17
112 652 9 16
154 669 9 15
160 729 10 13
103 722 9 15
87 734 13 18
55 780 13 18
75 765 18 27
63 767 11 14
104 783 16 21
120 762 15 24
118 741 11 15
156 769 11 17
162 756 12 15
151 789 17 29
183 759 13 18
194 791 15 25
215 790 18 24
227 756 12 18
216 735 12 15
185 726 12 16
270 677 11 16
235 656 10 14
120 633 10 15
200 768 12 15
247 729 12 17
219 708 9 15
260 740 10 17
275 750 7 15
285 756 12 20
257 778 14 19
268 789 12 20
275 802 16 24
286 795 10 17
299 799 16 24
318 804 9 16
344 812 15 21
373 813 15 22
406 826 12 21
371 800 12 13
391 817 13 16
355 797 10 15
366 754 9 14
348 732 11 12
333 731 9 12
378 733 9 11
307 726 9 12
364 720 8 12
391 711 6 12
342 671 8 15
533 756 12 19
444 822 15 17
472 825 11 17
485 826 14 23
510 825 13 21
524 838 7 13
544 837 13 15
580 771 12 19
581 830 15 19
615 836 12 13
482 706 9 14
638 820 9 11
685 834 8 10
707 838 9 13
702 824 13 12
671 834 9 9
658 746 7 13
592 770 10 13
727 835 10 12
761 816 8 11
819 843 11 9
802 841 10 10
845 847 11 5
933 811 9 14
967 832 8 12
979 823 9 13
830 781 8 7
56 631 8 11
4 627 8 11
18 578 9 10
55 583 7 8
72 590 7 7
74 608 7 10
89 616 9 10
92 651 11 14
134 664 8 10
147 641 9 11
142 630 8 10
137 640 8 11
121 621 6 8
97 609 7 9
99 592 7 8
163 660 7 9
183 675 9 11
190 668 7 10
190 648 7 9
195 657 8 11
202 684 8 11
159 641 9 12
147 617 7 9
125 606 8 7
62 617 9 9
88 628 9 9
280 779 12 13
252 760 11 11
227 726 11 14
196 706 10 12
213 668 10 10
212 650 9 11
238 633 10 11
214 640 10 11
240 619 6 10
260 616 6 8
256 636 6 9
284 657 7 10
284 673 9 11
257 666 9 10
261 659 9 12
249 646 8 9
239 695 10 13
216 691 10 10
305 708 9 11
336 720 10 10
394 727 8 13
403 719 7 12
416 706 7 10
425 703 9 11
401 690 8 9
388 700 7 8
379 691 7 9
377 678 7 9
368 706 9 10
310 661 10 13
288 689 11 12
442 644 8 10
432 625 4 9
417 622 6 6
460 652 7 8
304 588 6 8
384 756 11 13
393 803 12 13
410 807 12 13
401 793 13 13
364 790 10 10
152 748 11 10
129 740 9 10
215 756 9 11
239 748 11 13
222 785 13 13
292 742 11 12
421 643 7 7
478 659 7 9
468 672 9 9
490 696 9 10
508 700 10 11
522 741 9 11
535 744 10 11
541 721 7 9
533 729 8 9
503 735 11 14
602 758 7 9
591 741 7 9
584 730 7 9
600 733 7 8
586 720 6 9
598 715 6 9
592 702 6 8
593 712 6 8
578 712 7 9
564 718 7 8
544 716 7 8
557 707 7 9
561 700 6 8
580 679 7 8
592 679 6 8
592 689 7 8
549 664 7 8
512 693 7 8
509 685 7 7
493 680 7 9
521 687 6 7
527 675 6 8
516 674 7 9
480 650 7 8
493 645 6 7
482 633 6 7
543 640 6 6
558 651 7 7
567 677 8 9
583 655 8 9
521 654 7 7
354 671 10 10
503 668 8 9
292 712 8 10
357 712 7 9
322 697 8 10
362 743 9 10
516 762 11 13
599 815 10 11
606 807 7 8
615 809 8 12
596 830 10 13
602 831 10 14
618 827 11 13
627 829 10 11
643 831 10 12
654 841 9 11
667 844 10 8
659 818 8 8
680 823 6 9
671 814 8 11
646 804 10 9
624 793 9 10
619 804 9 10
617 763 8 8
609 753 8 6
620 753 8 6
633 764 10 12
655 771 7 7
671 759 7 8
684 763 6 8
670 785 8 9
684 788 8 9
694 779 7 9
616 743 8 8
623 727 7 8
611 716 8 8
627 715 7 7
617 707 7 8
607 704 7 8
606 695 7 9
637 742 7 8
653 727 6 9
665 737 6 8
643 721 6 7
649 713 7 8
672 701 7 9
654 703 8 8
664 715 9 9
670 748 7 8
708 763 8 10
707 794 9 9
724 802 9 10
739 818 10 11
742 801 9 10
758 801 7 10
736 783 7 9
745 791 7 7
776 823 8 8
759 779 8 10
731 770 8 9
688 752 8 8
693 742 8 9
703 734 7 7
678 713 7 7
681 731 7 7
671 679 7 7
649 683 7 7
665 692 8 8
695 711 5 6
697 720 7 7
700 724 7 7
719 745 7 7
732 744 8 8
719 758 8 10
721 795 9 11
753 746 7 8
750 734 7 8
761 764 8 11
775 759 7 7
788 766 8 7
800 772 8 11
806 767 7 8
801 804 7 8
795 815 8 8
794 823 10 10
813 825 8 11
791 775 8 8
787 787 6 8
784 811 8 10
694 679 8 8
721 702 7 8
742 760 8 9
586 754 10 10
619 699 8 7
624 664 8 8
622 685 8 9
533 691 11 11
711 679 9 9
725 727 8 8
791 836 8 8
808 837 9 10
830 838 9 10
845 826 7 9
854 829 8 8
877 834 8 9
900 813 7 9
868 802 7 8
883 805 7 8
892 802 7 7
826 813 10 10
838 815 8 9
832 800 7 8
848 782 7 9
840 779 7 8
856 776 8 9
853 790 8 10
868 793 7 7
880 787 8 9
885 780 6 7
895 777 7 8
912 772 7 8
904 801 9 9
921 816 9 10
894 826 6 6
902 827 7 8
928 801 7 9
959 812 9 10
965 784 7 8
820 771 7 9
935 792 7 9
876 756 8 9
849 799 8 9
828 789 7 7
973 781 7 9
866 760 6 8
610 665 7 8
596 656 7 7
599 674 8 10
645 695 7 8
658 686 7 8
735 695 8 9
767 712 7 7
813 738 7 8
837 741 8 9
871 725 8 9
825 724 7 8
750 720 7 8
854 740 7 9
886 744 7 7
803 704 7 9
977 817 8 9
832 702 4 5
843 700 4 5
853 703 5 5
1006 798 8 9
986 839 10 11
1018 842 6 10
1005 815 9 10
1001 772 8 9
994 778 9 11
799 747 5 6
795 723 5 6
765 746 6 7
767 739 5 6
775 727 5 6
776 744 5 6
783 762 6 7
792 761 6 8
836 752 6 8
822 720 6 7
863 715 6 6
342 649 7 12
