993 160 7 9
967 153 8 9
996 180 16 24
1014 201 10 25
970 186 18 22
952 204 14 17
931 249 18 29
892 185 16 23
791 200 16 20
836 180 16 26
799 168 10 13
820 177 7 12
851 156 8 12
867 179 9 12
830 172 8 10
817 166 9 12
811 160 10 11
822 281 16 26
780 180 14 22
766 168 9 9
757 142 7 11
743 129 7 9
739 148 7 12
752 163 7 10
756 199 13 12
720 177 17 23
709 180 12 22
683 213 16 16
706 150 6 10
733 159 8 12
704 135 7 9
683 131 8 11
663 135 7 12
644 120 6 8
636 142 6 11
646 176 7 14
633 166 9 11
621 169 12 13
721 140 8 9
603 119 6 11
598 127 8 13
578 204 17 22
634 246 15 15
748 277 20 28
623 211 15 20
614 198 14 21
663 174 6 11
779 158 9 13
497 19 44 64
417 97 7 8
396 93 6 10
408 139 10 12
411 175 20 27
375 93 7 12
358 87 8 12
328 102 7 7
387 115 7 6
313 122 9 10
295 102 7 11
295 119 7 9
324 139 8 9
278 139 13 14
316 155 9 11
337 156 8 11
387 153 8 11
373 131 7 10
374 147 8 9
350 135 7 8
332 184 22 25
376 197 17 26
398 188 17 21
284 199 20 30
371 111 6 11
268 86 8 13
233 90 6 8
173 82 9 12
200 108 8 15
215 117 7 9
207 134 10 13
228 135 12 13
245 146 10 13
218 149 8 11
267 161 10 14
235 195 19 25
302 151 9 10
261 205 13 13
76 187 20 28
80 158 10 12
31 206 9 9
27 170 17 16
47 223 13 12
18 118 3 11
27 102 9 14
34 91 9 10
45 119 8 12
78 114 12 14
91 113 8 12
96 92 9 15
115 95 6 8
106 89 7 11
90 72 7 8
55 107 10 11
107 111 6 8
164 28 34 54
674 196 13 13
0 199 16 27
6 154 12 17
236 124 14 13
271 120 11 16
0 115 5 11
5 101 8 9
