374 236 98 139
600 137 97 119
53 206 24 31
46 251 24 32
79 269 28 40
121 207 27 30
149 246 23 29
159 341 29 30
176 34 18 24
133 102 28 27
127 63 20 29
175 158 16 34
178 208 20 29
214 125 19 33
240 179 17 25
242 213 20 28
221 236 17 27
248 299 29 29
237 322 28 37
300 320 27 36
349 322 24 32
299 245 30 39
271 224 23 33
320 198 26 33
347 104 22 28
396 113 21 29
406 148 21 29
490 235 23 34
471 290 27 43
492 149 23 27
303 81 27 33
284 57 20 23
299 157 26 39
527 276 25 35
540 225 16 27
51 378 34 37
86 413 31 45
179 402 28 40
111 468 29 31
43 461 37 36
46 533 38 54
70 593 45 53
262 603 46 50
24 647 55 50
150 669 50 56
554 240 25 37
533 340 22 23
547 614 42 54
727 168 26 32
768 145 19 32
808 146 20 26
804 199 24 31
850 170 17 31
867 208 15 26
936 370 19 26
962 404 24 32
973 508 32 37
561 306 26 35
535 175 24 28
555 99 26 29
522 98 23 23
510 177 19 28
220 266 22 26
152 304 25 30
334 294 19 25
17 112 22 24
8 64 21 26
76 76 23 31
188 70 22 26
233 112 19 25
168 123 21 27
243 69 22 27
275 136 23 28
355 142 23 29
360 62 17 26
391 80 20 26
415 72 19 24
444 129 21 26
454 106 18 23
473 64 16 24
438 183 20 29
388 198 26 26
147 444 34 39
0 453 28 34
271 367 28 35
513 128 26 30
561 150 23 25
607 80 21 26
659 83 23 26
732 126 24 26
785 173 23 28
890 175 22 27
912 226 22 26
882 105 21 25
932 123 20 26
951 111 18 25
983 137 19 25
1003 121 16 23
580 196 21 25
600 222 22 28
514 79 19 23
743 197 20 25
50 184 25 31
98 129 20 31
41 18 24 33
952 549 35 44
900 502 32 38
913 444 30 37
958 449 32 46
979 363 27 35
