32 18 31 39
103 16 21 25
188 28 19 24
248 21 20 30
263 116 24 37
163 113 23 37
178 100 19 22
93 73 22 26
46 128 24 35
93 164 23 32
178 165 31 38
250 187 25 35
217 238 30 43
81 269 32 46
173 256 35 49
299 303 23 37
268 274 25 40
312 240 28 35
86 251 32 31
343 19 22 22
355 38 20 29
401 31 17 18
423 44 18 27
426 71 20 33
374 94 24 32
352 119 25 36
309 83 22 33
272 91 23 32
338 184 28 33
403 179 23 43
393 266 31 40
442 18 26 21
529 23 21 30
491 64 50 74
554 84 24 39
610 35 26 34
618 16 21 18
623 84 25 42
644 122 31 39
541 133 40 57
623 201 28 35
699 18 20 27
716 34 23 35
737 49 23 34
768 9 17 20
787 21 17 28
794 57 23 32
853 52 27 38
708 164 26 36
762 141 20 36
845 135 22 35
839 178 21 36
890 21 20 27
923 15 21 17
937 59 28 42
979 117 30 41
878 170 24 38
896 217 29 36
926 243 31 46
933 270 37 50
838 225 25 30
818 251 29 39
757 206 29 44
761 283 34 44
856 298 32 44
688 243 26 37
671 266 32 38
2 234 18 41
5 198 18 24
17 11 25 23
