21 522 26 33
186 367 27 32
267 359 24 33
310 431 27 32
354 453 21 21
357 185 23 26
413 143 15 19
421 182 29 32
449 142 21 24
558 206 22 26
594 141 21 25
458 238 24 27
632 196 23 30
680 255 24 28
596 305 26 32
606 237 25 29
514 38 21 22
695 85 16 20
755 145 18 23
763 97 19 30
803 99 14 21
840 94 19 20
885 73 14 19
931 155 22 28
841 190 21 28
771 215 18 21
800 191 18 27
930 213 17 20
826 299 23 28
941 301 23 27
917 115 19 19
844 159 20 22
987 169 21 22
971 208 21 19
650 716 21 26
708 603 24 33
790 588 24 33
781 529 17 20
632 814 30 36
718 809 37 37
283 735 28 33
648 490 32 34
720 500 35 34
774 437 15 21
805 433 27 28
959 504 27 32
969 677 28 32
858 808 64 77
760 822 65 82
292 873 29 42
116 716 57 65
443 612 72 81
1004 256 19 22
550 572 41 37
457 577 41 39
398 573 39 51
215 720 32 39
584 694 36 51
