21 30 13 18
52 32 13 21
32 59 14 19
11 76 16 16
11 115 17 21
57 105 18 21
97 121 14 21
68 90 17 20
70 67 15 19
91 32 14 22
96 13 13 17
146 4 12 19
181 6 14 19
165 72 13 18
146 131 14 20
198 125 15 22
201 65 12 19
237 52 14 20
219 16 13 18
253 2 14 15
557 57 15 20
575 110 16 19
708 109 17 18
796 106 17 20
911 105 18 18
900 146 14 18
906 177 18 24
730 161 15 15
760 149 14 22
849 22 14 21
941 38 15 21
724 62 13 18
677 56 14 20
532 178 44 67
517 105 18 24
389 172 23 33
357 155 1 0
376 151 24 37
459 223 51 78
996 41 15 21
1006 164 17 65
650 169 17 22
525 164 16 23
803 37 13 17
685 10 13 10
29 16 12 15
432 0 14 12
