46 468 28 36
89 297 26 32
166 319 23 31
168 237 22 29
33 222 23 26
78 211 20 26
43 145 24 24
99 95 19 34
78 70 19 27
90 17 20 23
25 2 14 24
146 0 16 12
255 197 34 40
322 17 19 20
387 22 16 23
410 2 14 15
421 25 18 27
328 40 18 25
352 57 19 29
416 61 20 27
307 72 21 29
371 104 23 25
424 104 20 26
340 133 21 25
415 141 21 22
353 166 19 26
340 191 18 25
406 194 22 25
322 212 24 27
342 251 25 29
396 236 22 24
425 257 23 31
295 273 23 27
307 280 26 36
435 292 27 34
442 160 22 27
440 236 22 28
487 197 20 28
501 328 23 29
538 130 18 38
573 183 19 29
612 140 20 28
625 163 18 26
579 243 17 26
596 256 21 29
638 315 20 24
668 299 22 30
714 323 19 25
740 317 26 32
698 277 18 26
676 233 23 28
671 196 21 27
693 140 16 22
744 164 20 28
748 212 24 28
478 5 17 21
531 5 15 21
544 16 17 21
476 48 14 18
580 49 14 23
596 81 17 19
576 112 19 21
641 94 20 25
642 57 16 23
629 9 16 23
693 18 17 21
711 40 14 19
676 72 18 29
708 67 20 23
715 88 17 34
744 109 19 28
773 107 19 27
798 139 19 25
762 200 16 24
812 184 14 22
817 211 14 28
732 7 16 18
762 27 16 23
791 1 14 13
804 8 14 21
817 16 19 30
808 83 18 26
780 68 14 22
876 3 16 21
893 7 15 25
967 17 15 17
1003 1 15 16
1015 40 9 25
1005 68 19 32
984 72 17 20
956 38 19 24
933 60 18 24
852 48 20 25
863 78 21 29
913 109 20 21
947 109 20 21
934 134 25 24
986 143 17 21
977 171 20 26
969 171 10 21
1007 215 17 34
860 124 21 28
887 159 17 22
902 186 19 21
906 213 17 21
904 231 22 28
828 245 20 26
803 301 23 24
868 265 24 27
775 262 21 33
803 359 22 28
877 405 25 32
981 467 23 34
885 484 27 34
759 482 27 36
626 490 28 37
6 33 21 26
0 88 18 25
473 102 17 22
493 109 19 22
509 138 19 24
594 359 20 24
912 295 24 33
