276 478 59 62
389 449 51 73
433 307 75 102
626 308 49 89
716 565 29 46
961 450 42 95
810 625 30 33
16 658 18 18
33 616 19 25
165 531 19 24
173 487 16 20
86 452 16 17
141 437 15 20
338 454 17 21
336 370 15 18
773 452 14 18
822 459 13 16
783 486 15 21
821 489 13 16
783 536 17 19
843 532 17 21
886 507 13 14
907 490 12 19
903 541 14 19
933 539 17 22
849 614 14 18
863 590 11 12
894 582 12 15
87 364 16 19
45 335 14 17
140 354 13 17
131 369 15 19
97 303 14 18
76 278 11 15
38 270 12 18
116 263 15 19
187 338 14 19
742 390 11 12
763 357 13 16
530 267 13 16
588 286 11 14
632 272 14 16
601 303 13 16
565 293 13 15
573 325 13 16
596 323 15 19
25 363 20 23
35 238 16 18
43 200 15 20
95 218 15 19
136 214 14 17
160 208 15 20
247 223 14 15
334 220 13 14
350 208 12 15
251 268 14 17
