263 430 16 26
129 539 17 21
79 513 17 24
70 376 14 19
110 366 15 22
6 379 13 18
534 172 41 34
402 418 17 28
223 380 16 20
34 455 16 21
78 462 17 17
105 479 11 13
144 453 15 18
11 347 16 19
27 331 15 17
14 319 13 15
57 328 14 21
258 373 12 16
352 382 13 17
396 359 12 17
347 351 12 19
287 350 12 16
242 310 12 16
276 308 10 15
255 318 12 14
192 308 13 16
147 308 13 15
381 327 13 17
330 336 12 15
334 326 12 16
326 311 13 15
228 348 12 14
24 172 9 12
13 208 6 15
17 206 9 17
40 232 10 12
61 255 11 17
72 248 9 13
100 253 11 15
128 275 10 14
118 298 11 17
172 266 10 14
112 215 11 14
78 213 12 14
47 208 11 13
84 193 10 15
123 201 10 14
62 176 10 10
125 173 10 14
154 224 9 13
185 189 9 12
215 271 11 13
276 283 13 16
362 295 12 16
157 181 9 12
226 202 9 12
253 215 10 12
351 265 10 15
380 243 10 11
180 247 9 12
188 241 10 12
185 217 8 12
249 179 8 12
360 254 10 16
388 273 10 13
390 288 10 13
313 265 13 12
449 438 12 15
407 300 11 14
