18 509 49 62
83 444 29 37
181 439 29 42
747 436 33 38
630 453 31 47
721 402 19 22
759 362 14 18
689 280 13 16
819 357 15 19
838 407 19 23
791 422 19 22
21 275 13 18
66 285 13 16
164 277 10 15
289 278 10 14
167 306 13 16
84 351 28 29
244 278 12 12
545 315 13 16
776 281 11 15
790 307 14 18
479 399 57 69
222 552 38 24
687 529 35 45
13 277 33 39
818 539 36 37
664 413 17 19
348 531 40 45
330 476 29 35
390 460 25 37
443 432 22 32
563 430 16 24
498 321 13 14
968 553 46 23
716 273 11 15
733 277 13 16
754 265 10 14
129 282 10 14
449 276 13 16
391 277 10 15
853 273 8 11
886 277 9 12
360 270 8 14
331 281 12 15
588 273 13 15
705 269 9 13
666 269 9 11
742 264 9 13
1004 273 11 16
870 265 8 9
886 257 6 8
991 264 7 11
441 69 191 225
939 461 43 47
814 470 43 44
854 363 24 39
686 331 32 39
690 451 42 48
340 427 38 50
274 449 36 53
307 371 26 43
286 355 21 32
220 348 31 36
257 345 18 30
45 361 26 34
79 388 29 39
159 504 38 55
20 440 15 39
27 249 9 16
129 263 8 11
86 262 8 11
142 267 8 11
