970 176 53 68
845 211 52 62
684 251 51 53
563 228 53 65
615 135 51 66
708 102 42 56
799 125 61 69
873 84 45 54
800 27 46 51
865 12 39 49
942 28 41 50
1000 53 24 70
974 14 34 47
776 12 34 37
691 63 37 44
683 21 37 41
749 1 30 34
626 90 43 54
618 58 36 48
595 47 31 39
661 2 30 27
560 4 33 37
527 58 38 46
503 101 45 56
484 17 26 34
514 29 33 42
420 85 38 43
418 58 36 44
392 20 34 43
338 107 36 45
436 133 42 52
482 168 45 58
367 159 42 52
414 240 49 67
342 366 65 76
284 240 48 64
235 177 43 58
290 105 40 47
291 19 26 31
351 21 26 35
381 0 22 11
276 1 23 30
272 61 34 40
221 54 36 51
177 143 41 53
246 38 28 36
214 30 28 36
228 0 24 29
175 0 33 30
121 32 38 47
105 21 27 34
70 56 30 32
47 90 30 40
66 155 36 46
119 246 54 60
96 188 44 52
23 245 50 60
0 202 35 53
1 139 32 42
4 85 27 30
18 56 27 30
0 40 19 27
30 30 21 29
42 7 21 29
327 44 34 42
