22 540 9 14
72 539 10 13
79 563 14 20
114 489 17 25
47 506 8 8
77 506 7 10
196 507 7 10
226 505 6 9
241 493 7 8
184 537 11 14
237 538 9 11
174 565 11 14
214 567 10 14
167 484 8 9
137 479 6 10
265 506 7 9
346 544 8 11
450 536 6 8
478 541 8 9
509 548 7 9
522 536 7 9
503 540 6 7
490 513 7 7
519 514 6 7
868 544 7 8
342 378 32 35
417 423 27 33
591 223 31 41
722 294 30 49
804 209 38 52
13 497 8 11
39 491 7 8
54 463 9 10
171 511 8 9
106 444 7 11
77 468 6 9
29 444 6 9
55 493 9 10
70 480 7 9
21 483 9 10
4 442 6 9
27 467 9 11
88 494 8 9
212 474 7 9
219 484 7 9
204 486 7 8
206 498 7 8
3 559 12 20
16 384 7 8
26 389 8 10
10 408 7 8
18 400 8 8
11 421 6 8
10 433 8 8
33 405 6 8
39 411 7 7
36 427 7 8
33 435 8 8
50 423 6 9
60 414 6 9
72 414 5 8
45 397 7 7
51 389 6 8
67 399 8 9
59 452 7 8
60 445 6 6
65 442 6 8
71 435 7 9
89 423 7 9
90 438 8 9
81 446 6 6
84 456 7 9
85 480 7 8
106 469 6 9
113 459 6 8
118 480 8 9
124 447 7 8
124 437 6 8
115 431 7 6
112 420 5 7
112 410 5 6
97 406 6 8
84 401 5 8
95 390 5 6
116 393 5 7
133 403 6 6
137 416 6 9
134 427 7 11
135 443 7 9
150 423 6 8
151 445 5 10
148 460 8 10
149 472 8 8
145 494 8 10
108 510 5 6
176 485 7 10
180 478 7 9
168 463 7 8
168 452 8 9
175 445 5 8
185 450 7 10
190 471 6 8
195 464 6 7
203 448 7 10
214 440 8 9
224 451 7 8
234 443 7 9
243 457 6 9
243 438 6 8
231 426 7 9
217 432 8 8
228 434 8 8
202 418 5 7
213 426 5 5
230 409 7 8
189 392 5 6
133 369 5 5
143 363 4 6
152 371 5 6
167 373 6 6
206 374 5 6
233 385 6 6
167 395 5 8
148 395 5 6
151 412 5 7
169 416 6 7
165 423 4 4
188 422 4 6
190 425 5 9
173 430 6 8
160 443 6 8
190 432 8 9
191 416 6 8
174 406 6 8
184 411 5 7
140 397 6 6
131 390 7 6
182 372 5 8
234 365 8 10
217 383 7 8
165 384 6 6
71 319 4 5
85 327 4 5
91 317 5 6
133 308 5 8
152 313 6 7
104 328 7 7
169 324 7 9
175 362 6 8
227 347 7 10
233 317 6 7
240 327 5 7
151 324 3 4
189 326 3 5
180 324 4 7
118 342 5 5
136 341 4 5
133 331 5 7
164 352 6 7
217 352 5 8
226 360 6 7
178 338 6 7
203 340 5 7
215 330 5 7
201 318 6 7
188 315 6 7
189 349 5 6
231 293 5 5
267 294 5 6
254 329 6 8
276 326 3 5
282 300 6 7
287 315 6 8
303 332 9 13
255 444 7 9
263 445 7 8
255 465 8 9
266 456 5 7
273 465 6 7
280 454 7 9
259 413 6 8
265 409 6 7
266 422 7 8
276 418 6 9
285 421 5 8
292 430 6 8
300 422 6 9
281 411 5 6
258 389 6 7
267 377 6 8
259 362 5 7
275 366 5 8
282 390 6 7
287 383 5 7
291 368 5 6
298 395 5 7
311 394 9 10
307 384 5 7
321 364 5 6
306 367 6 9
345 359 9 9
401 449 9 10
394 439 7 10
368 441 10 11
380 417 7 8
376 461 8 9
382 456 6 7
366 366 7 10
379 363 5 6
389 367 4 4
390 386 6 8
406 379 4 8
412 359 5 8
402 419 7 9
386 432 7 9
378 355 6 7
398 351 5 7
362 352 7 10
330 366 7 9
477 359 5 6
462 379 5 5
489 393 5 7
497 397 5 5
504 385 4 5
496 383 5 5
477 379 4 5
462 401 5 6
473 402 5 5
485 410 6 7
518 384 3 6
542 366 4 6
509 402 5 7
448 371 4 4
481 499 7 10
494 502 5 8
503 494 4 6
509 501 7 8
516 496 5 5
525 502 5 8
532 511 6 9
475 488 6 8
476 467 6 7
488 469 7 11
500 467 5 7
496 475 5 7
501 474 4 6
510 474 5 7
507 462 5 6
507 450 6 6
519 453 6 6
463 462 6 7
478 450 5 6
469 431 6 8
484 432 5 8
486 445 6 9
489 435 6 9
500 440 7 9
531 441 8 10
511 439 4 6
518 432 6 9
523 409 5 8
547 419 6 8
496 407 8 8
453 432 6 8
452 444 8 8
451 454 9 8
510 483 10 10
525 483 6 9
526 466 7 9
565 535 8 8
552 539 8 8
546 518 7 8
630 512 7 8
634 499 6 9
644 497 5 7
651 503 6 8
641 512 7 11
656 512 7 9
662 502 7 6
670 502 6 7
677 509 6 8
663 530 5 7
649 532 5 6
634 458 4 5
643 457 6 6
630 479 3 5
640 474 3 4
636 488 4 5
651 487 5 5
949 538 8 10
945 489 5 5
975 518 5 6
984 511 5 6
995 503 6 5
996 493 6 7
994 519 7 6
987 536 6 6
962 547 7 7
968 543 7 8
1003 535 5 6
999 549 8 10
868 535 8 9
42 289 5 5
47 300 4 5
54 305 4 4
71 295 5 6
103 316 5 6
86 305 6 6
120 296 6 5
112 293 5 7
80 272 6 5
67 273 6 5
122 274 5 6
154 282 5 6
180 283 4 5
187 286 4 6
201 288 5 6
168 302 5 6
147 305 5 5
159 306 5 5
142 316 5 5
111 322 6 6
84 318 5 5
69 310 5 6
81 291 6 6
102 276 6 5
196 305 6 6
205 353 5 6
146 340 6 6
158 360 6 7
171 381 6 6
276 360 4 5
324 350 4 4
309 354 5 5
323 376 4 4
252 383 4 4
327 392 4 5
316 329 5 5
325 324 4 5
319 305 5 5
379 339 5 6
401 337 9 6
423 356 5 5
351 342 5 5
373 329 4 5
337 308 4 4
361 309 5 5
337 360 4 5
322 338 4 4
330 345 4 5
330 331 4 4
343 336 3 4
364 336 4 5
385 332 4 5
388 345 5 5
395 339 5 5
423 342 5 6
5 297 5 6
94 336 5 5
98 297 5 7
0 468 7 8
1 480 8 10
241 341 5 5
259 342 5 5
267 342 4 6
272 337 4 5
247 354 4 5
282 352 3 4
299 356 4 4
287 346 4 5
281 332 5 5
314 324 5 6
418 387 3 3
404 388 4 5
427 391 4 3
420 378 4 5
440 381 2 3
435 400 4 5
451 407 5 6
533 391 4 4
451 385 7 7
460 364 4 4
468 368 4 4
510 359 3 4
516 374 5 5
551 390 5 4
548 406 6 6
553 384 4 4
492 366 5 6
505 359 4 4
497 352 5 5
525 359 3 5
533 360 4 5
483 382 4 5
472 391 4 5
651 344 4 5
637 418 7 9
666 376 6 7
671 344 6 7
707 344 5 4
680 336 4 4
693 345 4 6
658 365 5 5
655 376 5 7
642 373 5 5
644 379 5 6
652 356 5 6
650 347 4 7
935 395 6 5
946 385 5 6
960 385 5 5
972 383 5 6
946 402 5 6
927 393 6 6
986 396 5 6
998 392 6 7
1005 373 4 5
982 368 5 4
936 371 6 6
968 367 6 6
941 348 4 4
928 348 4 5
928 360 5 5
954 355 4 5
965 337 4 5
966 348 4 4
1019 367 4 6
998 357 5 5
1009 360 5 5
982 340 5 5
988 329 6 6
1017 342 5 7
987 356 5 6
977 347 6 6
990 350 5 8
952 374 7 7
969 397 6 6
938 335 4 4
926 334 5 6
945 375 4 6
1010 335 5 5
999 334 5 5
987 383 6 7
1003 379 5 7
1004 367 5 5
928 381 6 6
1008 388 6 6
458 317 4 5
448 316 5 4
437 316 4 5
427 319 4 5
406 319 3 5
417 319 4 5
427 331 4 5
432 340 4 5
435 349 4 5
418 336 5 5
473 314 3 5
495 321 4 5
507 314 4 5
487 313 5 5
525 330 5 5
455 348 3 4
464 353 4 7
447 335 5 6
432 365 5 6
446 364 3 5
449 376 5 5
378 311 5 6
395 311 5 5
667 323 4 4
683 324 4 4
651 334 4 5
696 336 7 7
1013 487 7 8
1004 479 6 8
981 462 5 7
