71 87 9 11
166 74 8 9
221 86 9 12
655 84 9 11
759 96 9 11
806 102 9 13
870 106 11 16
930 110 9 14
968 221 12 18
150 236 11 17
320 87 9 12
467 87 9 11
139 65 8 10
113 68 7 9
56 69 9 8
32 64 11 12
41 44 9 9
13 35 9 9
24 4 7 10
49 2 9 10
70 5 9 11
99 8 9 10
127 8 9 12
147 33 10 12
96 35 8 10
124 29 8 12
156 3 9 11
184 1 8 12
209 4 9 9
232 6 9 11
252 32 9 13
244 68 8 11
217 66 7 12
193 65 8 10
201 37 8 12
225 36 9 12
258 7 10 17
81 65 10 10
343 64 9 10
377 70 8 10
378 37 8 10
404 59 9 13
406 36 9 9
427 34 7 8
432 62 9 10
458 59 7 10
459 37 7 9
484 67 9 11
540 65 9 11
541 32 8 10
562 36 8 11
568 68 8 10
509 31 8 9
514 5 7 10
536 6 8 10
564 2 8 10
488 3 10 12
483 33 8 9
456 7 8 11
433 7 8 8
407 4 8 7
379 5 8 9
359 7 10 11
61 40 8 12
584 6 9 9
595 33 7 8
619 37 7 9
615 11 7 7
637 5 7 10
644 30 9 10
622 63 8 9
592 65 9 12
648 59 9 11
632 57 8 9
671 28 8 11
697 41 8 10
704 68 7 9
725 37 6 8
691 1 11 13
666 2 10 12
717 6 9 10
743 2 10 9
750 31 9 11
732 62 9 9
758 62 7 11
766 4 9 8
794 6 10 10
777 29 8 9
800 34 7 7
821 7 7 9
825 34 7 8
854 31 8 10
873 4 7 8
897 5 6 9
910 30 8 11
883 29 8 9
864 58 9 10
894 59 10 12
917 69 7 10
936 83 9 13
904 91 9 11
879 87 9 14
845 87 9 11
840 69 7 10
810 61 9 9
780 70 10 9
973 93 7 9
993 104 11 14
994 88 7 9
