129 266 13 13
216 273 12 16
248 280 9 9
271 283 9 9
281 236 8 11
248 229 9 11
226 214 9 11
193 220 9 10
79 282 9 10
34 200 7 7
32 182 8 9
431 293 14 15
429 263 11 12
350 289 8 10
363 264 10 12
281 185 9 13
512 234 8 13
491 243 8 11
324 238 8 11
716 301 14 21
687 301 10 15
564 212 7 11
933 301 13 17
991 355 11 15
770 324 11 13
783 205 8 10
805 220 7 8
928 240 8 12
864 232 8 10
858 210 8 10
955 188 8 9
936 220 8 9
851 346 9 11
842 336 9 12
842 321 10 11
35 261 8 12
43 241 7 11
43 221 8 11
100 211 7 9
117 209 8 9
0 182 6 8
193 205 8 9
219 203 7 8
248 198 8 10
269 196 9 10
304 249 7 9
297 279 8 9
204 266 8 10
287 217 8 8
258 218 8 10
315 215 9 9
305 202 8 9
337 227 7 9
353 250 8 11
378 238 8 9
354 204 10 11
343 273 8 9
401 227 9 10
397 258 6 8
409 264 9 10
453 240 9 11
456 219 8 11
431 220 8 10
407 175 9 13
466 188 9 13
440 195 8 9
459 178 7 8
484 224 9 11
512 219 8 10
538 225 7 10
539 192 8 8
501 188 8 12
588 198 8 9
692 231 9 11
672 224 7 11
706 258 10 9
603 261 8 11
633 238 8 10
661 252 7 8
548 240 9 10
844 233 9 11
772 282 8 11
815 329 11 11
867 268 8 9
810 311 10 9
795 284 7 11
912 250 7 9
891 252 7 9
880 243 8 10
922 226 7 9
914 211 7 7
957 227 8 10
942 238 8 10
957 307 9 10
998 301 9 9
1012 311 9 12
990 276 9 10
966 279 9 11
996 209 10 12
982 192 9 10
997 190 9 9
957 200 8 7
897 193 8 9
872 223 7 7
915 190 7 8
927 182 7 9
938 176 6 9
953 169 8 9
991 165 7 10
982 162 6 7
946 146 8 8
914 221 7 9
1006 154 9 9
972 149 5 8
984 153 7 9
889 325 10 20
994 336 9 13
901 266 8 10
