674 166 55 76
417 106 53 78
223 202 39 53
85 436 20 25
53 443 21 23
36 427 17 23
0 437 17 25
0 422 12 21
57 425 17 25
129 429 20 26
155 433 20 24
296 417 26 25
936 376 35 44
894 372 33 38
840 373 31 40
965 357 23 31
1001 364 23 37
978 288 21 27
962 313 16 23
902 303 18 21
884 329 16 24
839 340 16 26
867 286 14 18
877 302 18 23
851 285 16 20
825 285 18 23
843 271 17 22
877 261 18 24
859 247 14 18
834 243 15 20
831 270 15 20
822 256 14 19
998 264 19 23
591 416 20 26
579 404 21 27
577 361 15 21
567 391 18 26
554 387 16 23
519 407 18 25
526 376 15 18
542 348 13 19
559 358 15 19
528 340 12 13
520 326 11 17
489 336 15 20
518 372 11 20
608 311 13 18
592 312 12 16
799 266 15 19
799 251 13 15
822 226 14 16
845 226 14 18
879 219 11 16
879 196 13 19
880 180 11 17
866 182 15 19
865 208 11 14
845 211 11 16
831 199 14 17
838 174 12 16
856 171 11 13
870 156 9 15
806 207 14 19
778 240 12 15
777 217 13 17
781 200 13 16
798 181 9 14
791 159 12 18
812 143 10 15
838 146 9 13
768 183 12 15
753 210 11 14
738 206 10 16
756 176 10 13
776 151 11 15
787 134 10 15
740 160 10 14
830 124 10 13
862 122 10 14
979 203 13 17
1004 220 20 19
1011 125 12 19
979 173 14 20
978 141 12 18
963 148 11 15
933 149 12 16
934 130 11 15
951 121 11 16
964 123 12 16
995 114 11 14
1000 100 12 15
974 88 12 13
969 106 11 13
894 99 9 15
938 92 10 14
917 135 15 25
985 71 13 12
1008 86 12 15
1014 104 10 15
932 313 22 27
38 273 11 15
73 265 12 15
89 286 10 14
122 278 12 15
150 297 11 16
156 257 12 17
120 265 12 15
144 245 11 14
149 228 10 14
195 246 11 14
61 243 12 14
19 241 11 15
22 228 11 14
70 227 10 15
103 218 9 12
123 226 9 14
146 204 10 15
186 208 10 14
200 227 10 14
176 173 13 14
121 170 12 14
104 189 9 14
70 216 11 15
20 205 11 14
51 207 10 14
46 174 11 13
100 171 10 13
79 155 11 13
10 171 13 14
14 194 10 13
158 155 10 14
190 163 9 12
216 179 9 14
230 176 9 14
232 156 10 13
118 154 11 13
128 136 13 14
162 145 10 12
198 140 11 12
40 159 9 13
86 140 10 12
0 160 7 15
101 249 12 16
287 138 10 14
267 149 10 16
116 119 10 14
156 124 11 14
186 129 8 13
223 108 9 12
248 111 9 14
288 105 11 15
323 122 10 12
314 111 8 11
313 96 10 12
350 89 10 14
370 79 10 11
299 79 11 13
271 93 11 15
234 80 9 14
212 93 10 12
182 100 11 15
134 95 11 17
107 109 11 13
104 94 9 12
69 123 10 13
32 126 11 15
3 122 10 13
31 109 9 12
15 62 9 13
48 68 10 14
126 79 9 13
159 77 9 12
151 67 9 10
185 66 9 12
223 62 11 14
261 70 8 11
266 50 9 12
285 75 8 11
310 63 8 12
328 75 8 13
300 51 9 11
355 60 10 14
376 52 9 11
333 47 9 12
364 37 8 11
345 23 9 11
315 22 9 13
189 50 9 13
164 51 10 13
123 48 10 13
87 49 11 14
88 83 10 11
68 82 9 11
47 102 10 11
16 81 9 10
45 36 8 11
25 34 9 10
74 15 9 10
99 27 8 13
104 13 10 11
149 24 9 11
157 38 9 10
178 18 9 12
137 12 10 11
198 11 9 12
209 26 10 14
241 18 9 11
269 20 8 11
295 19 9 9
291 42 8 8
339 6 8 14
364 13 9 13
240 6 8 10
164 0 10 9
41 8 9 12
75 33 9 11
123 34 9 11
2 15 14 21
321 81 12 19
553 245 12 17
613 227 11 14
664 197 9 14
646 218 8 13
600 298 14 18
520 176 10 14
518 157 10 14
487 165 8 10
496 180 9 14
571 158 11 14
603 139 11 14
627 124 8 13
655 115 10 13
672 101 11 12
588 121 9 14
557 124 10 11
517 125 10 14
529 143 9 11
505 146 10 13
485 111 8 10
474 91 9 13
501 88 10 14
582 90 10 14
597 93 9 13
611 81 7 12
651 85 10 13
676 85 10 12
705 94 11 14
732 89 8 11
752 84 10 14
755 70 8 11
785 59 11 15
716 70 11 14
673 69 11 13
638 77 9 12
641 42 9 15
660 35 11 14
619 36 9 11
563 40 8 13
737 37 12 15
767 45 9 14
801 46 8 13
572 27 8 11
529 28 6 8
515 18 9 13
436 18 11 15
402 43 10 13
386 61 10 14
405 18 10 12
664 20 8 12
689 15 9 12
705 21 9 14
726 20 8 12
786 21 11 13
821 17 8 10
835 29 11 13
829 48 10 14
870 31 11 15
633 28 7 11
649 29 10 12
855 6 10 9
709 5 9 10
743 5 9 7
766 3 9 12
676 35 8 11
612 43 8 10
814 7 7 10
882 0 9 12
833 0 10 8
909 13 12 15
930 0 11 9
101 423 14 18
1 143 8 12
60 104 8 11
169 96 8 11
197 124 8 9
245 139 10 14
393 8 9 11
429 5 10 11
455 3 9 12
410 0 9 10
381 0 8 10
416 31 9 12
982 243 22 21
810 299 14 19
