765 332 54 51
717 345 54 37
551 176 34 48
449 204 35 43
403 217 45 54
76 288 17 23
133 346 35 41
42 293 5 7
25 284 5 6
32 283 6 6
64 296 6 6
48 276 4 8
96 261 7 10
22 296 4 7
67 269 4 6
75 269 4 6
116 295 5 8
58 266 6 10
115 307 5 8
131 289 5 8
139 292 5 7
149 310 6 8
147 287 6 8
162 287 5 8
168 287 4 8
173 287 4 5
184 287 5 6
203 295 4 5
189 282 4 6
177 270 5 6
282 279 5 8
349 300 4 6
353 275 4 6
646 287 5 7
659 282 4 7
650 281 4 6
695 274 5 7
717 271 6 8
782 279 4 6
775 277 4 6
749 276 5 6
811 269 4 6
883 306 5 8
887 294 6 8
906 302 5 6
908 292 4 6
924 289 5 7
939 303 5 6
934 292 4 6
944 290 5 9
949 299 6 7
930 299 5 6
961 284 4 7
961 299 7 8
917 310 7 9
957 316 6 8
971 301 8 9
987 303 6 9
987 320 8 8
1005 306 7 8
1018 304 5 7
1017 329 7 11
1008 296 7 9
