878 432 8 13
961 400 6 9
947 408 7 10
929 421 8 10
909 437 8 11
956 421 8 11
983 412 8 14
966 433 7 10
997 431 7 11
1008 413 7 11
1015 400 7 12
997 480 11 15
975 464 12 20
963 493 15 19
904 460 19 21
876 481 21 28
811 375 17 23
758 457 16 18
728 491 12 17
716 481 9 14
666 364 15 23
591 281 25 20
629 477 10 14
616 481 12 14
607 528 14 15
589 475 12 14
580 491 12 18
568 476 13 20
535 427 14 19
485 432 14 18
579 385 7 10
559 402 8 11
539 376 7 11
559 390 5 8
550 393 7 9
525 381 8 11
518 370 8 10
503 371 7 11
510 385 6 8
501 397 5 9
477 393 6 9
482 376 6 9
477 369 5 8
406 362 9 10
403 369 7 10
398 375 7 9
388 360 7 8
355 371 8 10
326 368 9 10
318 374 7 10
325 406 10 11
313 404 8 9
301 410 10 13
338 411 10 11
311 440 11 13
303 456 12 14
326 442 10 10
344 440 10 13
365 437 9 15
387 433 10 13
398 437 11 12
393 457 14 21
373 451 14 21
425 463 12 18
336 354 7 8
327 350 8 8
313 358 6 10
296 356 7 8
289 396 11 11
259 378 9 10
261 397 10 9
267 410 10 11
299 426 9 15
285 432 13 15
245 434 20 27
227 425 10 13
301 365 8 11
289 366 10 12
247 362 10 10
206 353 8 12
210 368 9 13
221 369 9 11
231 368 8 11
218 342 10 14
232 389 10 10
215 394 7 11
202 385 7 11
201 425 8 12
137 332 9 9
188 353 9 11
181 384 10 13
178 359 9 17
239 418 6 12
227 404 7 11
198 403 9 12
193 411 8 10
176 403 9 10
152 401 9 11
184 430 11 14
132 426 11 15
113 411 11 14
155 374 10 11
151 356 8 10
157 343 7 8
148 347 7 8
116 352 10 13
133 467 16 23
165 462 15 21
34 386 10 13
25 411 13 15
34 460 11 12
23 483 14 17
87 490 14 18
200 475 15 16
187 497 13 15
173 391 10 15
135 403 10 15
170 420 10 16
93 411 10 11
92 433 8 14
92 394 8 13
85 360 20 30
118 375 9 11
146 385 7 8
134 383 7 9
108 383 8 10
43 380 12 12
101 352 9 14
82 333 12 16
51 324 9 13
23 321 11 17
43 356 8 12
356 494 14 20
405 481 11 14
378 366 9 16
373 359 7 8
357 357 7 11
271 369 9 9
963 457 12 21
1014 425 8 8
787 477 20 30
791 467 8 32
8 468 13 16
0 449 12 17
5 431 11 15
16 371 10 13
97 466 13 18
18 399 9 10
1 388 9 11
438 258 13 24
327 475 19 25
