51 224 6 9
125 268 6 10
156 277 7 12
144 313 6 10
122 315 6 10
132 342 6 8
160 341 4 6
110 335 6 10
58 300 4 7
50 307 6 8
41 318 6 8
8 329 7 10
87 294 7 9
91 340 5 6
269 268 4 8
211 296 5 8
191 276 6 6
182 335 10 10
214 333 8 10
231 334 6 10
221 323 5 8
229 322 7 10
255 329 8 9
188 299 5 8
240 314 5 7
291 294 7 9
294 329 6 10
312 328 9 11
342 332 7 10
359 328 8 10
321 317 5 8
324 262 7 9
343 268 6 8
353 286 5 6
364 285 7 10
392 310 5 8
395 292 7 10
376 266 6 11
396 279 7 9
360 295 6 6
341 286 8 8
327 290 8 5
232 297 5 9
300 317 7 8
399 259 6 10
432 277 5 8
454 283 6 7
402 319 6 9
438 322 8 9
454 328 7 10
483 326 9 10
509 325 6 10
489 287 6 9
497 275 6 9
478 280 9 10
514 289 7 9
511 305 8 12
545 295 7 10
551 276 6 10
571 255 7 9
548 261 7 8
519 241 6 9
479 238 7 8
606 322 8 10
631 331 6 9
585 375 9 12
628 399 6 10
510 378 14 20
514 393 16 19
415 128 4 6
402 126 5 7
371 171 5 7
438 161 5 9
555 80 5 7
532 78 5 6
495 84 4 7
523 130 4 7
510 122 5 8
488 131 6 8
512 141 5 6
535 160 6 10
507 164 7 8
485 145 5 5
588 147 5 9
577 174 5 8
559 178 4 8
430 261 5 5
430 305 7 10
649 118 7 9
639 141 4 10
614 147 5 8
606 159 7 10
620 176 6 7
598 182 4 8
664 153 6 8
585 127 6 7
629 114 4 6
704 127 6 9
699 147 4 6
680 145 5 8
677 169 6 8
630 173 4 7
615 171 6 9
599 174 6 8
608 180 5 9
536 182 9 11
568 157 7 9
824 53 6 8
781 56 4 7
770 87 6 6
768 111 8 7
745 114 6 9
839 136 4 8
845 138 3 9
828 141 6 6
750 90 4 9
723 113 5 8
710 135 6 11
731 145 5 7
718 144 6 9
758 131 4 10
804 105 5 9
823 152 5 8
847 160 8 8
867 130 6 9
861 141 6 9
894 95 6 7
884 96 4 7
847 117 5 8
891 122 4 5
912 123 5 8
912 141 7 10
926 147 6 8
888 140 7 9
880 159 7 9
1005 63 6 11
1004 80 5 8
989 83 7 8
962 81 5 8
966 93 6 7
1011 104 6 7
992 124 7 9
947 82 5 6
954 65 6 7
946 114 6 7
952 146 7 9
970 150 7 9
1003 154 10 10
945 130 6 8
987 204 9 13
644 199 7 10
598 202 6 8
694 252 7 11
670 281 6 6
649 301 7 10
682 305 8 10
706 276 8 9
684 277 4 7
711 307 6 11
701 301 6 8
805 192 6 9
795 210 6 8
780 231 6 8
746 256 8 7
761 269 9 9
785 264 8 9
819 250 8 10
838 263 7 11
851 265 6 10
871 281 7 9
874 290 6 10
868 306 9 10
873 325 7 9
834 296 6 6
762 287 5 8
771 302 7 10
753 307 7 9
741 269 7 9
743 322 8 7
804 286 6 8
885 248 9 10
924 244 6 10
895 275 6 9
903 290 4 9
937 279 7 12
968 280 7 10
949 298 6 11
936 311 7 11
906 305 7 10
891 326 9 9
664 326 9 9
696 326 7 7
736 300 5 9
814 327 6 8
844 375 11 15
738 395 15 24
693 409 15 21
685 398 8 10
655 408 18 26
1015 397 9 24
987 414 12 15
951 398 18 24
918 371 11 15
861 411 14 23
650 400 7 11
566 413 17 24
476 414 17 20
448 431 17 21
434 394 16 20
442 385 8 10
403 406 17 22
398 391 9 11
398 408 15 20
359 381 18 23
362 411 17 23
318 429 19 23
318 400 19 22
284 403 16 20
259 395 9 10
211 411 17 22
160 466 34 48
173 404 19 24
122 413 16 18
104 409 10 13
42 404 20 24
87 482 26 46
420 290 6 7
178 177 6 7
704 722 29 46
