24 158 10 11
43 121 10 12
53 156 8 10
19 37 8 9
1 97 8 11
133 182 11 10
143 112 8 9
160 96 10 11
134 77 8 10
87 124 8 9
47 25 9 11
109 122 10 9
173 134 7 10
265 148 8 10
310 152 8 10
344 157 8 11
19 128 7 10
293 47 7 9
361 188 10 14
276 13 8 8
302 14 10 11
318 50 9 9
366 46 7 15
325 67 8 10
344 94 7 11
362 120 10 10
404 125 7 9
407 158 9 11
444 210 10 11
394 52 8 10
479 29 7 10
438 163 9 11
474 157 9 13
440 123 10 11
476 58 9 12
476 77 9 10
463 96 10 11
478 122 9 10
512 34 8 8
546 29 8 11
557 56 8 9
542 173 8 10
502 102 9 10
502 76 8 8
540 79 8 10
569 253 10 11
652 278 11 10
692 240 9 11
644 215 11 12
591 212 7 8
611 213 9 11
538 107 10 11
566 133 10 11
564 182 11 12
585 195 9 11
586 110 9 9
752 241 9 13
824 126 8 11
845 138 9 12
850 118 9 9
769 142 10 12
742 141 9 10
799 194 7 10
840 193 8 12
720 247 9 10
407 20 8 10
449 27 10 10
574 9 8 10
601 66 8 11
571 80 11 13
656 90 8 11
624 83 9 11
592 44 9 10
616 40 8 11
638 12 8 10
785 101 11 11
810 96 10 11
811 66 8 10
826 32 8 11
880 114 8 11
907 128 8 11
933 161 10 10
910 159 8 11
886 86 8 8
918 59 9 12
912 91 10 10
942 99 9 11
45 232 13 15
7 209 10 13
32 211 12 10
934 130 9 11
958 66 9 13
991 80 10 11
962 107 8 10
972 145 7 10
991 146 10 12
1006 127 8 9
991 40 9 9
957 41 11 12
977 18 9 9
994 17 10 10
905 36 9 10
823 79 7 9
862 81 8 10
986 202 10 10
990 229 11 10
947 339 11 12
891 290 11 12
924 291 9 9
866 336 12 14
459 244 9 12
305 300 10 12
754 385 9 13
707 356 12 13
469 398 14 15
411 453 10 13
518 449 8 11
491 227 11 12
1002 376 12 15
370 165 10 12
513 158 12 16
158 172 10 14
191 166 7 13
206 162 11 12
240 156 8 11
111 71 10 14
