46 175 17 21
70 153 13 19
97 181 13 19
111 169 10 14
130 152 12 17
152 163 13 16
172 174 17 24
199 171 13 17
185 145 9 16
233 177 14 18
247 153 10 18
291 178 11 17
315 148 14 22
333 178 13 16
317 135 10 15
376 130 12 17
363 155 10 11
395 187 9 15
388 163 12 17
425 129 10 20
442 153 12 14
437 179 9 15
488 173 11 16
479 152 13 17
472 131 8 13
517 156 11 18
527 130 12 15
573 152 13 18
537 174 12 16
613 153 12 15
593 139 12 18
648 141 13 13
638 170 12 17
693 171 16 18
676 159 12 16
698 142 13 16
721 159 12 19
746 169 11 18
755 138 12 19
832 389 17 22
890 321 14 17
821 328 12 19
745 325 15 20
678 329 13 20
602 299 14 22
13 300 13 19
55 309 14 20
49 382 11 17
672 383 16 21
775 396 16 21
872 315 14 17
944 364 9 15
786 159 9 16
813 143 10 15
833 161 12 15
800 182 12 16
862 180 14 17
871 149 11 16
904 143 13 16
903 162 13 19
913 167 13 18
949 158 11 17
967 144 11 16
977 181 12 17
996 148 10 15
1002 163 13 18
8 382 13 16
1 422 9 20
151 423 13 16
99 424 15 16
119 320 15 17
136 262 14 17
68 259 16 14
189 299 12 16
252 290 15 17
239 320 11 13
204 344 11 14
187 372 14 14
230 375 13 20
271 345 10 16
300 322 14 22
485 432 13 19
