16 513 16 19
138 470 14 15
77 429 11 15
397 536 13 22
304 397 9 17
357 398 10 16
422 404 13 16
663 383 10 13
614 375 8 14
960 313 7 10
982 312 8 10
955 336 6 9
855 358 7 11
118 432 12 12
247 108 12 17
405 119 10 17
443 101 12 17
494 116 12 17
516 99 10 14
547 96 11 18
743 104 9 13
754 113 7 11
866 108 7 13
898 100 8 11
918 121 8 10
871 101 7 11
968 110 8 13
984 103 7 10
710 113 9 13
675 108 12 14
487 109 9 12
390 87 9 14
346 111 12 15
323 120 8 11
297 98 10 17
202 103 12 16
138 112 13 16
99 115 12 15
1015 316 7 10
821 341 10 10
852 340 9 10
720 352 10 12
630 378 10 14
556 394 9 13
517 399 11 12
477 407 11 13
469 436 11 11
472 520 18 20
272 411 14 16
237 431 10 13
172 431 13 17
178 526 15 16
167 582 16 23
242 516 16 14
307 502 12 15
590 540 18 20
597 567 16 21
694 542 13 20
811 484 17 20
776 572 17 23
896 570 13 18
932 497 14 19
988 615 21 24
611 105 11 15
