36 302 33 46
61 290 33 46
324 309 33 44
291 303 30 41
430 300 31 50
459 280 29 39
398 287 30 43
561 300 23 54
623 325 25 39
695 295 32 40
797 324 28 41
741 333 26 42
896 320 30 46
957 333 13 33
964 346 19 35
1001 340 21 31
157 245 11 14
152 216 10 15
245 231 7 10
226 249 14 14
374 219 13 13
384 200 8 11
414 200 14 17
407 241 10 14
344 277 10 14
436 220 12 16
497 266 11 11
132 179 13 13
303 258 12 14
469 248 11 14
544 163 10 10
663 241 10 16
804 271 12 12
793 289 17 16
774 269 13 18
862 265 10 16
909 262 11 17
965 226 9 10
936 258 15 17
1001 251 11 14
439 200 12 11
9 179 12 12
