109 268 18 32
174 177 14 20
272 190 12 22
295 187 14 25
335 192 16 22
364 151 25 41
230 181 10 23
157 167 13 17
88 166 13 18
111 167 12 16
190 162 8 9
64 165 11 14
50 173 10 13
125 164 8 13
331 156 7 8
595 174 22 27
520 191 19 24
433 153 14 19
609 191 16 31
695 165 13 21
706 144 9 14
762 153 6 9
861 205 17 21
885 188 12 20
937 170 16 25
1003 183 18 26
964 148 8 12
937 148 6 10
780 161 10 17
860 143 8 9
895 149 8 9
735 158 6 9
879 152 7 10
449 159 10 11
502 153 8 11
527 162 10 11
579 141 7 11
644 142 10 12
744 165 16 25
606 149 5 7
553 153 15 19
623 150 7 11
530 145 6 9
