655 331 66 96
689 284 65 83
785 279 45 78
554 305 59 62
642 271 60 73
457 461 86 101
496 309 52 75
330 327 62 73
546 215 49 55
454 273 52 61
588 461 86 105
455 206 42 49
390 217 37 53
436 392 59 76
184 251 48 64
179 151 38 53
247 215 37 46
56 220 50 59
31 249 47 64
16 326 61 71
89 345 65 57
343 138 30 41
486 146 33 49
120 156 30 41
118 210 30 41
23 147 28 39
343 102 22 27
277 74 19 23
214 592 87 90
11 502 73 109
23 400 69 82
75 574 101 109
497 583 97 99
398 592 86 86
625 569 89 109
728 550 64 110
795 499 79 97
896 447 87 98
878 332 50 94
874 236 51 60
967 171 33 49
992 155 30 59
850 205 41 62
870 149 42 55
765 183 40 45
826 171 26 42
673 180 35 43
715 175 29 40
702 25 25 30
706 112 29 41
787 122 35 50
229 299 56 67
108 38 17 25
213 28 16 25
244 41 17 28
322 19 14 22
381 24 13 26
403 127 20 33
23 25 17 23
74 159 20 28
809 1 17 13
538 2 18 18
515 2 17 14
606 154 35 34
232 404 68 80
159 30 17 25
175 15 17 22
550 198 44 52
781 258 61 76
802 242 50 66
395 324 50 60
