172 244 21 30
200 233 18 27
207 258 21 24
300 275 21 31
479 299 19 31
385 297 17 30
337 309 20 23
229 267 22 30
401 288 16 23
465 281 13 19
475 270 11 21
487 266 11 24
513 297 12 22
534 288 20 31
559 294 16 28
579 291 24 32
344 288 20 25
332 267 15 17
384 265 13 20
516 269 19 23
606 295 19 28
631 300 16 22
647 275 20 22
610 272 17 21
674 311 14 25
737 310 20 26
761 306 20 25
789 314 18 28
836 320 20 27
693 290 13 22
884 325 22 31
929 322 22 29
970 331 23 26
1006 326 18 27
855 298 15 22
847 315 17 25
930 308 19 24
125 277 19 42
281 302 26 38
19 250 24 38
1 248 16 32
1 287 15 37
88 258 23 35
160 265 23 34
138 242 23 30
129 264 23 36
42 263 21 30
194 282 22 34
424 283 23 25
