499 111 25 26
741 574 24 27
648 569 21 22
582 559 36 41
674 553 13 17
699 548 8 10
535 556 25 25
470 726 34 42
288 726 47 42
276 637 32 46
787 570 23 29
666 667 12 38
835 568 11 12
814 562 11 15
839 548 8 10
865 625 12 23
620 542 5 7
973 681 43 81
1000 593 24 27
962 564 22 33
906 599 9 24
699 572 19 19
369 542 9 12
400 535 11 12
283 549 12 13
330 550 9 10
348 556 16 16
299 540 9 10
307 551 11 11
383 529 7 10
206 547 13 15
191 545 11 12
264 539 8 10
175 542 12 14
237 542 9 10
56 550 10 12
23 546 12 13
9 546 11 11
125 541 11 13
43 537 12 12
102 554 10 14
81 536 13 16
81 548 13 14
75 553 9 9
515 533 12 15
448 544 19 19
467 515 11 12
212 534 12 13
854 564 8 10
754 549 12 12
713 541 7 8
0 566 6 14
174 530 8 10
354 529 10 12
338 520 7 8
385 518 9 11
324 512 7 8
146 519 10 10
147 545 13 14
169 533 9 11
286 527 8 10
290 517 7 9
278 529 6 9
337 516 6 8
450 518 9 11
413 555 22 21
58 530 13 13
110 534 13 13
48 551 12 14
625 538 10 18
