438 315 48 52
331 198 53 54
405 168 44 58
308 332 49 63
296 296 48 41
165 254 36 55
39 181 38 58
139 353 34 57
23 314 41 45
938 199 52 53
972 255 41 55
891 361 43 57
783 365 34 54
617 227 33 47
785 105 50 59
616 7 41 60
507 226 48 55
509 175 52 54
426 12 48 52
371 104 42 37
230 70 46 47
102 99 46 56
62 71 45 52
141 206 59 62
590 68 51 57
732 442 39 62
749 513 25 56
540 402 40 55
858 442 40 53
726 309 43 58
962 426 36 55
858 297 44 61
970 94 48 61
888 0 37 56
774 44 33 40
831 0 32 17
905 157 38 41
846 100 38 39
