115 193 30 43
246 394 16 19
43 349 10 12
51 381 8 11
267 413 19 23
311 403 16 22
297 400 9 16
333 393 15 19
355 401 15 19
391 389 14 19
66 379 11 13
261 377 13 17
280 390 13 22
287 370 13 13
317 363 14 16
265 341 10 14
280 327 8 10
299 330 5 8
306 332 6 9
297 320 5 6
340 310 8 9
284 351 9 10
302 348 7 8
311 345 8 8
319 349 8 11
325 342 8 10
337 357 11 10
345 334 7 8
351 318 5 9
368 321 8 12
393 322 8 10
342 379 12 11
357 361 9 11
405 313 10 10
424 317 11 11
433 349 11 12
403 362 11 18
486 313 6 10
499 312 7 8
476 313 8 8
504 354 13 17
517 311 6 11
595 289 10 15
576 288 5 10
651 285 8 19
448 294 7 17
530 308 6 8
548 312 6 8
566 311 5 7
571 420 17 18
398 335 9 11
524 354 11 15
521 371 14 15
514 389 16 19
498 382 12 13
547 358 11 11
536 340 11 12
555 366 14 19
513 331 8 11
869 355 11 15
830 350 12 14
846 344 11 12
744 359 12 12
767 347 10 15
798 339 9 14
784 340 11 16
821 336 10 13
832 329 10 12
727 353 10 13
706 346 11 14
679 350 12 14
659 350 13 14
719 340 11 13
684 340 12 12
666 304 6 7
710 305 4 5
598 308 7 7
827 298 6 7
756 308 6 5
759 299 4 5
767 322 8 11
603 339 10 11
747 346 11 15
660 336 9 12
700 335 11 13
731 332 10 10
983 357 13 19
928 355 12 14
772 295 5 6
623 337 7 10
996 331 15 17
379 314 8 7
385 315 6 11
426 391 12 16
557 399 18 18
497 341 13 13
486 348 9 13
573 342 9 10
564 349 10 12
591 354 10 11
635 335 7 10
665 328 7 8
646 332 7 8
705 323 9 9
716 332 9 9
750 324 8 11
750 336 8 11
645 323 9 8
402 357 8 9
409 350 12 8
440 317 10 10
459 315 10 10
586 325 8 8
549 389 10 11
388 353 12 10
578 368 19 20
589 404 14 23
609 308 7 7
439 224 7 8
529 400 13 16
742 325 8 9
524 320 6 9
383 286 6 11
388 292 7 9
863 341 9 11
788 331 8 10
806 333 8 10
813 326 8 9
847 296 5 5
819 296 5 5
857 320 7 8
847 309 6 8
793 306 5 6
763 340 8 7
17 302 10 11
