514 234 32 49
630 221 41 59
835 265 24 43
307 226 22 30
102 298 5 6
109 298 5 6
117 299 4 6
123 299 6 6
132 300 4 5
140 300 5 6
148 300 5 6
155 301 5 6
163 301 4 6
171 302 4 5
179 302 4 6
187 302 6 7
101 311 4 5
108 311 5 6
117 311 5 6
123 312 5 6
132 312 4 7
139 313 5 7
147 313 5 6
155 313 6 6
162 314 5 6
171 313 5 7
178 314 6 7
187 315 5 6
101 324 4 6
109 324 5 7
115 324 6 7
123 326 6 7
131 325 5 6
139 326 6 6
147 326 6 6
154 327 5 6
161 327 5 6
170 328 5 6
178 327 5 7
186 329 5 6
98 339 6 8
123 338 6 7
131 339 4 6
138 340 7 6
146 340 5 7
153 340 6 7
162 341 5 8
170 341 5 6
177 341 5 6
185 342 5 6
122 351 6 7
130 352 6 7
138 352 5 6
145 352 5 8
153 353 6 7
161 353 5 8
169 354 5 6
178 354 4 7
184 355 5 7
111 363 5 7
120 363 6 9
129 364 6 9
136 364 4 9
142 365 8 9
151 364 6 10
159 365 6 10
167 366 6 9
175 367 5 9
183 367 6 9
94 375 5 10
103 375 6 9
110 378 5 8
118 377 6 7
127 377 5 8
134 377 5 7
143 378 5 7
149 379 6 7
157 379 6 8
166 381 6 7
174 381 5 8
183 382 5 7
92 389 6 7
99 389 7 8
108 390 5 7
116 391 5 7
124 391 5 8
130 391 7 8
139 392 4 8
146 392 6 7
155 392 5 8
163 393 6 8
171 394 5 7
179 394 6 8
89 401 5 7
97 402 4 7
103 402 4 8
112 402 7 8
121 403 3 7
128 404 5 7
135 404 5 6
143 404 6 7
151 405 6 8
159 406 6 7
168 407 6 6
177 407 6 6
86 413 5 6
93 415 5 7
101 415 7 6
109 415 5 6
117 415 4 7
124 416 6 6
133 417 5 6
140 418 6 6
149 418 5 7
156 419 6 6
164 419 5 6
172 420 5 7
88 427 6 7
97 427 5 6
105 429 5 6
113 429 4 6
119 429 6 6
129 431 4 6
138 432 7 6
