388 211 37 45
416 191 31 38
320 205 40 57
351 306 36 51
260 257 41 48
165 266 53 62
34 287 55 53
168 215 36 36
100 195 41 54
143 166 33 32
20 67 46 52
113 181 31 36
94 131 19 19
140 137 18 21
210 133 17 20
236 135 18 20
301 102 15 14
447 114 22 23
377 80 17 22
400 75 13 14
412 38 17 17
955 227 31 32
974 254 30 35
914 233 19 30
927 186 22 23
879 186 20 23
887 164 21 24
846 158 16 17
754 171 14 22
799 173 18 19
786 163 17 18
733 156 14 16
803 138 15 16
856 151 10 10
810 117 10 12
672 110 25 28
359 55 17 18
310 37 14 17
284 79 15 19
252 61 17 15
504 51 26 24
349 48 14 15
170 50 17 16
135 30 15 16
294 30 13 17
269 39 11 14
346 34 15 17
602 0 33 22
956 548 68 135
591 360 77 109
348 492 119 110
272 359 71 89
125 370 88 82
209 206 31 32
200 169 25 26
358 83 19 20
468 378 22 69
