395 322 62 66
6 433 82 79
199 310 17 40
193 259 37 46
271 244 31 39
345 221 37 43
88 265 39 48
22 314 45 51
32 246 32 32
113 244 32 38
139 249 23 24
158 214 26 20
81 220 20 20
8 222 17 27
2 186 14 19
18 230 19 22
229 246 22 31
215 177 14 16
147 191 13 14
110 191 20 20
207 202 16 18
469 213 28 29
406 218 33 37
306 207 25 31
507 200 24 29
355 183 20 22
452 192 23 26
518 143 10 12
403 170 12 14
336 179 13 16
534 216 30 34
362 202 23 24
330 170 7 9
412 159 8 10
699 453 87 89
687 312 64 67
508 350 74 88
947 249 52 50
1000 212 24 38
891 212 35 41
830 215 24 34
955 170 21 26
910 127 15 17
853 115 13 15
841 197 25 29
794 122 12 13
783 194 17 21
740 210 25 26
684 213 30 30
596 210 32 33
670 182 17 20
701 191 23 25
767 160 11 12
575 228 26 37
697 260 37 44
732 166 12 13
698 166 12 13
663 154 9 11
659 142 6 7
670 133 9 9
718 182 11 12
729 140 9 11
765 111 8 10
123 63 4 6
585 134 18 22
559 60 18 20
581 53 12 14
594 63 17 23
535 42 17 20
509 66 17 18
486 53 18 19
463 55 17 20
437 48 18 20
406 86 15 15
607 81 16 23
807 136 11 12
797 150 10 11
266 182 11 12
326 200 12 14
205 187 15 20
317 183 9 11
863 198 16 23
