678 277 16 17
715 284 13 18
710 277 12 17
641 289 16 20
621 264 14 13
649 248 11 12
655 260 11 15
677 257 14 15
614 242 8 10
586 232 10 13
601 241 9 10
595 229 8 10
659 233 9 9
688 229 7 9
673 246 10 10
638 235 8 9
620 249 10 11
674 232 10 11
698 235 9 8
646 232 8 10
605 232 8 9
693 260 8 9
759 268 17 21
680 304 19 20
820 287 20 24
894 276 18 22
870 266 10 13
717 227 10 12
741 268 15 17
706 251 8 11
788 274 20 17
821 356 40 41
708 401 53 48
605 300 20 26
528 300 25 29
518 284 22 23
493 269 17 19
578 272 14 19
601 263 18 17
394 337 39 50
470 285 19 23
449 284 14 17
449 256 14 19
428 263 17 21
385 277 20 19
395 303 19 22
362 271 20 25
351 301 21 25
500 250 8 10
527 242 10 12
324 277 14 16
324 306 16 19
402 259 12 15
375 252 9 11
391 244 9 13
418 242 10 14
500 236 8 10
473 246 8 9
402 234 9 10
496 223 8 10
520 222 8 11
361 243 11 14
334 232 8 9
403 224 9 10
226 150 11 15
160 156 13 15
141 147 11 13
119 146 10 11
86 158 9 12
32 159 12 14
216 298 19 23
233 292 14 20
108 289 14 16
133 322 20 25
239 286 16 21
156 293 17 22
46 293 15 21
0 300 16 27
20 343 26 38
172 314 21 27
554 234 10 13
544 261 11 13
540 224 8 9
630 237 7 10
575 291 14 21
511 268 14 15
479 228 9 10
470 229 9 11
460 417 45 57
88 405 44 65
0 389 22 54
929 276 19 21
13 199 13 13
310 320 10 31
382 229 11 13
300 275 16 19
569 239 10 12
539 239 9 10
559 270 15 16
486 258 9 9
186 285 23 26
457 226 11 12
447 241 12 12
572 228 12 13
462 262 12 13
504 229 6 7
615 235 10 12
122 378 31 44
181 158 11 11
271 176 10 13
