489 270 46 58
280 295 26 28
330 299 22 26
375 224 22 24
329 218 23 26
282 219 21 22
502 236 20 23
545 235 17 23
770 248 18 22
802 251 19 21
840 252 13 20
734 248 17 20
696 248 19 21
660 243 20 24
623 243 19 22
583 243 18 20
865 385 20 23
830 387 21 24
796 384 20 25
756 384 22 25
720 385 20 26
680 386 21 23
640 384 23 26
599 386 24 27
612 465 20 28
567 465 25 30
557 386 22 27
516 381 21 28
621 551 23 30
575 551 26 32
526 550 26 33
482 556 27 32
520 464 26 29
477 467 24 26
428 469 25 27
432 563 27 28
424 380 25 27
474 376 25 28
378 377 25 26
377 466 29 31
380 567 28 30
325 565 32 37
271 566 32 34
325 468 31 32
274 467 29 33
328 379 26 29
278 381 24 31
885 458 20 23
845 458 24 25
828 538 20 23
791 541 22 28
745 544 23 29
706 546 22 29
663 544 25 32
810 456 20 27
773 462 22 27
734 461 20 23
692 463 21 23
654 462 22 26
75 321 29 29
