110 324 25 31
181 325 26 28
268 322 26 30
328 312 29 34
580 242 39 47
406 322 39 50
616 331 34 46
674 272 46 49
1 502 21 29
82 499 25 34
755 497 23 33
59 141 28 32
28 159 19 22
102 169 22 27
0 142 17 24
31 120 16 18
82 134 17 22
175 144 29 37
211 126 19 19
236 152 21 24
293 176 28 26
335 197 21 22
363 179 29 26
327 140 20 22
274 148 16 16
237 133 14 14
252 137 13 14
272 187 19 20
347 140 12 17
279 104 14 16
325 103 14 16
369 110 16 14
300 71 14 15
243 68 12 15
146 48 19 26
82 102 17 14
47 80 14 15
100 81 9 12
105 66 10 13
84 76 11 11
59 81 12 12
70 39 6 8
32 39 5 6
218 65 6 8
202 96 12 12
193 75 8 9
172 33 5 6
219 35 6 7
266 55 7 8
237 38 5 6
296 55 6 6
320 68 6 7
314 42 5 7
375 31 6 7
357 68 12 16
268 40 5 6
292 35 6 6
433 131 28 29
419 121 21 22
451 84 10 12
391 147 17 19
419 47 10 10
436 107 10 10
394 31 5 7
386 84 10 12
372 62 9 8
328 36 7 9
345 33 8 7
287 45 6 7
237 54 9 6
426 20 7 6
414 24 6 6
457 38 9 9
437 37 6 5
430 67 7 7
351 25 5 6
367 26 4 5
377 21 6 6
460 31 5 6
442 51 8 9
185 34 7 8
462 66 10 12
448 22 5 6
355 53 6 7
330 69 6 6
410 36 6 7
477 20 4 6
406 86 10 14
157 141 20 28
0 70 11 18
805 286 31 36
944 280 54 68
897 281 30 37
767 138 30 33
697 158 26 30
738 154 25 22
673 172 21 21
620 175 29 29
574 135 29 30
480 141 23 30
495 128 23 23
524 126 23 27
636 158 23 26
676 127 23 27
653 117 16 25
820 122 28 28
854 134 30 31
939 162 23 27
979 140 26 30
924 134 24 19
975 98 21 28
569 97 15 16
602 93 11 16
524 100 9 12
491 62 10 9
551 60 8 10
570 75 10 14
583 81 10 11
746 97 12 13
650 101 11 12
643 70 7 10
890 108 11 11
842 103 11 13
773 110 10 11
755 125 12 15
707 105 6 9
600 129 15 16
906 107 11 11
867 99 10 10
942 66 9 12
898 67 10 10
980 75 10 10
1007 67 8 9
1014 51 9 12
966 45 5 8
960 17 7 11
946 10 5 8
759 60 7 9
842 52 8 9
594 25 7 9
656 39 6 8
655 50 8 8
622 31 6 7
664 34 6 7
700 43 6 8
729 23 5 6
710 19 7 8
895 41 6 6
793 127 15 23
898 24 7 6
859 41 7 7
941 37 8 10
863 70 9 12
923 31 8 9
999 25 6 7
1003 43 8 12
866 11 7 6
862 35 7 6
891 13 6 7
982 50 9 10
903 94 13 14
961 97 16 21
803 22 6 6
887 92 10 13
824 69 14 16
723 292 29 44
644 42 5 6
23 312 28 36
505 269 24 52
742 65 8 11
