1010 243 14 25
966 230 23 32
917 274 12 14
930 326 30 40
988 332 21 27
858 302 13 20
826 263 16 15
867 363 35 37
749 359 43 52
753 322 23 24
857 268 16 16
756 270 23 16
787 257 7 11
783 247 7 10
836 355 30 31
735 275 15 15
710 262 17 16
692 291 17 19
719 338 34 31
682 247 12 14
685 260 12 19
679 361 40 51
645 301 20 25
605 301 27 31
528 315 38 45
487 386 42 48
493 282 25 31
600 252 18 21
565 283 22 29
542 253 13 16
493 255 16 17
484 262 16 20
618 257 13 12
628 280 12 16
470 262 20 25
410 280 29 31
448 299 26 30
352 305 29 32
293 301 32 36
327 277 25 30
363 272 19 28
376 266 20 24
305 247 22 25
286 253 23 25
398 212 10 12
306 216 10 10
344 246 15 15
287 215 12 12
420 459 61 66
534 379 44 39
358 367 37 42
397 389 49 53
489 528 75 85
940 639 84 129
868 478 53 59
654 532 16 48
170 533 97 97
210 394 23 46
244 321 37 43
25 377 54 47
89 355 25 44
74 299 34 44
168 307 35 43
248 270 21 26
271 276 26 29
225 262 23 22
99 262 29 30
165 239 22 24
73 230 15 16
51 235 17 17
133 232 12 13
17 248 23 24
280 235 15 16
228 224 10 11
243 224 11 13
723 224 11 12
694 215 10 12
719 246 12 14
643 207 6 12
669 226 10 15
603 207 8 10
588 246 9 12
631 209 9 10
453 234 11 11
572 248 10 11
440 199 8 9
500 231 8 10
376 229 12 13
372 250 13 14
509 253 13 16
427 213 7 10
357 221 9 11
411 225 10 12
96 227 10 12
144 280 31 33
179 213 11 12
216 227 14 15
430 244 12 17
4 283 40 46
23 219 11 10
243 239 12 14
852 111 10 13
136 214 11 10
300 155 10 13
260 225 11 12
263 211 9 10
76 217 8 9
169 229 12 14
526 248 11 14
682 295 14 18
433 278 20 24
337 210 13 15
521 236 15 20
952 358 17 26
0 173 10 16
