848 75 56 75
316 102 19 20
281 122 46 54
5 139 43 65
224 219 7 8
212 204 5 6
215 195 4 6
678 326 26 34
726 300 40 28
590 294 13 16
568 301 7 9
625 311 7 9
509 325 32 34
481 345 37 42
520 292 15 14
500 287 15 18
482 305 21 24
467 299 17 18
459 287 11 12
946 326 45 47
832 396 73 83
763 348 43 66
594 484 63 93
421 405 43 54
259 394 43 83
403 337 19 35
341 339 25 30
332 317 20 26
245 333 35 34
271 347 40 44
434 276 11 14
353 308 12 16
496 643 146 40
202 398 49 50
156 377 36 35
197 324 25 30
173 341 28 32
125 364 31 38
136 321 15 20
167 317 17 20
30 364 35 37
33 333 29 38
40 319 18 21
53 320 13 16
57 313 11 13
52 459 35 56
72 344 16 30
0 330 18 31
189 305 14 16
227 289 9 10
234 295 7 9
211 289 8 9
169 308 13 14
147 310 13 14
526 258 8 11
94 305 7 7
404 320 17 21
348 291 9 9
450 275 10 13
439 287 8 10
397 304 9 10
682 261 8 10
58 556 35 83
634 285 8 16
