975 324 49 52
756 342 48 55
847 342 46 53
675 382 45 54
536 294 53 60
394 347 44 49
253 320 46 52
79 280 41 60
434 201 48 57
348 209 40 49
430 132 27 35
223 219 41 43
197 133 35 38
778 308 58 61
801 187 29 32
640 143 26 26
693 163 25 25
494 146 19 24
490 108 11 11
730 138 19 22
745 103 18 21
602 142 19 25
685 148 21 22
272 108 21 22
314 117 17 18
400 108 19 22
217 82 18 20
325 115 21 27
89 159 30 39
155 137 27 31
121 220 34 42
20 114 22 25
24 181 31 42
898 145 23 25
897 217 22 25
512 214 35 60
394 199 40 46
544 140 22 34
587 98 8 9
876 120 16 19
808 102 18 20
397 71 14 19
