863 381 55 44
808 384 38 35
723 385 39 55
698 446 49 65
585 402 39 46
607 394 31 48
616 398 38 47
388 208 85 79
384 141 65 72
384 115 46 47
388 0 33 20
247 252 59 87
131 67 56 55
214 36 47 39
201 23 28 33
37 174 67 76
64 164 57 66
202 178 64 73
8 113 49 55
11 83 39 41
106 56 31 35
67 41 28 35
929 139 85 85
922 106 41 41
878 179 52 62
742 238 57 67
814 103 31 55
960 81 28 31
1007 43 15 31
930 27 20 25
1012 7 11 14
907 22 15 18
977 59 19 23
873 57 15 23
820 5 14 15
666 129 46 58
520 277 55 92
559 222 51 58
573 0 15 12
863 5 9 10
916 5 9 10
757 52 22 24
54 8 20 20
393 590 79 95
401 522 42 93
356 484 59 106
288 541 65 80
296 436 68 76
350 358 74 87
223 699 55 70
256 690 48 75
22 659 73 86
0 631 23 78
44 500 68 75
7 408 74 73
145 390 60 73
144 500 52 62
209 582 53 73
62 396 51 65
920 478 71 96
790 631 49 56
753 655 59 69
534 651 58 70
782 467 50 60
808 437 45 50
901 490 47 69
938 398 55 73
996 407 27 36
563 165 51 63
494 196 25 52
522 85 37 37
569 88 29 36
611 100 27 27
726 71 32 44
684 49 25 24
632 47 32 40
540 18 27 22
703 12 18 18
597 0 13 15
