538 211 58 68
453 224 62 70
342 188 84 92
394 134 46 55
424 103 42 49
904 230 79 85
888 172 40 41
842 172 46 52
913 116 21 29
877 100 20 29
764 107 34 39
906 37 72 70
643 160 47 61
713 157 33 46
803 81 22 25
689 70 20 29
655 15 11 13
366 430 131 117
0 441 76 137
284 82 42 49
331 61 19 27
96 147 51 60
12 117 36 44
50 70 30 43
222 66 33 39
68 43 23 29
46 12 14 16
140 45 17 21
443 52 13 16
398 43 14 18
568 86 18 21
501 109 31 32
519 50 18 23
561 15 13 13
608 1 34 34
548 83 22 27
117 46 13 17
241 57 14 18
23 10 14 17
173 163 74 70
1011 128 13 28
372 15 9 10
0 181 21 69
