797 335 73 126
819 247 97 112
922 122 70 91
693 168 76 79
683 86 43 48
607 132 49 68
563 106 42 56
596 68 35 37
513 143 46 52
523 46 25 31
479 48 42 42
473 19 12 13
464 16 12 14
447 111 35 44
388 108 43 58
336 162 56 58
354 80 45 48
273 211 55 72
70 325 138 137
52 117 74 76
188 123 54 48
251 88 40 48
332 72 19 18
348 40 14 15
316 63 12 12
387 57 19 19
245 58 31 35
187 57 30 32
0 91 47 63
1 53 40 36
77 34 24 27
142 40 29 26
122 35 20 25
250 23 14 17
265 22 15 15
199 23 13 14
178 6 9 12
18 6 20 19
0 16 11 14
40 3 12 19
47 7 10 14
49 0 14 9
58 10 18 18
98 9 12 12
110 7 13 13
142 4 9 12
293 3 7 9
377 19 4 4
395 18 3 4
