940 357 32 42
897 354 14 31
917 310 27 23
949 290 18 22
873 324 17 17
856 314 15 17
957 420 50 86
978 372 27 45
1014 338 10 22
838 409 25 27
775 373 34 54
817 324 16 18
694 378 50 55
812 312 10 16
732 299 11 12
692 323 12 21
731 284 7 9
777 280 8 11
718 295 9 11
722 285 7 9
783 351 31 39
653 305 9 12
798 298 5 13
618 291 6 11
509 309 16 17
554 297 13 14
535 299 14 17
488 289 18 15
459 320 22 24
428 307 13 23
388 331 27 25
443 338 13 10
407 270 9 13
426 387 32 35
237 371 31 32
154 367 20 43
362 307 26 29
343 271 12 13
202 276 10 14
229 284 15 18
203 263 9 12
145 281 18 26
178 285 18 22
390 255 6 8
403 253 8 9
249 239 7 9
256 238 5 6
352 254 6 9
234 260 6 13
576 308 13 21
278 304 7 17
472 368 30 39
0 336 25 72
430 273 8 10
891 126 10 12
159 85 12 15
148 67 11 18
418 252 5 6
351 268 10 13
218 257 8 9
887 344 21 25
694 261 4 6
608 278 7 8
688 274 7 8
651 292 7 8
656 284 7 8
673 277 8 9
674 262 7 9
670 271 7 8
634 265 6 8
496 273 7 10
414 257 4 7
424 258 6 8
376 265 10 12
418 276 11 13
345 258 6 7
510 266 8 10
544 262 7 10
582 288 5 9
301 221 13 23
203 179 7 13
118 317 12 29
553 268 4 5
911 618 112 65
