886 56 138 281
30 363 24 21
54 372 23 24
103 359 15 21
125 366 19 20
189 353 22 24
219 349 24 27
302 358 22 21
339 344 20 25
353 357 23 24
399 348 21 19
406 369 17 20
454 350 19 24
467 344 17 26
507 344 21 24
543 345 21 23
511 413 23 22
293 452 18 27
43 491 24 29
21 500 24 26
68 528 14 29
205 510 14 32
526 625 37 42
92 654 26 49
571 343 22 26
619 345 20 23
632 338 20 21
641 340 20 25
687 316 21 24
693 339 23 23
753 326 20 21
779 328 18 23
812 327 21 25
861 324 18 25
869 330 15 25
896 334 17 21
902 335 21 24
977 330 17 26
1000 337 18 25
978 516 25 38
