53 207 11 48
0 440 34 60
65 422 51 70
206 386 56 79
20 389 39 37
52 362 16 27
34 340 28 26
116 372 22 28
135 358 22 20
80 353 16 22
109 320 14 17
169 342 17 23
161 399 16 32
294 343 34 40
428 412 42 64
416 341 17 25
339 363 22 28
510 332 15 24
446 336 17 19
262 327 7 9
253 329 5 9
215 349 14 14
231 339 10 10
184 333 11 13
202 327 6 12
212 333 9 9
223 328 9 10
224 324 7 8
821 360 43 58
766 374 34 40
934 342 34 36
997 345 22 28
992 313 19 19
957 324 17 20
926 309 16 20
896 319 14 18
907 338 18 24
789 317 14 15
757 347 11 15
769 334 13 13
642 316 25 25
703 275 20 24
572 349 17 29
582 326 12 15
704 420 9 15
541 329 7 12
515 116 22 19
996 224 9 8
679 100 11 9
868 245 7 8
148 252 4 8
148 234 3 6
145 228 4 5
149 244 3 5
145 244 4 6
932 337 20 27
918 315 8 13
