611 108 61 95
347 47 63 102
33 414 21 26
96 406 22 25
42 400 22 23
54 390 17 24
95 385 20 21
88 366 19 22
129 366 15 17
141 391 20 19
152 372 19 22
409 358 19 17
426 418 25 24
404 429 26 29
445 406 19 21
483 396 24 28
440 368 24 27
505 354 19 24
511 396 19 24
566 398 27 30
560 378 15 19
580 384 21 18
601 368 20 23
772 339 22 26
759 400 24 30
784 411 26 26
820 413 21 26
846 370 21 21
859 416 35 31
872 380 28 29
884 351 22 22
903 359 23 25
921 419 28 25
961 379 22 30
975 365 19 27
986 439 26 32
1003 416 21 29
987 353 14 18
