897 668 44 59
657 537 43 45
366 592 34 46
585 533 33 38
615 470 30 27
529 498 17 20
236 617 34 52
290 581 31 52
120 619 40 40
161 562 35 42
241 515 33 29
290 535 21 24
256 365 19 18
183 369 20 18
3 486 18 22
11 459 19 20
135 407 13 15
30 436 13 17
656 474 19 22
461 678 34 48
719 553 33 42
624 618 38 53
42 675 36 54
424 524 35 36
483 504 19 27
807 450 22 25
945 585 29 30
734 385 9 16
782 377 13 18
674 382 6 12
121 445 9 13
58 422 10 16
489 347 6 13
520 345 5 8
419 357 8 10
376 502 10 12
399 533 17 21
