160 430 7 9
86 511 35 52
311 428 10 13
222 426 6 6
197 430 5 6
184 448 10 10
204 449 13 14
84 429 6 8
212 426 5 6
833 211 89 94
551 194 113 121
276 584 42 37
285 494 44 48
400 451 31 37
425 463 20 27
437 441 18 23
443 404 14 17
415 419 15 18
404 413 12 11
361 467 20 27
383 458 17 17
312 462 24 30
334 452 16 18
319 447 15 17
344 418 9 10
264 457 25 34
295 440 14 15
309 413 9 11
329 414 7 9
288 418 10 10
273 443 9 10
258 445 13 10
266 530 17 23
84 554 45 57
179 519 29 28
191 482 20 25
209 465 23 22
188 462 24 25
160 471 35 34
244 449 14 12
253 459 11 18
234 448 13 13
222 449 14 13
230 436 9 11
245 440 8 9
41 508 31 35
19 393 24 28
113 501 37 39
115 466 27 23
131 462 19 20
143 457 16 19
159 451 20 22
96 471 15 17
72 467 17 17
88 460 13 14
76 456 10 11
93 455 13 10
107 452 9 11
125 427 8 11
183 425 6 8
