129 1223 23 26
110 1205 21 26
133 1196 31 37
172 1206 23 32
197 1210 24 27
65 1190 26 26
31 1213 26 26
30 1171 29 29
66 1166 28 32
92 1144 31 36
118 1174 22 24
158 1178 24 26
177 1162 31 33
201 1149 22 28
147 1133 23 30
116 1125 26 30
35 1143 24 32
65 1134 27 32
50 1114 23 23
19 1049 24 26
58 1064 28 33
82 1065 21 33
112 1087 26 33
133 1089 25 34
169 1110 20 20
184 1115 29 30
217 1112 26 23
241 1133 23 33
200 1100 20 20
245 1101 16 25
226 1075 25 33
189 1070 27 32
164 1076 27 32
144 1084 19 21
0 1140 6 33
10 1229 26 36
9 1188 31 29
6 1085 27 29
1 1065 22 30
115 1066 23 22
82 1047 19 24
152 1045 15 21
169 1049 23 28
212 1057 19 23
238 1056 14 25
266 1049 28 26
17 1034 19 23
15 1005 15 21
85 1011 19 20
83 993 16 19
113 1024 21 24
144 1031 16 20
171 1018 15 22
189 1001 19 22
212 1019 21 20
308 1153 26 32
349 1235 29 25
351 1209 30 24
342 1183 26 33
395 1202 22 28
379 1175 26 32
325 1115 26 36
352 1145 27 30
356 1122 24 27
330 1083 19 29
356 1097 24 26
258 1025 21 30
231 991 17 28
221 975 20 23
237 966 22 21
12 965 21 19
109 966 16 20
276 1025 26 25
269 980 23 26
293 1003 20 25
307 975 22 22
303 1042 16 25
329 1039 21 27
335 1016 21 25
131 1054 22 22
348 1065 22 27
368 1066 27 29
423 1181 20 25
460 1181 26 27
437 1161 23 28
405 1165 17 21
393 1104 28 29
378 1117 18 19
424 1108 15 28
442 1092 20 23
392 1071 20 25
430 1080 21 25
417 1074 20 20
447 1057 20 25
424 1045 21 25
403 1034 20 26
409 1059 20 24
386 1012 14 22
397 1017 19 18
458 1027 25 24
435 1017 19 22
417 992 21 25
458 997 17 22
480 1007 22 29
489 1038 19 25
486 1118 26 25
491 1149 25 26
0 954 6 22
3 942 16 19
28 947 15 18
43 970 15 14
46 952 18 19
156 957 16 17
136 954 12 20
194 960 15 16
244 950 16 18
279 966 10 13
270 946 13 16
287 950 17 17
303 943 17 20
340 944 7 19
363 947 16 22
386 952 18 20
428 965 18 20
402 948 15 16
426 944 12 17
461 956 15 18
446 942 19 18
477 954 17 18
203 944 12 15
215 940 19 17
144 947 16 15
514 1174 26 28
523 1138 25 22
550 1130 21 26
562 1148 34 32
645 1156 27 24
733 1188 27 27
618 1122 29 25
689 1119 22 31
725 1142 26 34
818 1131 24 26
776 1099 29 34
855 1114 21 24
880 1136 26 32
953 1182 26 27
992 1151 26 28
973 1149 17 21
949 1126 25 29
936 1124 24 25
918 1112 24 26
903 1094 21 30
968 1090 18 25
970 1108 22 28
991 1108 21 25
939 1083 22 26
920 1083 15 20
885 1085 23 25
843 1088 20 27
811 1094 22 28
779 1072 22 25
748 1074 21 23
719 1082 22 25
703 1094 23 28
735 1104 23 34
617 1084 24 23
665 1099 22 26
695 1080 18 23
583 1078 24 29
508 1036 23 22
497 955 22 26
396 997 21 23
515 996 20 24
561 1025 18 22
564 1046 26 31
588 1039 23 31
623 1059 21 25
623 1036 18 25
637 1042 17 27
659 1038 26 22
705 1060 20 31
694 1031 26 23
718 1041 18 27
734 1040 23 28
776 1043 20 26
805 1049 23 20
831 1060 19 21
846 1061 20 22
875 1056 18 25
886 1053 23 28
919 1050 26 31
913 1059 18 23
954 1055 23 27
982 1045 18 21
996 1045 22 22
994 1061 23 30
997 1018 18 26
966 1028 20 25
950 1027 18 18
891 1036 18 23
913 1016 21 21
980 990 23 23
953 981 19 22
903 979 20 21
926 1002 18 26
896 1015 17 19
878 994 18 22
872 966 19 22
848 996 21 23
854 1029 21 20
835 1013 21 28
814 1010 22 28
828 992 17 18
802 978 20 27
772 980 18 22
775 1020 25 23
738 986 19 21
687 998 19 24
644 1021 20 21
632 1006 18 20
626 982 17 16
547 996 19 24
525 1050 22 26
570 980 20 20
526 976 18 20
586 965 19 22
320 926 18 18
345 931 14 18
372 930 13 13
382 939 18 19
410 937 18 15
475 935 18 20
517 939 16 17
549 929 18 18
580 950 13 17
559 943 17 17
597 935 17 19
626 950 19 18
688 970 20 19
645 941 18 18
675 969 14 17
707 959 12 15
693 948 12 13
745 972 19 20
797 957 14 22
754 947 18 17
738 942 14 18
814 948 12 18
837 945 18 17
905 953 18 21
934 950 18 18
950 957 15 21
981 943 18 22
299 922 10 11
309 904 12 16
297 896 11 19
326 893 15 17
315 888 12 16
305 821 12 16
339 920 11 15
360 909 18 20
357 891 12 15
392 922 15 17
424 919 13 17
459 920 19 18
441 907 15 18
423 903 16 18
374 903 15 16
334 884 12 10
331 873 15 15
358 874 16 16
369 869 11 15
380 872 15 18
393 879 11 17
411 888 15 17
411 872 15 16
429 886 18 18
466 912 14 16
472 889 16 16
442 893 15 15
455 882 13 12
491 916 13 18
511 925 12 18
528 922 12 18
516 901 18 20
553 915 16 15
544 913 12 18
573 901 16 22
595 912 18 19
614 921 12 17
626 920 15 22
694 929 13 17
683 915 16 18
730 921 18 21
769 936 17 17
790 943 18 20
786 924 18 23
818 923 17 18
844 921 15 18
858 925 17 22
923 934 17 21
910 911 17 26
970 938 13 15
961 932 13 17
877 926 31 28
989 925 20 23
975 915 12 20
962 918 12 20
980 901 12 18
967 892 11 16
983 891 18 21
989 871 11 18
960 880 13 13
971 869 12 12
930 868 17 18
979 860 12 14
997 830 12 18
899 884 13 15
916 864 10 13
870 910 12 14
832 909 16 15
846 897 13 18
844 886 16 16
855 874 13 17
875 875 12 15
903 867 15 12
819 892 14 19
778 912 15 18
785 896 19 20
807 895 10 15
703 896 19 15
672 906 16 15
653 899 15 19
635 905 18 21
613 906 19 20
597 893 18 22
585 882 15 19
732 869 14 14
718 868 14 15
802 856 11 15
736 859 12 13
759 878 13 17
779 858 12 12
794 847 10 15
772 848 13 13
756 846 14 20
732 845 15 17
713 841 13 18
677 854 14 12
634 861 13 15
643 857 9 17
622 862 8 14
628 850 15 14
649 848 12 12
554 862 16 17
567 845 16 15
605 860 12 12
593 844 14 15
504 863 14 9
501 872 11 18
529 858 18 16
545 858 10 11
93 931 18 17
81 938 14 13
70 957 16 12
38 936 14 17
52 942 13 16
67 926 16 17
8 922 15 14
21 930 12 14
4 908 12 15
15 913 13 14
26 907 14 15
50 924 12 12
82 922 12 12
50 909 14 13
95 906 13 12
83 903 10 12
70 900 13 13
8 896 15 17
24 885 14 14
21 870 12 12
10 880 11 10
0 873 10 14
0 888 8 15
5 865 12 14
0 853 8 14
7 836 15 14
41 883 10 10
40 865 10 12
63 868 13 15
53 857 11 13
55 843 12 11
47 843 9 12
35 843 10 12
35 819 11 12
10 820 13 13
0 818 7 11
125 935 18 19
539 892 17 20
558 885 15 20
510 875 18 16
536 877 14 19
768 890 17 20
707 878 15 17
679 888 15 15
661 879 14 17
683 877 13 13
691 877 16 18
631 885 18 18
615 889 14 15
604 877 13 17
573 868 16 15
439 872 15 15
457 864 15 18
418 858 15 23
889 912 14 18
963 841 18 10
957 828 11 13
980 847 11 17
995 865 13 16
929 845 18 16
915 856 11 11
882 853 12 15
897 853 10 16
905 849 10 15
877 849 9 15
864 845 17 14
802 883 12 15
786 879 12 10
112 909 15 14
124 906 15 18
138 919 11 15
153 927 12 12
148 911 15 16
139 899 18 16
164 935 19 20
190 930 16 14
173 916 16 16
201 932 13 15
204 923 14 17
219 907 18 18
254 934 15 16
280 933 15 15
284 922 12 14
264 927 15 16
265 908 15 13
239 914 14 14
242 896 14 16
254 896 12 21
277 893 13 14
292 878 11 14
266 873 17 17
282 872 14 14
293 864 12 14
301 852 11 14
245 878 13 14
285 832 14 15
83 889 12 15
111 890 12 12
123 894 16 16
124 883 14 13
110 874 14 13
133 867 16 16
98 888 12 12
98 880 12 11
93 865 13 14
84 853 12 17
76 852 10 15
68 842 12 13
61 853 11 15
83 838 13 14
98 842 10 14
107 846 14 13
108 860 11 13
118 850 12 13
137 843 11 12
171 899 13 15
161 908 12 14
211 898 12 16
204 889 14 16
188 875 16 18
184 904 13 15
200 909 14 16
151 872 12 16
172 881 13 15
216 871 13 14
227 856 13 14
218 848 13 14
237 848 8 8
157 849 14 16
194 853 14 12
206 861 11 9
173 847 11 12
177 864 12 15
208 842 10 10
259 832 12 11
267 825 11 13
254 829 10 13
250 824 7 8
253 808 9 10
293 805 12 12
265 849 8 10
238 834 11 14
218 817 10 12
845 867 13 12
826 871 16 17
1004 815 10 14
1003 893 15 15
957 861 13 14
1001 841 16 13
1002 798 10 11
1012 793 11 11
1001 780 10 11
1004 768 13 11
995 756 9 8
1001 750 9 10
1014 747 8 9
1009 740 8 10
945 802 11 9
989 782 11 12
976 782 10 10
961 780 9 10
990 816 14 14
971 817 14 13
966 790 11 12
944 779 10 11
950 770 10 12
980 762 12 12
969 762 8 9
982 748 9 9
997 737 9 11
966 750 10 10
978 735 9 11
966 743 10 7
987 733 10 10
960 737 10 11
963 721 8 8
971 720 9 10
981 712 7 8
999 700 6 7
1011 703 6 7
1007 694 6 6
1013 683 8 14
999 687 6 7
825 847 8 12
845 854 11 10
841 838 12 12
880 826 11 13
853 818 12 11
840 817 12 12
857 802 11 12
885 809 9 12
902 827 12 10
868 833 10 9
907 797 10 11
923 796 10 10
880 791 10 10
884 801 11 9
887 783 10 9
897 774 11 13
903 791 9 8
923 775 8 9
908 772 11 11
918 758 9 11
943 759 10 10
943 742 10 8
948 748 11 11
909 748 8 7
931 730 7 7
935 739 8 8
883 750 9 10
891 767 8 8
882 773 9 10
872 775 11 11
907 731 7 8
935 759 9 7
827 819 12 13
820 841 11 12
808 835 13 11
791 838 11 10
791 822 14 13
812 816 15 13
831 798 14 12
817 808 12 10
822 787 11 9
817 798 11 11
799 806 10 11
801 798 11 12
806 783 10 11
817 778 10 12
746 840 13 13
769 836 12 11
760 838 12 12
764 823 11 11
726 837 11 12
698 843 12 12
697 863 11 12
731 825 13 12
747 826 11 11
753 823 11 13
734 809 11 13
759 808 10 10
758 793 10 12
776 803 12 9
715 793 13 13
705 789 11 12
696 781 10 11
711 778 12 12
725 776 13 13
742 788 12 11
737 804 10 10
772 779 13 13
794 781 12 11
792 799 11 11
761 776 13 12
751 787 10 11
739 776 9 11
714 766 10 10
763 769 10 10
784 769 11 11
800 767 7 8
784 762 10 9
772 754 8 9
790 742 9 10
796 747 9 10
803 751 8 9
823 753 9 8
830 767 12 12
852 779 14 16
840 759 12 9
863 748 8 12
855 743 9 14
858 729 9 9
757 759 10 10
732 763 8 9
735 750 9 8
732 741 13 11
754 745 9 9
753 729 7 6
737 735 9 9
768 743 7 7
783 728 8 11
793 720 9 11
810 737 10 9
814 730 9 11
748 695 7 8
809 685 7 8
832 712 7 8
871 720 5 6
882 722 8 9
845 721 8 8
858 709 6 8
705 731 11 10
597 1018 22 20
682 836 15 14
667 823 13 17
650 841 10 12
637 836 11 14
651 836 11 12
651 826 10 11
630 826 12 13
616 837 13 16
580 827 11 15
637 816 11 13
720 818 11 15
681 805 9 10
651 805 11 13
633 801 12 14
594 827 13 14
599 820 11 13
545 840 15 17
585 848 12 13
512 849 16 18
497 858 14 15
505 842 13 14
523 841 13 15
533 843 14 15
548 814 13 13
521 821 12 11
517 835 12 11
510 821 12 12
500 823 11 14
506 808 10 12
496 799 10 11
506 790 11 12
515 799 12 13
534 795 10 12
539 807 10 12
544 796 10 12
556 797 12 11
571 804 11 11
566 794 12 13
576 791 10 14
651 787 11 11
693 805 13 12
695 795 10 13
689 797 10 9
684 788 10 10
605 803 12 13
611 819 11 12
577 812 12 11
560 817 16 17
589 793 10 10
619 796 13 12
468 850 13 15
477 842 14 16
461 839 15 15
475 830 11 14
484 819 11 12
492 821 11 15
494 836 12 15
464 824 11 11
471 813 11 13
449 821 12 13
450 835 11 13
444 858 14 13
435 830 12 13
436 854 13 14
438 801 12 17
459 791 11 15
470 784 13 13
448 795 11 15
470 763 11 11
463 765 10 10
450 766 9 9
461 752 9 8
486 746 12 11
488 771 10 8
484 764 10 10
477 753 9 9
470 742 7 7
470 749 8 8
478 742 6 8
487 738 6 9
466 778 8 9
302 867 11 13
317 854 14 17
333 854 13 15
351 843 13 15
388 836 13 15
377 831 12 14
389 812 11 14
400 814 11 14
413 820 10 11
411 828 18 14
409 854 13 13
405 839 11 15
413 793 9 10
419 801 6 6
398 793 10 11
379 801 8 12
377 817 10 11
360 788 13 14
381 793 11 11
389 782 9 9
404 787 11 11
426 782 11 10
413 776 10 11
387 770 9 9
379 770 8 8
443 755 9 9
421 752 7 7
411 766 10 8
422 767 11 9
408 758 9 7
430 745 9 10
442 738 10 9
455 735 12 10
348 833 11 11
327 845 13 13
339 829 11 13
328 827 15 12
363 814 12 14
349 811 14 13
342 804 12 11
324 809 13 13
320 806 11 12
310 801 9 8
310 810 11 10
325 767 12 10
329 749 10 10
361 763 9 9
345 767 8 8
352 759 9 7
353 765 10 8
360 752 8 8
367 750 9 8
374 738 8 11
366 742 9 8
392 751 10 9
407 741 9 10
390 739 7 7
352 748 7 9
340 755 9 8
346 744 9 11
331 736 8 10
345 734 6 7
362 736 7 7
352 735 9 9
385 747 12 13
321 748 8 8
311 761 11 10
284 761 9 8
291 771 10 10
276 778 9 7
290 781 9 10
281 787 9 9
333 780 9 9
310 748 9 9
301 753 10 10
293 755 10 11
276 749 11 9
267 749 9 7
282 735 9 9
278 732 8 7
270 734 7 7
316 738 8 8
441 786 10 10
442 774 12 12
493 784 13 12
482 804 9 13
411 815 10 9
418 801 9 9
412 795 10 8
399 772 10 12
399 756 9 10
349 776 10 9
361 773 10 10
282 805 12 9
275 798 12 10
293 733 9 9
305 735 7 6
326 780 7 10
317 775 8 10
620 784 9 9
652 772 13 13
678 779 9 11
692 771 10 11
686 764 10 13
694 746 9 11
657 754 8 10
637 763 8 8
634 749 9 10
642 752 9 12
593 766 9 11
580 765 8 10
549 779 8 10
542 744 8 9
605 763 9 10
570 777 11 14
585 783 10 9
533 780 14 13
558 767 9 10
554 753 9 10
533 765 8 8
595 752 8 10
610 751 10 10
603 744 9 10
586 737 10 10
580 746 9 7
570 742 22 25
581 744 18 31
596 752 9 9
603 743 9 11
516 735 12 14
532 736 9 11
531 746 10 10
526 762 9 10
526 718 10 10
559 737 10 11
571 761 8 11
572 745 12 15
620 767 11 10
621 752 10 12
630 735 9 10
618 744 10 9
659 737 8 10
667 740 10 10
674 753 9 9
649 719 10 11
634 724 9 11
648 702 9 10
599 718 6 9
606 710 9 9
606 728 9 10
590 713 10 9
532 697 9 10
634 697 7 9
654 694 8 9
659 726 10 11
691 699 5 7
497 720 9 11
453 715 10 9
466 724 10 12
476 722 9 9
459 682 9 9
472 696 10 11
520 702 7 7
501 736 10 8
494 726 8 10
505 726 10 9
514 765 10 10
574 724 9 10
549 702 7 6
594 702 7 6
587 704 7 7
579 713 6 8
582 711 6 9
609 698 6 7
598 694 7 7
589 691 6 6
626 724 10 10
615 718 8 8
675 733 9 7
683 758 7 10
673 708 8 11
695 708 10 11
684 719 8 12
685 707 8 8
698 726 8 10
495 749 11 12
518 753 9 12
547 685 9 7
538 680 7 8
546 679 7 6
523 691 7 9
507 700 9 9
519 686 6 8
493 676 7 7
482 674 6 6
504 674 6 9
501 686 7 11
571 688 6 8
553 730 7 7
559 725 8 9
618 674 7 10
667 687 8 10
690 687 8 9
647 689 7 9
549 716 11 10
463 695 8 8
605 780 10 9
525 777 7 7
504 712 7 7
493 711 10 9
485 682 10 10
514 710 7 7
561 682 8 9
582 680 10 9
656 674 7 7
691 677 7 9
703 686 6 7
702 677 8 9
667 670 8 8
659 685 5 6
666 682 7 9
702 763 7 6
665 806 8 10
510 760 10 12
526 794 10 11
642 675 7 7
21 818 10 12
54 823 14 14
46 828 13 12
22 836 13 14
128 818 13 10
141 825 10 13
178 831 13 12
185 842 10 12
189 824 13 14
203 824 8 9
221 829 11 11
227 825 11 12
237 818 9 11
170 827 12 15
205 816 11 13
210 798 14 17
229 792 15 14
242 805 12 15
248 785 11 12
255 770 12 12
251 757 11 10
244 747 9 11
252 748 10 12
227 768 13 13
213 777 13 11
233 752 11 11
252 735 9 10
256 736 11 11
290 728 9 8
296 720 8 8
320 730 6 6
301 745 9 9
286 746 8 10
295 741 9 12
264 779 13 14
189 795 11 13
200 796 10 13
193 769 10 12
213 767 13 11
198 757 8 10
206 755 10 10
179 812 10 11
170 791 11 11
176 777 12 11
173 763 9 11
158 779 11 10
137 805 9 9
147 813 10 13
157 822 11 14
145 795 11 13
158 797 10 13
168 803 13 14
145 777 12 13
134 782 11 12
131 797 11 12
164 763 10 10
185 748 11 11
192 762 9 10
193 744 8 11
200 740 8 9
217 752 11 11
228 745 6 9
213 745 9 9
236 741 11 12
240 734 10 11
233 734 7 8
223 735 10 9
214 731 10 9
213 721 10 11
247 713 9 11
227 713 9 11
237 717 10 11
254 717 10 11
263 715 7 9
268 723 12 11
258 729 9 10
252 729 9 10
284 721 8 9
305 712 11 10
296 709 10 11
281 709 9 11
317 712 9 10
313 720 10 8
200 727 10 9
140 769 9 11
151 758 12 13
152 744 9 8
171 746 8 9
162 748 8 11
181 741 8 10
185 725 8 9
172 719 6 9
197 709 11 11
185 718 10 9
176 715 8 8
151 713 11 13
165 712 9 10
111 825 12 14
120 834 7 10
120 809 15 14
104 827 10 9
105 814 11 11
92 808 14 13
103 809 11 11
101 799 12 11
112 803 13 13
121 793 9 9
105 789 10 10
121 782 11 10
132 771 9 13
125 771 7 12
133 758 9 8
140 752 9 9
140 741 6 10
131 742 8 8
146 732 8 8
137 715 7 9
130 711 8 9
114 736 8 11
121 754 9 11
110 754 12 11
110 777 13 12
97 773 9 13
93 759 11 13
107 745 9 10
98 739 10 11
91 750 9 9
86 739 11 10
80 747 10 11
72 730 10 9
75 738 11 10
75 749 13 12
79 767 13 9
81 780 10 10
85 776 11 12
92 791 12 11
78 793 13 15
88 827 12 13
74 818 15 13
72 832 13 16
63 808 10 12
49 810 12 12
44 793 13 12
58 783 13 15
52 786 9 13
57 772 12 12
62 755 9 10
65 746 10 10
102 717 10 9
115 715 8 9
124 724 8 11
114 719 11 10
7 801 9 10
29 802 12 15
0 805 6 11
31 777 10 13
17 777 13 13
5 792 13 11
40 772 12 14
42 763 9 10
47 756 10 13
43 746 9 10
50 738 7 9
44 739 6 8
34 741 8 7
37 750 10 11
58 733 9 8
19 748 8 11
14 763 7 10
2 768 11 13
11 740 9 9
1 733 9 9
28 732 7 9
47 725 10 7
29 711 9 9
50 714 7 7
13 718 9 8
7 730 8 10
29 754 9 11
80 869 11 13
163 858 16 14
280 853 11 14
278 845 11 13
298 843 12 15
280 818 11 15
264 805 12 15
85 724 10 11
396 725 9 10
413 723 9 10
333 716 8 11
345 717 6 7
344 702 11 11
340 701 8 7
327 702 6 8
355 723 6 9
362 713 9 11
353 712 9 8
386 724 7 9
379 724 6 9
370 722 7 9
291 694 9 8
283 702 9 7
282 681 6 6
315 691 5 5
321 696 7 6
369 705 7 6
373 711 6 8
424 718 7 8
432 724 6 7
423 734 8 10
416 738 8 10
413 751 8 8
406 729 8 9
341 722 9 10
454 780 9 9
430 791 11 10
349 790 11 10
340 791 12 12
328 794 13 14
309 776 13 12
290 787 11 13
337 741 9 10
377 759 13 14
395 763 10 11
307 698 6 6
388 683 8 9
415 690 7 7
440 702 6 7
405 676 7 7
384 672 7 9
376 682 6 9
359 703 6 8
357 672 12 10
362 681 12 15
348 678 7 12
426 686 7 12
432 681 11 13
451 691 13 15
444 689 7 11
432 664 7 6
474 661 6 9
483 661 6 7
492 664 7 7
375 702 8 10
384 706 9 10
303 670 11 9
300 692 7 9
307 682 8 9
358 660 8 10
449 665 8 9
486 720 10 11
417 663 8 8
419 684 7 8
430 673 9 11
462 660 7 11
501 662 8 12
462 708 8 10
448 704 10 9
415 699 8 7
413 709 7 9
402 687 7 6
330 679 11 9
316 677 8 8
483 711 8 8
333 730 9 10
324 721 9 11
332 709 9 9
330 687 12 11
443 671 7 8
375 782 15 15
333 660 6 7
283 668 4 6
297 660 8 7
282 653 7 13
80 705 6 9
82 701 8 9
142 703 10 10
154 700 11 8
171 701 9 9
42 682 8 10
14 702 8 10
27 703 10 11
61 690 7 9
83 679 10 11
116 677 8 10
157 678 8 9
120 696 9 8
115 708 6 9
191 707 9 10
190 693 7 10
207 697 8 11
216 704 10 9
172 726 11 14
209 711 11 11
232 689 9 9
226 704 8 8
242 691 12 10
255 683 6 6
264 707 6 6
255 697 7 7
278 690 7 6
265 676 7 9
237 668 6 7
189 674 8 8
172 685 5 8
175 677 7 8
196 668 6 6
207 678 6 7
217 683 7 9
224 681 8 7
221 690 10 8
199 695 8 8
207 687 6 7
225 668 7 10
219 659 9 9
125 681 8 8
138 683 7 8
134 691 7 9
71 704 8 9
150 672 8 8
162 669 6 7
27 688 10 9
22 694 8 11
0 750 3 10
4 744 8 11
22 742 11 11
0 714 7 10
0 700 6 9
10 680 8 9
45 692 9 9
70 690 12 10
265 660 10 12
162 726 8 9
84 693 7 9
55 696 7 8
1 655 7 8
20 652 8 8
10 648 7 7
9 654 7 9
24 664 8 8
33 658 8 9
40 657 7 10
55 655 9 7
36 647 6 7
133 646 7 8
180 649 10 10
160 656 7 7
144 647 6 6
160 627 6 7
248 646 7 8
261 654 8 9
241 676 7 9
246 670 7 8
241 686 8 8
268 689 9 11
275 679 7 9
274 646 6 6
270 645 7 8
260 641 6 8
271 628 8 11
266 644 5 14
208 623 6 8
186 635 5 8
198 641 5 8
193 659 9 9
74 641 8 9
62 640 8 8
41 632 6 6
50 633 7 8
80 640 10 8
76 631 8 9
18 632 7 9
33 637 7 8
44 639 6 6
50 646 9 12
60 625 6 7
222 622 5 7
249 632 5 7
231 639 7 7
231 651 6 7
219 637 7 7
208 637 7 7
201 622 5 10
238 620 5 8
281 635 6 11
207 667 9 9
204 665 7 8
21 730 10 11
21 766 12 11
106 727 12 11
109 767 12 10
124 738 11 10
115 657 9 6
237 779 12 12
244 705 13 13
149 630 8 7
133 624 7 8
109 639 7 6
123 637 8 7
178 631 8 8
193 626 7 8
6 634 7 6
73 662 6 5
867 707 10 10
1007 722 9 12
1015 732 9 12
1018 723 6 13
977 723 10 10
999 716 11 11
1016 712 8 13
979 680 11 14
956 699 11 12
958 686 10 12
948 686 9 10
1018 663 6 10
1004 666 10 12
988 668 9 11
995 663 7 12
984 691 8 8
970 691 9 10
896 756 10 9
882 764 6 9
929 755 8 10
906 742 9 9
902 739 10 10
876 729 7 8
881 738 9 10
871 738 9 9
869 730 10 9
827 723 8 10
849 733 8 9
943 720 9 9
926 720 10 9
940 700 7 10
938 728 8 10
912 724 10 7
885 703 11 10
878 703 8 10
870 698 9 10
901 712 8 13
896 722 11 8
891 731 14 13
887 721 8 10
850 703 9 9
836 704 7 9
827 705 9 9
850 697 10 11
835 696 9 10
910 698 9 9
933 708 9 10
915 710 11 10
910 712 11 13
906 674 8 9
884 693 8 9
897 687 10 9
931 693 10 11
930 685 10 10
920 675 6 8
928 670 8 7
943 676 6 7
966 675 9 8
975 665 7 8
961 652 8 9
977 644 8 10
990 642 6 9
971 638 7 10
986 628 9 9
994 654 7 9
922 659 7 8
942 660 5 8
934 659 8 10
931 647 10 10
945 636 10 11
957 629 6 10
969 634 6 8
978 626 11 10
890 672 9 8
873 670 8 9
860 698 9 11
867 690 11 10
879 681 5 6
884 684 7 6
847 688 7 8
845 682 9 7
824 675 6 8
826 662 9 12
832 648 7 9
854 627 8 9
839 621 6 6
840 738 6 8
840 712 9 8
835 728 8 8
822 726 5 10
823 684 15 14
867 663 8 9
869 655 7 10
853 663 5 7
860 663 7 9
856 656 5 8
855 645 7 8
863 645 6 6
868 648 8 9
903 644 8 10
883 651 8 8
888 662 7 9
850 716 11 10
827 747 6 7
839 750 7 6
895 745 6 7
893 703 12 11
908 659 8 13
891 649 7 9
995 676 13 18
1004 679 8 10
943 664 10 12
951 673 8 8
934 634 7 8
911 688 8 10
908 650 10 10
901 622 6 6
868 625 6 5
839 635 6 7
872 631 6 6
970 624 6 6
1004 639 7 7
1009 641 5 7
1015 646 6 7
928 627 5 6
974 699 9 11
986 705 12 11
875 628 9 7
824 648 7 8
822 653 7 12
873 637 8 8
915 625 7 6
887 635 6 6
908 636 7 6
983 648 9 9
750 664 7 7
794 654 8 9
787 658 7 8
793 685 7 10
778 689 8 10
756 681 7 7
755 687 7 12
725 719 7 7
747 719 8 8
721 693 7 8
709 692 8 8
677 696 5 6
683 687 7 8
717 674 7 7
738 678 8 10
741 687 8 9
733 695 7 7
750 702 10 11
763 696 6 9
733 714 5 8
734 660 8 6
735 676 9 10
810 702 8 7
810 660 6 8
810 650 7 9
783 645 6 8
789 651 8 8
756 643 8 9
745 657 7 8
712 656 9 10
686 665 9 9
713 669 8 8
727 650 9 11
725 643 8 9
739 643 9 10
758 654 8 11
761 641 7 9
767 638 6 7
773 630 8 11
741 626 8 10
748 625 8 8
765 628 10 9
812 639 10 9
801 624 8 10
805 630 8 9
817 626 8 8
780 669 5 8
697 665 9 10
708 704 8 9
700 703 8 9
673 660 6 8
682 654 6 6
770 715 8 8
787 710 8 9
764 659 7 6
786 640 7 9
789 615 5 6
703 649 6 6
687 647 4 5
676 643 8 7
695 637 7 6
688 629 6 6
702 611 7 8
716 643 10 9
709 647 10 10
702 620 7 7
705 617 9 10
792 630 8 8
785 627 8 10
800 652 11 9
799 662 10 8
805 639 10 13
798 641 12 13
815 635 8 13
796 618 7 11
812 619 9 11
802 618 7 11
719 619 5 8
697 651 8 11
689 646 9 11
676 635 6 6
697 628 6 6
776 621 5 6
757 618 11 11
802 680 8 7
691 611 11 13
673 608 10 17
682 616 8 12
675 628 8 9
800 716 9 9
736 626 8 11
720 630 9 12
732 632 7 9
729 633 7 10
715 631 9 10
710 632 10 9
704 632 10 8
757 631 7 8
764 617 9 10
771 673 8 11
740 705 10 11
748 708 9 11
771 689 8 11
818 692 8 12
779 647 8 8
684 639 6 8
724 702 8 8
749 642 12 12
714 717 9 9
717 705 8 9
710 714 7 8
699 693 8 8
731 656 8 11
781 635 9 10
794 669 8 9
799 700 10 10
634 647 9 10
648 657 8 8
656 657 6 7
666 648 7 8
660 642 9 9
654 646 7 8
650 638 8 8
618 652 5 6
624 647 10 12
622 663 6 6
639 668 9 10
581 670 11 9
594 663 11 11
566 664 9 9
559 670 7 8
579 646 5 6
590 650 8 8
607 644 8 11
578 660 10 9
585 629 8 8
648 616 10 10
653 628 10 10
663 627 9 11
667 638 7 12
642 638 11 16
641 621 12 17
649 634 10 12
636 636 9 10
629 635 12 12
549 650 7 8
550 663 7 5
538 653 8 9
534 647 8 7
527 643 6 6
527 652 7 8
519 669 10 9
538 669 9 9
557 656 9 9
575 649 9 8
558 690 8 10
603 659 9 11
611 693 8 5
630 680 10 8
597 644 10 11
519 657 6 8
514 656 8 9
500 646 5 10
408 636 6 8
374 640 7 8
389 646 7 8
339 649 6 6
324 649 5 6
298 645 8 8
307 640 7 8
322 637 8 9
332 634 8 11
286 634 6 6
291 652 7 9
296 637 8 8
314 637 5 6
316 645 6 6
348 640 5 7
338 657 6 7
344 634 7 6
336 627 5 5
332 623 5 5
321 624 6 4
345 620 7 7
340 620 5 6
434 638 4 5
417 654 8 8
418 638 7 9
314 648 8 8
312 699 8 8
306 727 6 9
311 728 9 9
289 671 9 10
322 655 10 10
308 653 10 11
356 627 8 7
932 817 14 16
975 796 13 13
1018 863 6 12
1013 827 11 16
1018 813 6 16
1015 777 9 16
1005 758 11 14
1018 697 6 16
1002 652 10 11
897 840 14 13
921 822 14 15
905 807 13 14
947 789 17 17
953 845 13 16
916 898 15 14
951 901 17 16
378 606 8 7
374 607 6 8
447 605 6 9
421 610 7 6
474 652 6 8
482 656 7 7
489 632 11 13
509 640 8 11
510 649 9 12
504 631 13 17
514 634 8 13
511 629 7 9
503 621 10 10
488 611 7 10
497 611 6 8
547 629 5 7
557 614 6 9
402 602 7 7
437 614 5 7
559 640 7 8
545 617 4 6
522 614 3 4
529 617 4 6
470 645 7 7
461 656 8 8
464 640 8 10
450 613 8 9
520 628 7 8
545 642 7 7
538 640 7 8
531 635 6 8
524 623 7 11
492 650 9 11
465 626 8 11
127 1006 20 20
1003 1424 21 40
0 1121 20 26
77 1230 19 32
