794 193 60 93
704 267 56 67
17 344 76 88
149 371 38 84
237 382 54 69
231 336 39 55
162 266 36 57
250 250 47 56
512 345 45 53
525 283 47 52
580 291 43 50
448 250 41 49
39 152 16 23
591 228 35 47
291 228 36 47
254 178 38 54
634 248 28 37
653 241 26 39
988 422 36 78
916 265 27 24
535 90 23 28
284 28 16 19
252 48 14 14
212 114 32 39
129 132 22 19
114 120 17 26
336 167 21 24
372 160 23 27
243 129 20 24
262 135 15 24
323 129 21 24
342 136 17 21
389 141 14 18
404 124 14 21
277 121 17 17
169 81 19 24
189 73 17 20
164 64 13 17
119 40 13 17
102 48 13 22
549 178 28 36
749 212 30 33
719 190 25 28
695 210 21 28
662 206 25 46
621 157 18 24
649 153 16 18
634 137 18 18
679 162 17 19
691 154 14 20
703 164 13 23
567 150 14 13
718 151 16 19
722 138 14 19
734 169 17 18
753 174 17 21
782 166 19 26
746 156 15 17
768 159 13 20
762 137 13 17
815 146 15 17
453 143 20 22
893 192 19 24
915 148 11 10
870 173 13 16
231 146 15 21
208 216 40 52
