475 87 93 127
600 168 73 71
173 473 43 51
829 90 72 101
659 503 157 181
152 1528 23 17
156 1508 28 29
326 1434 39 55
384 1393 47 66
183 1735 50 71
79 1821 54 56
337 1752 49 62
385 1775 79 113
92 1737 21 23
140 1738 18 23
146 1722 19 26
180 1705 13 15
269 1770 50 65
168 1867 50 103
505 1041 30 50
642 1095 47 65
693 1104 35 52
741 1133 52 63
821 1114 43 60
860 1122 35 53
824 1144 55 76
899 1164 51 62
600 1473 22 28
616 1478 19 24
669 1454 19 24
725 1383 43 70
800 1442 22 29
836 1408 27 34
826 1366 23 19
874 1406 22 32
898 1411 13 16
924 1379 27 35
979 1377 8 33
912 1860 9 14
930 1856 8 15
612 1752 25 35
627 1740 30 46
114 1735 14 21
266 933 4 7
204 840 5 7
267 853 3 5
239 827 5 7
102 1058 13 22
884 1149 30 35
944 1400 18 20
156 1132 11 18
33 1089 16 18
459 1121 9 11
