31 261 15 30
41 284 22 25
68 287 14 16
86 273 11 11
775 274 15 16
840 272 22 26
864 269 13 20
872 274 16 15
901 266 19 26
353 281 19 23
390 269 16 21
411 265 14 18
433 264 13 17
457 297 17 23
469 273 11 17
490 286 13 16
518 275 11 13
523 294 17 21
536 324 18 19
572 261 13 22
277 414 28 39
462 434 23 36
623 195 44 70
715 288 19 23
934 273 23 24
956 255 30 36
145 290 11 16
253 292 15 23
135 280 7 16
165 296 10 12
194 283 9 10
154 282 7 12
184 295 7 7
203 290 23 26
228 282 10 13
272 294 18 25
307 286 12 15
329 289 9 13
331 279 9 9
802 274 14 19
776 362 22 23
