65 230 41 47
243 211 47 56
387 239 36 43
429 228 11 14
310 275 10 13
322 293 17 21
359 282 16 22
447 252 30 37
526 206 10 13
475 260 7 13
559 274 10 13
543 273 9 12
524 288 20 22
509 250 8 16
532 254 9 14
579 240 8 16
623 224 41 56
680 218 9 15
685 234 10 17
665 255 9 16
714 225 10 17
720 236 12 17
759 209 16 21
750 245 17 22
771 250 18 21
749 277 15 17
816 231 38 45
886 243 14 23
903 211 14 19
914 256 25 31
949 259 25 34
977 246 13 19
47 289 14 17
2 280 11 16
35 282 12 11
503 232 11 15
477 286 10 12
512 295 9 13
490 277 10 11
219 261 7 10
195 267 5 8
