22 338 10 13
57 335 9 10
42 296 11 12
89 301 9 11
113 302 9 12
97 370 10 12
153 372 8 12
227 348 9 13
371 392 14 22
427 373 9 12
381 307 8 11
689 379 22 28
742 385 7 9
684 367 8 11
704 362 9 13
578 331 5 8
636 336 7 10
652 331 8 10
664 366 7 9
645 366 7 6
829 350 6 8
847 352 7 9
866 380 9 9
832 380 6 8
11 375 9 12
69 382 7 10
384 340 9 11
451 385 8 10
391 379 10 11
432 352 8 11
414 341 8 11
899 379 5 7
938 397 4 8
964 401 5 8
455 319 7 13
613 344 8 11
327 313 5 10
352 331 6 10
779 347 4 6
790 344 2 5
803 410 5 7
