190 135 24 34
250 245 7 7
235 260 8 8
152 232 13 17
297 243 7 7
282 272 7 7
344 265 8 9
361 244 5 9
353 298 9 12
384 265 6 7
417 270 10 11
401 243 5 6
432 263 5 7
394 260 7 12
539 269 9 13
507 267 10 13
573 269 11 11
560 267 10 10
544 236 8 9
509 238 7 9
466 236 5 7
592 244 6 6
545 260 8 11
409 255 6 9
604 243 6 8
652 278 12 14
663 235 6 10
621 268 7 8
693 266 11 14
691 277 20 38
736 402 18 32
791 331 24 19
820 286 18 17
779 270 12 19
722 265 15 17
805 267 10 15
794 265 9 10
862 266 11 14
900 279 19 21
901 264 13 17
941 279 13 14
920 229 10 11
844 211 13 10
939 194 11 13
987 223 10 15
997 281 17 22
707 237 6 8
752 231 8 11
11 242 9 9
