613 406 37 65
676 397 47 54
729 364 39 54
780 375 27 38
474 455 41 95
172 427 36 62
193 367 36 47
348 397 21 46
426 398 24 36
504 383 25 38
196 324 12 19
108 316 10 17
85 295 11 12
40 288 11 13
3 289 13 12
27 325 23 26
54 322 14 13
148 330 10 17
189 309 9 13
270 279 9 13
304 325 9 15
332 320 10 17
353 311 11 15
369 309 8 12
419 281 6 13
397 318 9 13
331 343 20 27
433 320 9 17
464 315 11 20
477 330 12 17
497 313 10 13
512 308 8 10
539 307 8 11
574 322 12 15
500 346 13 22
597 323 17 23
636 327 13 22
469 284 6 10
695 347 22 36
702 320 12 19
644 314 8 11
618 320 6 10
922 341 24 35
943 339 19 26
974 323 20 25
990 326 9 20
998 327 10 20
874 322 16 24
897 322 13 22
826 323 13 19
840 321 12 13
571 349 31 38
635 352 24 32
814 349 29 41
130 340 20 30
228 349 24 31
398 349 23 33
470 349 17 32
532 335 24 30
53 352 35 46
85 337 31 35
232 318 18 18
265 331 16 22
245 282 9 12
207 337 13 20
215 325 10 13
747 316 17 22
784 327 12 27
794 331 10 29
664 314 10 20
