93 197 43 52
189 162 46 59
304 168 44 65
277 170 13 14
138 191 17 18
30 128 14 16
49 152 16 14
258 104 12 16
320 115 12 16
296 131 17 17
266 138 12 14
237 144 13 17
351 133 15 16
117 116 16 17
218 100 14 17
295 100 13 20
418 87 10 13
516 111 12 14
473 129 10 15
433 134 42 57
494 138 14 16
570 110 10 15
565 136 13 16
593 130 13 16
624 109 9 15
619 171 13 17
588 213 14 15
546 189 41 54
643 199 37 46
736 200 13 14
723 176 12 16
758 180 47 58
820 189 38 53
902 210 43 46
954 231 7 11
681 151 9 15
593 101 12 14
234 61 12 14
654 144 13 19
619 154 12 15
3 153 8 17
143 152 17 20
160 113 15 21
166 78 16 22
80 101 16 21
50 120 17 19
202 118 18 18
252 178 18 22
376 112 11 18
364 187 15 19
505 159 12 16
546 130 13 18
523 186 11 18
