989 284 26 29
971 335 36 42
980 394 34 42
996 480 28 40
859 383 36 41
872 327 35 42
902 257 26 29
779 278 30 32
686 272 25 30
658 263 24 27
702 320 27 32
628 313 27 33
598 248 27 30
505 262 25 29
591 344 31 34
635 358 34 33
763 412 33 38
728 400 34 36
683 411 35 40
620 427 32 38
567 416 32 37
588 397 27 41
536 362 27 30
534 425 29 39
501 416 32 34
486 411 29 31
498 384 24 28
458 396 20 23
431 399 25 36
461 282 24 28
395 291 25 27
459 455 29 36
450 422 26 33
390 391 30 39
347 381 30 37
347 329 25 29
308 343 25 27
268 331 27 29
262 280 25 31
228 380 34 39
308 397 33 39
178 378 31 34
132 362 30 35
97 375 26 30
66 369 29 32
40 303 32 35
14 373 34 37
1 364 28 37
735 369 24 44
