59 156 8 8
86 158 7 10
114 159 7 7
7 152 8 8
72 115 5 6
105 145 6 5
88 124 6 6
125 140 5 5
117 125 5 5
107 120 5 6
165 225 6 8
192 223 6 7
210 221 8 8
234 230 4 6
284 220 8 7
243 172 7 8
174 159 6 8
158 152 7 8
157 168 6 5
147 167 7 8
249 228 6 6
271 225 6 6
289 164 6 7
303 166 5 6
323 169 5 7
271 128 6 6
206 161 5 7
162 137 5 6
192 146 4 5
227 172 4 6
329 215 8 8
387 175 7 7
345 161 6 7
357 185 6 7
4 230 6 10
134 255 7 8
120 254 4 4
108 260 5 8
233 258 17 17
625 200 11 14
678 193 10 12
695 179 17 18
772 180 14 15
902 154 18 22
484 219 5 6
568 221 5 6
98 103 6 6
117 111 6 6
131 96 6 6
48 98 6 5
45 53 5 6
62 53 6 7
91 77 5 5
146 111 6 6
18 60 5 6
26 58 5 4
393 280 62 56
164 256 28 28
209 72 5 7
277 97 7 8
273 103 5 5
233 93 7 7
207 94 7 9
290 87 6 8
531 219 5 7
