115 73 13 12
89 106 11 16
99 135 13 18
128 128 11 14
132 112 11 11
151 112 10 11
140 90 10 12
151 84 8 9
166 85 9 13
175 95 12 13
175 119 11 13
166 145 11 13
160 179 12 17
128 165 12 14
83 157 13 18
73 180 13 17
48 206 14 17
101 214 15 16
119 185 13 16
141 197 14 15
159 222 10 15
178 221 13 13
194 202 13 13
198 176 11 13
210 160 11 15
224 168 8 12
236 171 11 10
255 173 11 15
223 194 11 13
230 217 13 15
252 211 11 13
267 213 14 15
274 197 11 13
295 203 13 14
298 235 13 13
320 204 14 18
340 223 12 13
328 252 13 16
269 251 14 15
234 265 14 17
194 244 13 16
175 261 15 16
151 247 13 13
129 261 14 19
91 258 15 18
95 239 13 15
75 287 19 20
30 299 18 19
36 367 20 20
80 387 19 22
121 397 16 20
154 369 18 18
135 353 18 17
97 346 18 16
109 319 14 18
140 320 17 21
182 327 15 20
205 354 15 17
231 372 17 22
182 381 18 23
156 295 18 18
197 289 15 23
241 294 15 18
229 317 16 19
255 340 16 20
283 362 19 18
318 372 16 20
352 343 18 22
386 355 18 22
396 317 16 19
376 298 13 14
342 310 16 20
311 301 16 19
303 323 15 17
271 310 17 19
272 273 13 17
307 275 12 16
352 269 13 18
401 268 15 20
383 246 13 17
373 210 14 20
416 219 13 16
444 222 12 16
470 243 13 15
479 278 15 19
453 257 15 19
317 164 14 19
358 179 13 16
348 156 11 13
340 153 10 14
309 152 9 11
291 166 11 15
274 153 9 13
252 153 9 12
263 122 9 13
284 132 11 9
237 119 11 13
217 126 13 15
208 105 11 15
223 90 10 13
218 74 8 11
205 80 8 12
180 55 11 13
229 59 8 10
246 74 8 11
267 88 9 11
265 103 8 10
280 100 8 11
301 107 8 11
315 99 11 12
305 82 9 13
295 60 9 13
274 61 8 8
321 55 8 11
336 62 9 11
356 67 10 13
366 52 8 10
335 41 7 11
392 57 6 8
403 54 8 8
421 39 9 11
417 57 8 11
439 58 8 10
456 54 8 11
453 75 8 10
438 88 8 11
422 75 9 8
406 81 9 11
392 79 8 12
372 85 8 8
342 91 9 13
326 80 8 11
356 107 8 11
369 122 8 12
393 128 8 12
392 102 9 10
319 125 9 15
330 121 8 15
352 139 9 11
376 146 9 14
393 163 9 12
404 178 9 17
473 195 15 17
450 170 12 18
413 116 7 10
446 105 9 11
447 127 10 10
421 125 8 11
446 141 10 13
409 143 10 13
427 163 10 13
472 164 11 13
493 145 12 17
510 165 11 16
549 173 12 18
536 149 11 12
533 120 9 13
512 114 11 12
484 124 11 13
469 112 11 13
481 84 6 10
506 92 7 8
517 83 7 11
491 62 10 12
508 51 8 10
529 41 8 10
532 58 7 9
481 41 7 9
565 50 8 11
548 51 8 13
555 77 8 11
581 91 8 11
548 104 8 13
537 93 8 11
586 102 10 13
596 75 11 12
586 58 9 12
605 50 8 13
588 36 9 9
628 42 7 9
642 41 9 13
623 52 8 13
654 62 8 9
635 81 8 11
626 93 8 11
633 102 10 15
665 81 8 15
683 90 9 13
661 36 8 13
690 47 9 13
683 42 8 12
670 128 9 13
647 131 12 14
615 128 10 14
577 128 8 13
586 147 9 15
624 153 11 15
652 161 12 15
668 180 11 15
621 180 11 14
581 171 12 13
565 199 11 13
603 199 13 16
638 203 11 14
622 222 9 13
641 232 12 13
669 222 11 16
684 243 12 16
602 244 15 18
580 219 15 18
491 226 10 16
518 211 12 17
516 241 11 16
545 226 14 15
565 259 14 18
515 272 15 19
541 289 16 21
590 279 16 22
619 284 14 17
660 300 15 15
671 268 12 15
638 317 14 17
558 337 18 27
600 346 14 19
666 336 16 27
497 337 18 22
463 321 19 20
432 300 15 21
443 363 15 19
709 42 9 8
710 54 8 11
720 57 10 13
743 48 6 6
752 56 10 14
766 56 9 11
793 58 9 9
798 70 8 10
790 79 8 13
752 76 10 10
720 77 9 12
706 87 9 10
702 121 10 10
694 134 15 19
734 109 8 8
726 120 10 15
738 123 12 16
777 135 11 14
804 101 11 13
825 93 8 12
817 78 8 10
842 74 8 13
853 93 8 10
865 89 10 14
875 110 12 15
896 112 11 10
894 139 13 16
851 144 10 14
808 133 9 10
898 173 13 18
936 201 15 15
959 223 14 15
884 194 14 21
837 202 14 19
830 179 13 16
813 152 10 11
785 159 13 16
796 183 12 17
818 230 14 19
874 243 15 17
887 225 14 15
915 269 16 17
947 264 15 18
969 283 18 20
947 308 16 20
947 372 19 20
897 333 20 22
886 304 17 19
839 302 15 19
846 277 17 15
803 270 18 20
761 273 17 19
766 243 13 17
776 210 13 13
734 194 13 15
725 227 13 17
713 250 17 17
701 284 15 19
758 307 20 22
804 328 17 18
846 346 18 24
915 413 22 29
858 392 22 26
734 360 19 21
798 362 19 29
701 335 19 22
715 390 19 22
696 174 10 13
706 190 12 16
740 151 11 15
756 165 13 15
688 78 9 10
768 116 10 13
772 90 11 13
824 122 10 11
