186 54 32 33
357 65 35 43
430 120 34 48
476 84 28 36
584 83 30 36
696 95 36 44
776 87 36 45
791 171 33 42
850 227 38 45
609 139 31 42
683 165 27 38
692 229 30 36
766 244 34 40
637 200 29 40
576 194 31 44
500 183 39 50
539 123 31 42
341 147 31 44
237 82 37 53
270 178 31 42
235 222 38 53
128 201 46 50
135 291 46 55
303 306 32 40
346 328 35 51
434 268 32 50
357 216 33 48
475 209 26 21
537 281 36 39
611 275 27 31
672 279 31 42
602 358 35 42
684 413 42 54
876 325 34 36
841 299 42 35
528 416 33 34
442 376 32 33
381 400 37 44
283 392 38 47
214 397 35 48
476 504 37 51
595 512 35 46
