877 397 27 32
815 392 24 30
854 474 26 35
797 459 28 29
753 453 23 33
673 470 27 36
728 391 26 33
672 391 28 33
851 321 22 28
784 327 26 30
726 336 25 29
655 329 24 28
597 353 26 31
594 284 27 33
753 294 21 30
787 268 18 27
840 268 19 26
613 415 27 29
591 485 27 30
527 341 24 27
519 403 24 32
513 473 26 33
422 473 30 34
430 398 22 29
456 317 25 32
423 302 21 26
392 289 22 25
360 324 23 32
352 398 24 31
293 390 23 31
291 321 24 32
232 298 22 31
186 294 23 31
179 368 23 27
234 358 26 31
212 472 24 26
266 475 26 28
325 480 26 31
165 453 21 25
111 394 22 29
125 343 23 26
114 452 21 26
237 234 9 12
116 145 11 12
76 156 7 9
382 248 9 9
515 191 8 9
179 240 10 12
675 296 24 28
