111 159 9 13
153 165 10 11
185 163 9 13
212 183 7 10
61 332 11 12
88 332 9 14
103 319 10 13
143 316 11 15
167 329 9 15
191 322 11 14
106 362 10 17
157 372 11 16
178 366 12 16
240 337 10 14
233 375 12 15
264 334 10 13
292 329 11 15
312 333 11 14
335 337 11 14
364 339 10 13
399 341 9 13
372 360 11 16
357 370 10 15
288 377 11 14
402 374 10 10
420 367 10 13
445 383 13 14
568 151 10 12
610 156 9 12
641 156 8 13
668 174 8 11
491 374 11 16
516 323 9 12
543 323 9 14
559 310 8 13
560 352 11 16
597 307 11 15
621 321 9 14
645 314 10 14
611 362 11 16
632 359 11 15
686 366 14 15
692 328 11 14
718 325 10 14
741 367 10 16
766 326 10 12
788 328 10 15
809 362 11 15
817 331 10 14
826 354 9 13
852 333 9 14
854 365 11 12
873 361 8 12
895 375 14 15
941 366 13 18
