725 422 20 22
645 423 23 22
659 443 20 25
686 449 23 26
725 453 22 25
756 461 21 29
774 463 25 25
782 438 22 25
695 484 24 25
732 497 27 30
811 489 25 27
783 528 25 33
829 524 29 35
682 520 28 35
648 473 27 34
621 449 21 24
603 421 18 20
584 452 22 21
563 425 19 25
539 423 19 23
519 449 23 21
549 460 21 25
576 479 23 28
615 480 22 26
640 525 26 27
667 556 28 36
749 563 33 37
598 544 27 35
553 507 28 33
503 498 25 31
524 478 20 27
485 451 21 24
481 420 20 23
459 514 25 31
480 490 25 29
499 551 31 37
543 571 32 38
452 436 21 21
440 456 25 27
391 422 23 29
373 427 19 22
362 457 20 26
387 476 25 26
324 485 24 26
300 450 24 26
283 511 27 30
289 486 24 34
341 517 27 31
373 505 27 29
394 526 29 38
425 513 26 29
323 545 30 31
245 516 29 32
845 569 32 34
865 618 39 43
826 611 36 38
803 674 40 44
742 630 38 39
704 609 31 38
680 655 35 45
635 613 35 40
595 603 32 39
461 587 30 39
444 619 31 38
537 621 32 39
522 675 42 48
370 651 34 48
338 584 33 40
302 626 35 44
270 558 32 37
228 593 33 39
185 554 29 34
193 642 35 38
234 714 37 43
93 676 46 48
415 580 33 33
551 387 7 13
453 401 7 11
12 377 10 15
41 357 8 12
