291 836 26 27
365 827 25 27
206 826 26 27
149 819 32 33
220 769 29 36
312 770 28 35
407 781 26 29
240 920 31 33
365 925 32 37
487 916 28 39
562 797 25 32
603 834 24 32
518 842 29 28
493 774 23 29
432 828 26 30
855 801 31 42
732 915 34 43
613 907 31 39
761 817 26 30
811 785 27 30
719 794 25 28
676 825 28 34
636 801 24 27
653 761 23 24
822 699 25 31
779 634 24 28
732 615 24 25
693 654 26 32
775 697 22 28
725 713 27 33
642 628 22 29
645 712 22 29
601 686 25 28
556 623 25 28
510 648 24 30
484 719 29 35
448 639 22 27
439 752 26 30
561 708 26 31
374 626 25 26
358 674 26 27
403 718 23 25
268 606 23 26
299 693 24 27
205 698 28 29
199 636 24 30
360 730 25 30
257 732 24 31
294 643 24 31
