990 133 18 20
927 128 16 20
892 146 18 20
882 128 16 19
842 142 14 16
831 131 13 16
843 124 16 18
862 204 19 20
871 240 20 23
786 246 20 23
787 199 18 22
782 141 14 17
812 145 15 18
776 117 15 18
730 164 16 18
753 138 15 18
724 141 16 18
682 164 16 19
682 148 15 14
694 130 13 16
731 194 14 19
723 249 18 21
686 198 16 18
666 247 18 21
642 196 17 20
632 173 15 18
643 142 14 19
653 123 14 18
667 110 13 17
608 126 14 16
601 109 14 15
600 194 18 18
582 170 20 18
604 155 13 15
595 256 20 22
529 259 15 20
548 208 12 14
558 186 14 18
537 170 13 17
563 147 14 15
566 122 12 15
547 110 15 13
502 197 15 19
521 144 14 15
523 125 14 17
504 110 14 18
479 130 12 13
475 146 16 17
480 169 18 18
430 149 15 17
431 128 14 16
406 111 15 15
391 149 14 17
420 175 17 18
405 194 19 18
451 196 17 18
367 131 18 17
359 113 15 15
345 142 16 19
366 172 17 19
355 204 16 22
317 169 18 20
321 126 15 19
320 108 14 13
295 195 20 22
325 255 19 22
388 256 20 24
459 248 20 22
292 138 18 20
287 111 16 18
269 124 15 16
226 137 16 19
240 132 17 20
263 174 18 21
244 201 20 18
265 267 19 22
191 151 18 21
210 158 17 21
173 129 18 21
156 140 19 23
125 143 23 24
458 115 14 16
85 116 24 23
27 123 22 24
402 325 29 25
