111 72 65 80
370 169 59 66
511 181 51 56
701 268 32 45
737 323 27 35
232 485 8 12
241 484 8 13
216 281 30 37
564 379 18 22
410 459 5 8
409 448 6 9
524 457 6 7
531 451 6 6
574 463 8 10
586 461 4 5
592 459 7 8
579 502 12 12
841 527 8 13
852 526 11 11
864 520 6 9
869 528 9 12
876 524 7 9
886 523 10 14
905 523 8 10
912 529 9 11
932 532 9 11
949 530 9 12
964 529 11 13
993 532 13 13
987 551 4 5
1013 552 7 7
843 475 5 8
851 469 7 10
859 473 9 11
871 479 6 7
874 502 8 9
899 519 8 10
880 473 9 8
889 469 6 8
903 468 9 11
887 485 9 9
905 485 8 10
917 482 7 10
925 472 8 8
920 469 7 8
939 465 8 12
950 472 8 9
961 469 8 11
973 466 7 9
975 474 9 12
987 487 8 10
1003 474 9 11
1015 471 7 12
993 479 9 10
986 471 7 11
415 501 7 7
