62 198 25 33
82 154 25 32
127 162 24 33
138 206 25 34
114 250 15 21
211 209 25 38
167 158 25 31
209 178 23 28
239 178 22 30
224 132 21 30
295 114 22 33
294 163 23 29
271 190 25 36
337 195 24 30
295 236 25 35
370 145 22 35
375 110 23 34
436 163 24 28
450 129 22 29
498 161 24 32
521 125 23 30
411 187 23 33
488 193 20 31
569 183 20 31
570 145 20 29
604 137 22 29
542 217 21 29
587 225 28 31
364 230 24 31
633 160 23 34
665 125 25 34
735 127 25 33
807 135 22 29
830 165 25 34
775 193 21 28
820 211 26 31
706 182 24 30
749 200 23 29
613 198 21 30
682 206 22 31
872 146 22 26
888 190 25 35
912 175 21 27
959 202 22 32
934 238 27 32
866 248 23 29
802 242 25 32
726 240 22 32
663 247 24 35
503 226 24 32
429 237 26 29
