12 224 36 50
25 307 31 39
41 169 40 50
35 112 26 38
97 158 31 39
115 197 36 42
83 325 36 40
159 295 31 38
152 213 22 32
181 229 28 42
162 119 28 36
191 153 26 35
216 231 35 47
221 310 32 39
255 212 29 42
298 239 34 43
319 195 32 43
348 228 31 43
377 194 31 43
422 184 29 46
416 234 29 38
430 282 29 36
456 200 28 40
480 186 31 44
514 202 24 32
533 205 33 40
568 186 28 37
585 188 34 42
610 189 22 33
595 249 28 43
652 241 28 39
661 215 25 31
695 214 21 27
685 253 24 30
719 256 26 34
455 316 30 38
220 427 26 31
714 357 27 34
765 397 25 32
756 257 28 34
789 243 29 40
836 248 32 41
878 252 34 39
912 254 31 46
959 271 36 40
973 381 38 43
949 438 40 46
