113 346 12 15
130 352 12 15
140 342 9 11
150 333 10 11
165 330 10 11
160 347 11 14
172 345 10 13
182 331 13 14
188 319 11 11
204 320 10 10
216 310 9 11
234 310 10 10
233 250 7 9
258 309 7 9
261 321 9 10
253 331 10 14
224 330 10 8
204 337 10 11
212 344 11 14
226 345 10 11
246 350 9 13
258 344 11 13
273 362 10 10
289 375 11 10
290 360 10 12
275 351 9 10
290 342 9 10
282 325 10 13
302 319 9 11
297 322 6 9
286 314 9 7
289 293 10 10
290 280 9 9
309 286 8 11
300 293 7 9
311 314 7 9
307 306 7 9
323 296 8 6
334 299 5 6
327 286 8 7
330 280 8 9
338 309 10 13
347 309 8 11
342 305 7 10
354 296 7 9
363 290 7 9
367 303 9 11
376 298 8 13
386 300 7 10
383 287 6 8
381 273 8 8
369 271 7 9
355 277 8 10
191 355 12 14
196 348 9 9
176 364 12 13
156 364 9 11
143 365 11 13
106 366 14 13
79 360 11 13
59 374 15 16
48 393 11 15
51 419 15 18
69 405 15 14
97 481 14 17
92 506 17 17
152 485 17 16
201 488 15 15
275 470 12 11
300 441 15 21
357 429 10 15
407 419 11 17
442 420 12 17
486 399 10 11
120 379 16 18
134 403 13 17
159 383 13 14
181 417 14 11
191 403 13 10
218 406 14 14
222 384 12 12
226 366 11 11
248 372 10 16
275 401 14 14
320 383 13 15
314 364 10 10
309 349 9 9
318 333 10 11
329 338 9 13
340 338 9 10
345 330 9 9
358 341 10 11
368 358 10 12
347 367 11 16
396 362 9 12
414 367 10 14
435 360 11 11
467 354 10 14
475 344 9 11
479 337 7 9
462 339 8 11
452 347 11 10
454 331 9 10
433 335 10 10
418 331 9 11
409 340 7 12
397 338 8 10
385 345 9 10
375 338 7 11
380 330 7 9
366 316 8 11
393 320 8 10
412 324 9 9
396 311 9 10
408 298 7 11
420 312 7 12
430 309 8 9
448 313 10 11
453 298 9 9
445 298 6 9
438 300 7 9
425 291 8 8
407 286 6 7
394 285 7 9
392 270 7 9
395 259 5 7
388 252 6 8
478 302 9 11
489 300 7 10
511 332 9 12
502 339 8 10
528 352 10 9
533 382 9 9
551 344 7 7
573 345 8 13
540 329 9 11
524 318 7 9
534 318 7 9
507 324 6 6
509 311 6 8
511 304 8 9
527 303 7 10
521 304 7 8
550 317 9 10
566 330 7 12
576 325 7 11
587 331 7 11
571 313 9 9
565 306 6 10
569 298 7 10
555 298 7 9
539 293 7 9
409 246 5 6
405 259 3 5
400 269 4 7
411 254 5 7
443 256 4 6
440 264 4 5
434 270 5 7
427 270 5 6
428 280 6 8
410 276 6 7
443 279 6 8
448 278 5 7
454 279 6 7
456 269 5 6
457 260 4 6
462 256 6 7
469 261 6 7
484 253 6 8
496 253 6 7
505 254 5 6
505 268 6 6
497 271 5 7
488 274 5 6
480 276 6 8
483 264 5 7
465 273 6 6
472 273 7 8
467 291 8 8
465 304 9 8
495 292 6 7
504 289 5 7
510 288 8 9
514 279 7 7
501 280 6 9
492 284 5 6
522 268 7 8
515 266 7 8
520 255 5 6
527 249 7 9
538 257 7 8
533 263 6 6
544 270 5 6
554 266 5 6
560 254 7 8
548 256 6 7
543 286 7 8
552 283 6 8
559 288 6 8
544 280 6 6
535 279 6 7
527 280 7 9
569 283 7 8
576 285 7 9
561 269 6 9
574 265 6 8
581 254 6 8
587 253 5 7
601 253 5 6
600 264 5 8
584 272 6 7
586 263 6 7
596 275 6 8
603 273 6 7
608 280 7 8
594 286 8 8
586 296 6 7
590 303 8 9
605 298 7 7
621 299 7 10
632 300 7 10
621 289 7 8
628 282 6 8
637 279 6 9
644 291 7 9
646 284 6 8
654 293 7 8
661 285 7 10
658 271 5 8
636 270 6 7
630 274 5 7
616 273 6 8
621 271 5 8
610 269 7 8
617 253 5 8
633 252 6 6
649 262 6 9
661 255 6 8
668 266 7 8
679 290 6 10
679 260 6 8
683 270 6 8
640 313 7 6
657 315 10 9
661 302 7 8
609 313 9 9
598 315 8 8
623 325 9 7
600 335 9 8
620 342 9 9
630 342 10 10
652 339 9 11
663 348 10 14
669 339 9 9
717 307 8 10
706 319 6 10
696 321 9 13
684 307 9 13
685 299 8 8
686 288 6 8
689 280 5 6
665 279 5 5
655 283 6 8
674 280 6 6
697 280 8 10
701 273 7 7
709 268 6 7
702 264 6 5
703 257 6 7
691 263 6 7
719 263 6 8
725 272 6 6
729 262 5 5
739 260 7 8
724 280 8 8
713 278 6 8
712 291 7 10
721 288 6 9
733 287 7 8
737 278 7 9
744 296 6 9
735 303 7 8
724 297 7 8
752 300 8 9
761 308 7 8
740 308 9 8
749 318 8 10
772 300 9 10
780 292 6 9
769 286 7 8
755 286 8 8
747 274 6 7
752 269 7 9
764 276 7 8
766 268 6 5
775 277 7 8
785 282 7 8
787 271 6 6
795 268 7 9
804 273 6 8
791 293 6 10
795 308 8 9
803 305 7 9
810 313 8 9
821 318 8 10
824 304 7 9
825 288 8 11
817 285 6 9
822 278 8 8
836 271 7 8
848 279 8 8
864 283 8 9
838 287 6 8
846 292 7 9
843 302 8 8
854 302 9 8
837 315 8 9
833 327 9 9
859 331 9 9
854 321 8 8
862 312 9 9
882 290 7 8
898 273 6 8
898 303 5 7
902 303 4 7
888 303 8 7
876 303 8 7
878 313 8 6
894 316 9 8
909 309 9 11
919 293 9 12
945 293 7 8
944 287 7 7
958 294 11 12
935 318 10 11
945 315 10 12
966 329 9 10
979 321 10 13
912 328 10 10
931 334 9 9
932 347 11 13
946 348 12 13
968 348 12 11
950 361 14 15
948 376 13 15
914 350 13 12
909 341 9 10
894 336 10 11
902 333 8 11
884 333 8 12
877 322 7 9
884 320 8 9
871 348 10 13
862 345 7 10
848 344 10 12
837 339 8 12
825 338 11 14
837 356 11 11
846 369 11 12
866 361 13 14
899 378 14 10
891 389 15 17
873 378 12 14
856 391 14 16
770 323 8 9
778 323 10 9
797 322 9 10
780 332 11 13
776 345 10 11
795 338 11 15
810 340 9 12
799 359 11 15
772 358 13 14
752 359 10 11
739 359 12 15
751 337 12 14
755 327 8 10
739 331 9 9
726 336 11 14
724 327 8 9
725 320 8 8
709 338 8 10
700 341 10 13
719 353 10 13
706 365 12 14
674 358 10 12
684 336 9 12
652 359 10 13
984 312 12 12
812 374 12 16
827 369 12 15
816 401 13 13
678 435 12 15
724 424 13 15
756 416 13 16
795 440 15 17
808 483 12 15
761 462 14 15
720 472 12 14
693 472 11 13
673 471 12 15
643 467 12 15
632 423 10 13
649 409 11 14
595 410 11 14
589 456 12 12
619 369 10 11
637 362 9 14
595 356 11 11
602 346 10 13
