193 111 16 23
229 97 20 23
275 69 18 24
258 160 16 26
302 164 17 24
303 213 15 14
195 163 20 20
162 129 16 22
112 138 15 19
138 158 17 22
85 176 16 20
554 107 17 21
511 78 16 26
461 86 14 20
428 92 16 22
515 130 13 16
559 147 16 26
499 164 16 22
472 150 12 18
434 143 17 25
685 80 12 18
710 76 10 15
727 91 12 16
750 72 11 16
775 82 12 15
800 63 10 16
821 92 12 18
851 77 11 17
868 94 12 17
910 100 13 14
883 142 12 17
923 157 12 15
822 143 11 15
777 137 12 15
736 138 12 17
732 182 13 14
784 174 12 18
839 183 13 16
894 190 13 17
691 134 13 17
677 177 14 19
671 211 11 14
732 205 11 14
119 582 12 16
174 544 11 15
223 554 13 15
177 581 11 15
223 580 12 17
197 626 12 17
241 625 11 16
140 627 14 18
102 627 14 16
76 663 15 20
91 701 12 15
140 689 13 18
185 691 13 18
219 697 12 16
270 693 13 16
328 697 13 19
367 668 14 20
420 675 14 19
432 714 13 18
269 554 13 15
279 582 12 17
318 555 14 15
364 551 15 16
378 588 13 18
413 585 14 17
328 585 14 19
346 624 14 16
291 628 12 14
393 628 12 18
447 630 15 15
86 370 21 24
112 368 16 19
148 383 16 21
168 378 11 19
203 385 15 17
142 426 17 21
192 290 15 20
232 310 14 18
205 339 13 18
284 284 15 22
286 316 16 20
235 361 13 18
281 348 13 19
263 382 15 18
141 459 16 20
219 462 11 14
220 428 16 22
285 418 17 23
328 309 14 17
371 309 14 14
414 309 12 20
362 331 14 19
322 335 14 18
319 378 15 21
359 363 12 19
387 379 14 20
405 352 13 19
441 319 15 18
463 296 15 19
485 319 17 24
436 377 17 22
481 378 16 21
421 402 12 15
400 464 12 11
400 425 15 20
346 426 17 22
458 426 15 21
530 427 15 20
530 462 14 16
531 308 14 18
551 335 15 17
532 341 12 16
544 372 16 24
582 345 11 17
599 330 12 17
611 311 13 18
620 357 12 15
592 383 16 19
590 424 15 20
619 455 11 14
681 432 16 21
681 468 13 15
641 376 15 23
688 380 15 20
639 323 13 18
668 291 14 20
683 331 14 22
718 294 14 22
717 329 12 20
738 386 13 19
752 340 13 20
764 320 15 21
793 333 15 19
841 330 15 19
784 385 14 18
820 374 16 22
742 432 16 21
810 434 16 20
878 320 14 15
892 315 16 23
933 376 16 22
880 373 15 22
883 398 15 17
879 429 17 20
544 628 17 18
584 561 14 15
582 619 12 14
596 658 14 18
618 569 12 17
649 579 12 17
636 620 13 15
638 657 16 22
693 620 11 14
702 662 14 20
617 542 12 17
658 546 13 19
703 544 12 20
751 555 12 14
680 570 12 15
730 578 12 15
705 572 8 13
753 615 13 20
764 658 14 20
800 617 13 19
841 624 13 19
784 545 12 16
831 545 13 16
884 547 14 18
788 582 10 14
839 582 12 17
887 579 12 16
891 627 12 15
929 624 13 20
918 648 12 13
856 666 12 16
913 669 15 17
918 694 11 16
817 696 13 16
832 702 14 16
745 462 15 13
825 458 14 16
766 698 11 13
