522 42 16 19
493 79 14 17
550 24 15 19
563 32 16 20
582 16 11 14
590 27 14 19
608 28 15 20
31 31 18 23
46 30 14 18
59 40 15 18
39 112 15 18
104 27 16 21
88 39 14 16
78 34 9 16
100 108 16 19
128 34 13 16
673 27 11 14
686 26 13 18
698 30 13 16
724 10 12 18
733 34 13 16
468 88 13 16
430 100 16 20
486 25 12 18
494 31 10 14
506 27 12 17
725 72 17 20
761 113 14 19
817 80 16 20
234 74 12 16
150 34 13 18
138 102 18 20
166 114 16 22
222 91 15 18
195 35 14 17
167 32 12 19
207 26 11 16
224 36 12 17
256 28 13 17
289 21 12 18
277 37 15 17
275 83 14 19
893 109 17 19
336 40 13 16
353 25 12 15
348 29 11 14
359 38 12 17
374 46 12 15
374 33 11 13
386 35 13 18
398 34 13 16
420 31 12 17
319 34 13 15
417 70 13 17
393 104 16 21
341 93 13 18
318 102 14 18
436 26 11 16
448 24 10 15
464 22 12 17
639 6 15 23
657 22 14 20
657 94 17 22
311 48 12 15
752 13 12 17
760 31 12 16
300 79 13 19
436 66 13 18
472 41 13 16
840 27 13 17
857 16 16 19
872 23 16 19
902 10 17 21
961 15 19 23
773 16 13 19
788 22 10 15
800 24 15 18
812 15 13 15
815 26 13 20
823 32 15 19
678 76 15 22
