1012 99 12 27
935 129 24 28
946 100 19 19
874 92 24 21
880 137 19 21
800 123 20 21
770 76 15 18
770 116 19 23
807 204 20 23
846 244 24 25
940 252 43 38
697 115 21 28
690 87 20 18
645 64 15 18
619 67 16 15
619 111 24 30
571 127 20 24
547 81 23 18
699 224 27 34
631 280 27 17
485 85 17 23
424 80 29 28
323 83 29 27
440 163 30 31
511 191 27 23
511 135 27 30
244 103 32 27
152 123 34 30
253 201 37 32
47 130 34 26
2 188 42 39
565 284 30 32
307 386 45 67
132 360 38 45
778 523 45 50
723 348 26 29
411 350 33 52
452 339 32 25
341 287 30 37
