984 133 27 26
959 170 27 36
948 133 27 37
900 152 32 40
811 224 65 75
782 259 37 52
715 241 51 62
849 161 25 33
760 169 27 26
786 191 19 27
742 201 23 28
683 175 25 34
666 204 23 28
637 203 20 21
609 183 25 34
548 199 24 30
569 202 19 30
548 322 23 29
614 338 27 33
521 345 30 31
502 295 23 28
471 347 25 29
454 326 23 25
490 209 25 39
468 218 22 26
450 224 20 22
421 210 22 27
396 232 20 26
380 237 21 25
350 247 23 29
399 324 19 25
381 336 22 27
406 344 21 27
433 366 25 32
356 363 23 32
328 237 20 22
292 244 22 26
243 253 22 27
214 251 20 26
326 339 20 26
312 376 21 25
241 357 20 24
223 371 23 30
277 380 24 30
205 386 25 33
173 326 21 27
175 269 20 25
170 251 17 19
148 249 18 20
153 294 21 24
118 260 20 24
98 274 20 27
91 257 16 18
131 348 18 27
127 391 27 30
49 432 24 31
42 398 26 27
61 466 45 50
9 486 40 48
57 247 23 31
7 261 23 25
