96 55 14 17
139 42 15 21
57 113 21 26
99 119 18 26
140 121 21 26
175 141 18 23
159 172 19 27
223 137 18 23
228 168 22 27
224 213 24 31
279 139 17 26
293 175 21 25
173 28 17 21
182 52 16 21
218 39 16 21
254 55 15 18
254 96 17 21
274 52 16 21
319 44 16 19
344 49 15 21
386 39 16 24
296 95 17 19
345 89 15 21
391 90 17 21
325 137 18 25
379 133 20 22
354 171 22 26
420 173 20 25
364 203 25 32
431 126 17 26
473 133 18 24
485 165 22 28
280 225 23 29
419 39 16 20
454 38 16 19
484 42 15 22
516 41 16 22
500 75 17 22
444 82 17 23
558 71 16 24
566 34 15 22
526 131 18 25
557 157 20 25
578 139 19 20
630 125 19 26
632 167 20 23
606 36 16 22
647 47 15 19
691 36 15 21
725 31 16 22
721 78 18 22
663 81 18 21
614 82 16 21
682 135 18 23
727 136 18 22
691 169 21 26
762 161 19 28
774 118 19 26
750 31 15 19
774 37 14 21
776 70 19 24
824 126 18 23
864 113 19 25
821 161 22 28
879 161 23 25
912 105 18 23
956 117 19 25
