270 328 17 18
82 327 20 21
141 320 19 20
127 416 20 21
167 402 17 19
222 395 17 20
207 334 17 18
240 479 19 19
191 442 18 21
172 482 21 21
101 482 22 21
282 394 19 20
255 422 20 20
309 422 20 20
341 330 16 18
374 328 15 18
335 395 17 18
363 426 19 22
388 393 17 18
405 327 17 19
443 314 16 16
477 327 16 18
440 401 18 18
417 443 19 18
298 482 20 22
357 477 21 22
421 488 20 23
618 427 18 19
617 398 17 17
576 407 18 17
559 432 18 19
533 387 17 20
495 395 17 20
494 425 18 18
633 320 17 16
597 332 18 18
568 319 16 18
536 332 16 17
506 312 16 17
830 321 18 20
772 324 16 19
865 303 18 18
749 300 16 20
724 335 16 16
700 324 15 16
674 330 17 19
742 393 15 18
798 396 19 21
686 404 16 18
806 431 18 19
799 467 19 22
727 469 22 24
662 461 18 21
714 431 19 20
665 432 17 20
600 468 18 20
539 475 20 20
475 476 19 22
936 328 17 18
886 332 18 19
932 395 20 23
895 389 19 21
923 468 22 23
860 431 20 21
855 473 20 20
746 433 18 19
