190 249 82 85
408 277 88 90
566 242 93 106
748 240 95 98
204 92 33 46
182 143 28 37
351 125 32 37
399 135 26 32
448 139 28 29
420 100 27 35
353 59 37 48
398 78 29 32
323 77 27 43
282 91 33 45
244 61 39 49
163 62 38 43
126 64 14 14
96 62 16 18
65 72 16 16
416 3 35 38
318 5 38 51
282 14 29 35
210 9 37 43
502 11 30 41
760 118 36 54
720 152 33 42
689 122 35 38
707 106 44 42
793 86 30 42
852 74 19 21
769 49 27 41
831 49 26 27
722 54 32 44
683 56 37 47
642 70 39 40
643 117 42 42
602 89 35 49
573 86 26 37
566 114 20 42
601 53 31 25
794 5 31 34
776 10 10 10
986 68 21 19
954 68 22 24
922 80 22 24
886 75 21 20
306 143 35 39
76 195 28 44
122 181 31 43
511 161 31 37
673 177 27 35
31 63 15 18
