207 264 32 38
158 246 22 30
157 227 16 15
147 254 15 22
194 241 25 24
227 232 19 21
237 269 19 28
260 266 26 31
296 262 21 26
287 266 16 18
319 270 16 21
287 302 26 32
254 291 12 13
348 282 21 27
348 253 19 20
380 272 15 16
388 289 20 21
370 244 17 23
398 258 16 20
410 268 17 24
428 273 18 25
446 268 17 20
425 248 17 21
470 260 17 27
482 251 16 21
500 255 14 19
494 275 16 20
507 281 19 25
529 274 14 18
524 252 14 18
546 258 16 20
556 268 15 20
567 270 18 23
595 274 18 25
611 256 18 22
540 290 20 23
811 249 38 45
736 276 30 37
690 273 30 35
648 258 20 25
629 267 17 18
705 395 34 44
632 378 29 34
576 364 24 30
580 317 24 27
609 314 31 37
523 368 21 27
483 365 20 25
487 332 16 20
435 351 19 27
427 386 23 30
384 369 23 29
344 380 26 38
259 385 28 33
181 380 33 37
135 406 41 49
95 373 17 20
629 478 27 34
579 414 28 42
573 477 22 32
485 450 25 28
