257 445 18 24
295 434 16 25
305 422 18 24
326 449 18 23
338 413 18 22
366 418 15 23
411 425 17 19
455 425 16 18
502 436 18 23
534 419 16 20
486 521 21 25
462 452 16 23
411 452 19 23
371 455 19 24
425 517 20 25
260 413 20 23
195 418 20 25
177 441 19 26
130 430 23 24
89 449 22 23
128 513 24 29
196 534 21 29
282 533 20 26
361 523 19 25
898 415 20 27
847 417 21 27
819 417 19 24
789 435 18 25
773 425 18 23
749 434 18 24
718 444 19 23
693 431 19 23
667 445 18 20
644 434 17 20
612 409 18 21
586 421 17 23
613 441 19 23
556 453 18 23
674 512 21 28
767 528 22 26
830 529 24 29
607 525 22 23
546 522 20 25
