143 458 16 16
170 551 16 16
195 463 16 19
224 464 16 17
247 546 16 18
271 473 12 15
308 550 13 11
307 464 12 14
344 465 14 15
378 496 12 15
382 456 15 16
418 473 12 15
393 546 14 16
456 481 11 12
496 479 13 16
543 483 12 15
563 480 12 14
595 403 20 22
657 497 11 11
671 486 13 15
729 469 13 14
720 472 8 9
753 468 12 13
741 547 17 16
778 451 19 16
832 446 14 19
888 440 17 19
816 550 17 18
497 408 9 9
487 419 5 5
809 274 6 10
839 271 5 9
511 262 8 11
523 277 7 9
537 262 6 10
482 273 7 9
475 287 5 6
