18 387 29 32
100 384 27 33
124 373 20 23
169 373 22 29
237 376 22 29
308 360 21 30
370 362 21 29
425 354 18 27
474 360 18 21
522 360 18 24
573 366 16 22
628 376 18 23
686 384 19 22
734 375 18 24
767 354 20 21
804 373 18 21
838 343 17 20
860 375 20 26
936 372 22 22
54 280 22 26
84 299 18 24
108 295 22 26
138 299 18 20
155 289 15 17
173 280 15 19
176 296 22 23
197 285 17 25
216 283 14 16
219 301 20 22
239 288 19 23
260 289 10 13
262 299 17 20
283 291 16 20
315 294 18 23
309 259 16 18
338 265 14 20
343 252 13 14
354 264 14 18
365 251 15 18
383 256 16 20
399 253 14 18
412 259 13 17
426 257 16 20
352 295 21 25
383 296 19 21
422 291 17 21
443 256 12 12
453 261 14 17
466 266 10 14
474 256 14 20
489 259 16 19
497 248 12 14
507 259 14 16
521 247 15 20
535 261 13 13
550 259 15 20
571 267 13 16
480 295 18 20
532 298 17 21
567 300 15 19
583 262 11 16
594 265 14 19
608 261 11 16
612 271 15 17
627 272 12 15
640 270 13 14
647 265 15 18
664 264 14 16
674 276 14 20
693 277 16 19
609 318 17 15
652 295 18 21
707 295 17 20
728 301 13 18
738 290 14 17
753 284 17 21
776 292 16 17
801 284 14 12
797 297 14 15
805 307 15 17
824 291 17 18
835 303 17 20
859 304 17 18
876 295 13 12
875 312 15 18
892 306 19 17
905 293 15 16
916 304 16 20
926 299 19 20
929 282 17 16
948 286 19 23
971 287 24 24
