251 419 22 30
287 416 24 26
310 393 18 18
342 392 17 22
364 405 23 27
431 398 20 25
413 364 22 26
388 361 20 18
283 360 20 20
249 377 19 23
241 373 11 15
246 363 14 17
251 327 12 16
181 324 12 15
183 381 16 17
120 410 17 18
51 372 31 35
106 334 19 19
138 331 11 12
29 340 20 23
49 310 13 17
48 333 9 11
1 339 13 17
335 308 7 10
324 317 7 10
292 306 10 11
261 300 9 11
228 308 11 11
351 305 8 10
379 317 8 11
405 318 11 18
403 300 10 13
439 312 7 10
450 321 9 16
468 317 8 13
459 305 7 11
516 356 16 20
550 372 22 28
551 413 20 29
505 441 24 24
592 411 23 25
612 437 23 29
667 446 25 30
702 408 25 29
648 393 28 32
626 375 20 20
573 369 17 18
456 356 17 23
476 360 20 22
469 395 24 24
699 344 14 18
514 303 9 12
617 313 11 13
603 306 8 11
274 293 5 6
133 295 7 7
90 289 6 11
918 351 15 17
942 367 17 14
971 347 17 14
917 404 21 24
752 388 23 28
748 425 26 32
658 330 9 14
696 314 6 6
666 316 5 7
652 314 4 7
705 272 4 5
805 278 6 6
720 283 2 3
646 293 4 6
634 291 4 4
579 294 5 7
0 466 21 35
584 317 12 12
738 366 8 9
729 348 8 7
607 286 5 7
553 274 8 9
542 298 5 8
