102 149 12 16
174 126 16 20
82 140 12 11
71 153 11 18
255 170 20 24
147 151 11 15
162 131 8 11
505 205 30 33
453 176 25 30
413 173 15 18
452 139 17 17
549 139 16 17
413 227 27 30
169 114 7 11
190 117 7 11
832 108 30 37
867 109 19 22
688 135 28 33
603 128 24 27
686 190 26 32
767 362 46 52
906 311 33 41
961 331 36 43
124 181 18 24
423 125 13 14
399 44 4 5
429 46 9 9
463 88 6 7
727 147 20 25
676 142 18 22
556 180 27 26
771 94 15 19
75 196 16 19
957 92 32 24
881 32 8 8
907 72 13 16
832 68 7 8
819 64 6 7
305 91 9 12
369 67 4 5
325 62 5 5
210 93 9 11
195 92 11 12
376 92 10 9
363 82 5 5
405 54 6 9
349 180 24 30
0 238 15 21
453 118 7 10
455 106 7 11
498 96 6 8
511 97 12 16
529 106 7 10
541 95 12 15
504 132 14 15
985 228 39 51
546 529 64 59
538 64 5 7
540 78 6 8
478 104 8 10
410 109 6 8
583 61 5 8
365 483 49 54
241 457 49 55
340 306 34 41
491 303 39 40
198 299 35 39
78 320 29 36
107 275 28 24
196 255 27 32
152 229 20 23
327 242 25 32
48 278 25 27
75 242 20 23
187 189 17 21
259 214 18 26
369 196 22 31
8 499 47 51
822 171 28 34
428 99 9 10
834 10 9 9
596 61 8 9
598 89 10 12
860 72 11 12
878 81 14 15
903 82 16 17
909 99 19 24
893 32 9 11
935 42 10 12
808 64 8 9
817 77 11 13
784 72 8 7
646 65 8 10
631 71 7 5
726 79 13 17
761 57 10 10
982 39 11 14
1010 54 6 8
397 137 14 16
