22 258 28 35
88 242 23 23
84 268 28 30
66 317 30 34
0 302 25 32
0 353 29 36
118 315 25 31
162 327 26 30
135 284 27 28
159 251 22 28
161 229 14 17
221 257 22 24
195 275 25 29
260 326 25 38
265 265 25 36
289 247 21 26
270 219 13 25
321 214 14 19
379 218 17 23
385 258 22 29
425 242 13 20
467 249 13 19
463 272 13 23
385 293 21 31
331 340 12 19
344 335 29 38
465 394 22 39
482 387 31 47
478 305 25 29
533 232 13 20
586 250 15 22
567 264 16 24
642 241 12 17
670 237 12 19
713 256 15 22
732 258 21 27
609 254 23 31
636 275 27 41
695 275 18 26
742 292 21 31
710 304 28 32
799 302 29 44
796 262 20 25
823 270 26 32
600 329 23 29
616 380 29 36
702 360 31 44
765 365 33 51
851 309 32 33
882 272 28 31
954 275 33 36
985 329 31 33
899 312 25 34
312 265 19 32
753 239 22 23
560 246 17 20
513 282 20 29
