990 389 29 29
855 346 19 22
958 322 17 17
1013 316 11 10
988 294 7 7
1015 290 5 6
452 328 13 16
468 313 11 12
486 306 9 9
293 327 14 15
339 313 9 13
372 304 8 12
398 301 6 7
418 292 7 8
435 293 5 5
349 297 7 8
320 303 9 9
304 295 6 6
374 292 5 6
393 289 5 6
406 286 5 5
447 288 6 5
495 301 8 7
581 300 6 7
652 291 5 7
637 291 5 5
52 392 30 26
200 348 20 21
167 324 14 17
198 308 9 9
243 315 9 12
291 312 9 9
273 296 7 6
121 319 10 11
163 306 8 7
141 299 7 9
30 357 23 17
24 333 16 14
2 319 12 10
22 310 8 9
104 311 10 9
92 306 7 8
206 299 7 7
185 293 7 7
74 298 5 6
64 298 5 6
53 295 6 5
122 294 4 5
110 295 4 4
166 292 5 5
201 289 5 6
223 292 5 5
150 290 5 4
806 285 4 6
814 281 3 5
835 287 4 5
784 280 4 5
795 280 3 4
749 286 4 4
751 277 3 4
735 282 4 5
902 287 5 6
894 284 5 5
872 283 4 6
956 284 4 5
926 307 9 10
956 299 8 10
940 290 6 7
969 285 6 6
928 284 6 6
910 293 9 9
872 314 14 14
786 330 14 13
810 305 9 11
738 318 11 11
697 302 7 10
778 300 7 10
797 292 5 5
869 302 5 9
864 289 6 5
828 294 8 7
750 293 7 7
723 290 7 6
708 284 5 6
680 299 7 9
662 294 6 7
775 285 6 7
746 493 41 45
697 392 29 32
631 359 16 20
600 330 16 19
596 313 10 13
591 305 9 10
346 494 40 39
404 389 28 29
443 349 17 18
