200 595 8 12
205 585 8 9
217 587 7 10
240 581 16 25
397 46 7 8
429 48 6 9
435 42 4 6
465 49 14 19
495 47 14 18
508 49 12 16
521 48 11 19
269 92 9 11
279 94 7 10
290 98 8 9
355 89 25 28
394 82 18 24
514 101 11 14
273 125 14 17
319 120 10 13
347 127 9 14
356 125 11 14
420 128 11 17
469 121 15 18
494 112 18 32
513 120 18 27
271 162 11 14
287 163 9 12
314 163 25 28
385 164 26 30
428 162 8 11
200 47 5 5
236 50 6 8
244 52 6 8
252 49 7 7
16 86 13 16
52 85 11 18
87 88 14 16
123 89 20 27
153 87 16 22
206 84 5 8
228 80 20 30
60 121 15 23
80 130 5 8
93 130 6 9
104 130 6 8
131 122 8 10
164 134 5 6
198 126 7 10
184 132 5 10
217 123 8 12
82 163 9 14
92 165 13 19
126 164 8 10
204 163 7 9
236 162 9 11
21 174 6 10
53 171 4 6
59 171 3 5
174 176 6 8
477 623 13 17
501 624 14 20
278 663 7 10
311 663 6 8
320 657 5 5
325 668 6 9
317 666 5 7
342 662 14 29
684 157 19 22
711 166 12 21
741 157 8 9
773 157 19 20
762 177 16 17
549 202 8 9
574 198 14 24
585 203 13 19
613 210 10 13
623 201 10 16
694 197 13 21
730 200 4 5
736 201 5 5
743 198 4 6
764 201 16 26
544 225 46 64
588 242 5 6
614 234 21 29
645 239 8 11
654 234 11 13
697 239 22 29
735 236 5 6
766 235 14 20
549 277 10 12
587 272 16 26
612 277 5 6
645 276 15 22
660 275 16 20
697 275 12 13
730 289 7 8
741 289 6 8
759 275 19 30
779 271 17 30
575 315 15 22
624 311 7 9
690 310 26 35
765 321 25 33
580 357 15 20
616 349 11 13
653 352 11 16
665 353 11 16
694 348 12 16
734 353 15 18
619 389 23 27
659 395 5 6
692 390 8 12
700 394 7 10
707 390 8 10
727 392 15 18
761 400 21 29
575 430 13 20
587 435 12 17
600 434 9 16
617 428 13 18
661 437 8 9
697 435 10 12
734 428 5 6
768 433 16 21
579 470 8 12
589 475 8 11
612 467 7 7
619 468 9 12
666 465 16 23
695 466 11 15
736 472 4 6
763 466 6 8
771 467 6 8
779 466 7 7
787 467 6 8
575 515 14 20
586 509 14 19
611 512 16 17
650 506 6 7
660 512 8 9
690 518 7 10
703 513 7 9
576 549 17 25
609 552 12 14
620 548 14 18
650 549 10 13
656 558 11 13
737 545 12 19
767 550 10 15
593 591 5 6
609 581 15 24
625 582 15 22
650 587 22 27
693 592 9 13
702 591 10 13
722 585 16 22
553 622 6 8
582 624 15 19
610 626 13 21
623 620 14 20
650 624 9 12
661 620 10 12
691 628 28 26
719 628 13 21
835 15 15 19
857 6 14 20
881 14 10 15
895 4 12 14
960 7 18 23
1011 12 7 8
989 9 6 8
847 48 18 27
885 50 5 6
919 45 14 17
954 48 9 13
964 48 14 20
801 92 23 22
919 82 8 11
960 89 5 8
966 89 5 7
991 81 6 7
1003 82 5 8
1011 80 5 7
805 128 13 21
820 137 11 15
842 120 20 30
950 121 10 13
844 162 20 29
889 172 4 6
893 166 5 5
973 166 8 8
1000 161 11 14
801 197 6 8
814 201 7 9
819 195 6 7
846 199 16 20
886 201 9 11
892 199 10 12
923 202 9 12
955 205 8 10
966 218 9 8
799 239 12 18
842 243 10 16
852 241 11 14
920 246 6 8
925 240 9 9
960 237 12 14
807 288 9 12
814 280 11 13
849 275 10 12
883 278 18 23
919 277 20 26
958 281 9 13
972 279 8 10
840 316 14 18
884 316 14 19
919 325 8 11
932 318 8 12
984 312 8 14
807 354 5 10
812 359 7 6
835 354 14 16
883 352 15 20
898 351 12 17
915 352 8 12
968 361 6 8
838 392 9 10
854 394 8 12
891 405 6 9
915 399 10 11
973 395 10 14
991 392 10 10
1009 393 10 12
792 416 40 50
842 430 8 10
851 427 10 12
875 433 9 9
886 430 9 10
897 431 10 10
916 435 10 13
933 426 12 17
947 435 12 19
971 435 14 20
994 433 15 18
1001 441 14 17
809 467 8 11
841 469 26 35
883 471 20 28
955 469 22 33
1005 465 16 24
803 508 10 16
843 504 16 20
909 509 14 25
928 508 16 22
962 510 9 11
875 585 14 19
930 589 7 9
948 580 17 19
967 593 15 21
994 590 17 20
804 629 7 10
811 621 7 11
926 619 18 27
952 621 19 26
984 626 19 22
799 657 19 22
832 659 13 20
846 661 15 17
871 664 18 24
891 657 17 25
918 670 8 8
963 666 6 7
991 660 14 21
1003 659 13 21
845 697 14 19
881 702 11 19
893 700 13 18
912 691 26 34
945 692 13 18
963 702 15 18
842 739 7 10
854 739 9 11
881 736 8 11
888 735 11 13
920 736 17 23
955 744 24 22
996 742 13 15
765 741 3 4
312 359 11 14
323 362 11 15
352 363 5 7
361 360 6 8
387 354 25 34
424 352 14 20
437 357 14 19
474 355 8 12
503 351 21 21
278 392 13 19
306 410 8 9
314 390 9 7
342 397 19 21
361 390 18 26
397 391 4 5
387 394 4 5
440 388 12 15
464 390 13 17
476 398 13 13
509 394 11 14
311 436 18 24
357 432 6 8
388 437 5 8
394 435 6 6
401 438 6 8
419 437 36 36
464 428 4 6
504 423 9 12
275 474 9 10
321 478 9 10
351 475 8 11
358 468 7 9
391 467 16 25
23 198 4 7
13 211 6 10
51 206 12 17
80 196 16 21
119 201 6 11
126 202 6 10
131 211 8 8
138 209 8 10
173 202 6 9
153 200 6 12
201 199 6 12
206 199 7 13
228 200 22 36
12 235 8 10
25 234 10 13
90 241 8 12
96 239 9 10
119 237 8 11
137 242 9 12
172 239 19 29
191 235 13 20
236 237 17 25
6 434 15 23
83 439 9 8
96 428 11 12
117 426 33 29
196 425 10 15
207 425 12 12
238 432 7 8
245 432 8 9
21 469 16 21
42 475 6 9
50 470 7 8
82 469 24 33
117 475 15 23
134 467 15 24
155 474 14 21
170 477 13 19
234 469 6 7
242 465 7 7
255 469 8 9
2 508 13 22
18 513 15 21
52 507 8 10
86 508 12 14
131 503 6 8
134 512 8 10
167 509 7 8
175 505 9 9
197 515 5 6
238 504 6 9
244 505 7 9
4 558 8 12
1014 245 4 4
1004 273 5 6
419 14 20 20
464 9 6 9
470 7 9 10
498 3 13 19
513 6 14 20
275 47 25 28
329 51 7 7
307 56 5 8
348 47 18 25
391 48 5 8
161 394 16 22
228 398 11 18
239 399 11 17
21 544 11 15
46 551 10 10
60 548 10 8
85 553 13 18
96 548 16 16
117 557 6 7
131 553 11 15
157 548 12 17
169 548 12 17
212 552 7 12
239 550 5 7
38 580 11 17
52 581 15 17
89 585 8 10
129 587 11 12
170 581 5 6
438 162 10 12
461 167 10 18
469 160 15 19
502 154 12 12
533 165 14 22
548 162 14 23
283 203 13 13
306 204 27 28
346 201 23 26
383 199 10 15
393 199 9 13
402 197 10 14
430 196 14 19
459 196 9 12
466 198 11 13
498 200 8 11
506 202 9 13
279 241 14 20
296 239 11 16
309 244 13 15
323 243 11 15
351 245 20 27
406 236 6 7
418 236 19 26
437 236 17 25
426 472 10 16
435 471 11 11
460 480 20 25
513 474 16 23
280 507 12 16
305 502 23 31
730 623 16 25
576 663 8 10
588 662 7 10
614 664 21 27
648 663 16 24
760 667 6 8
770 668 7 8
787 667 6 9
540 702 9 12
553 695 8 14
577 701 15 19
623 702 4 6
627 703 5 6
653 699 9 14
665 698 9 14
697 703 7 10
703 706 7 9
736 694 6 8
760 700 10 19
770 697 12 18
781 701 11 17
537 737 4 4
543 739 3 4
550 739 4 5
557 737 4 5
621 739 5 6
651 736 18 23
679 740 23 22
732 748 5 7
737 739 6 9
810 2 19 23
378 508 19 30
396 506 19 25
430 507 11 19
467 522 6 7
476 502 6 8
485 515 7 11
506 512 12 15
272 550 9 15
279 546 15 20
350 550 5 6
367 553 5 5
394 548 16 23
304 559 12 13
422 543 21 28
466 552 16 19
499 551 15 23
310 586 21 30
382 580 27 36
431 580 12 19
459 590 6 8
471 591 4 6
476 595 5 7
483 594 4 6
277 627 7 9
292 626 7 10
309 628 12 17
319 622 13 19
346 621 12 15
389 628 23 24
443 621 10 17
462 629 15 16
774 738 4 4
779 736 3 4
782 742 3 4
784 738 3 3
789 740 4 3
804 544 6 6
838 548 12 13
918 543 15 15
910 542 8 12
949 540 34 40
768 507 17 18
355 589 3 5
358 589 4 5
990 240 4 5
1009 243 3 4
165 9 13 17
199 11 7 10
211 7 7 11
242 10 8 12
51 52 6 8
60 46 6 7
77 48 29 35
157 52 5 8
160 59 7 8
165 46 6 9
172 57 6 8
214 52 4 7
472 243 6 7
505 237 5 7
514 239 9 10
274 273 21 29
304 281 5 7
357 275 7 9
388 284 17 21
429 274 17 18
499 276 6 7
470 279 12 19
280 313 5 7
287 322 5 6
304 315 19 24
327 327 12 14
346 318 16 19
363 324 11 14
379 321 7 11
393 317 8 9
406 315 9 11
436 316 7 8
456 317 11 15
466 326 6 8
477 324 9 13
480 313 6 8
498 320 7 9
508 322 5 7
513 327 6 7
519 322 5 9
277 361 19 23
12 202 5 7
6 278 11 13
15 291 12 15
39 277 17 22
87 277 4 6
123 278 26 28
201 276 8 13
211 276 10 14
9 310 9 14
15 330 10 9
21 315 11 13
51 323 15 17
87 322 12 19
156 318 10 15
170 314 12 14
230 324 6 8
239 316 8 9
253 319 7 8
9 356 23 29
86 359 17 24
129 360 9 11
156 357 9 13
177 353 9 11
202 359 14 18
48 391 7 11
58 396 8 11
83 392 14 20
97 392 14 20
124 395 14 19
4 620 7 10
11 621 8 12
19 620 6 9
24 619 9 10
48 636 6 6
63 633 6 7
89 622 6 7
96 624 6 8
122 618 8 11
138 625 8 11
162 619 20 35
200 620 6 6
209 618 6 6
240 627 9 11
4 666 3 7
10 665 6 8
21 664 6 6
41 660 16 17
30 665 6 8
77 660 14 28
138 662 9 11
167 659 6 8
209 672 7 10
237 662 5 8
250 662 7 9
12 693 8 8
43 703 14 20
56 701 17 20
84 699 17 22
106 694 24 38
133 690 24 32
157 705 10 13
167 704 10 16
194 700 21 27
212 696 24 36
240 700 14 19
3 744 12 16
28 744 11 16
41 735 15 24
55 741 18 24
92 736 6 7
125 737 12 16
154 742 7 11
165 737 8 11
178 735 7 10
207 742 11 13
242 736 14 18
271 10 20 24
307 13 8 11
331 11 7 12
359 671 18 21
385 664 11 17
396 662 12 17
428 665 11 16
440 665 10 13
470 659 12 15
482 661 9 15
510 671 17 21
275 703 16 18
388 706 9 14
394 700 12 13
361 696 8 10
311 715 5 4
423 695 8 9
432 695 7 8
441 696 7 9
503 691 17 16
268 743 6 16
282 747 13 16
298 744 12 15
305 742 16 26
321 739 17 24
353 742 15 22
404 735 12 16
428 735 7 10
439 737 4 6
463 744 6 9
469 739 7 9
456 750 5 8
573 8 6 8
579 11 6 8
586 9 6 9
593 8 6 10
600 5 6 8
612 13 21 24
651 7 6 6
655 11 6 7
663 9 5 6
673 16 4 6
696 10 11 15
732 10 15 26
763 14 7 8
774 16 7 8
787 11 6 10
537 43 27 34
614 55 20 23
651 46 15 20
669 43 12 17
687 43 12 15
734 52 7 7
756 46 11 18
770 48 12 13
785 50 12 17
538 84 13 19
584 84 18 29
619 88 8 10
626 86 8 11
650 84 11 12
660 80 13 13
690 91 9 13
707 86 11 14
733 87 13 18
759 88 10 16
769 82 13 16
784 92 11 15
543 131 7 10
555 129 5 8
575 125 14 22
589 123 16 23
608 125 6 10
611 140 7 8
634 127 8 9
655 120 20 21
691 120 18 16
732 123 16 18
770 128 15 22
569 162 14 22
607 163 11 19
630 161 13 20
654 164 15 17
999 556 18 18
532 505 13 17
551 508 13 17
535 552 11 12
559 546 12 14
533 586 10 12
552 588 10 11
247 292 8 7
499 743 15 20
540 314 18 25
532 354 15 18
532 394 15 22
553 392 13 22
542 433 5 7
550 427 5 7
543 471 8 11
552 470 9 13
326 562 11 13
812 410 4 7
820 407 4 7
775 638 5 6
470 704 3 4
800 703 10 13
127 665 11 12
11 42 15 17
352 11 16 20
380 5 14 19
