547 334 15 20
519 334 13 16
533 356 15 20
537 387 17 19
506 350 15 19
469 325 15 20
480 304 15 17
519 299 15 17
542 288 18 22
558 263 17 18
527 261 10 13
514 251 11 13
510 232 11 15
526 232 13 17
545 236 11 18
542 220 11 16
521 221 9 11
492 205 11 15
503 189 10 15
601 230 15 19
581 220 13 19
590 204 12 16
560 198 12 18
560 181 12 15
533 205 10 11
489 233 15 17
497 255 17 20
465 258 13 18
466 234 13 15
442 234 15 20
414 237 14 17
426 231 14 15
399 227 15 16
412 201 11 17
436 181 11 17
451 204 11 13
454 184 10 14
456 168 10 13
479 197 11 15
662 227 12 20
689 250 15 16
717 255 13 17
466 292 16 15
430 306 17 18
430 325 14 19
413 330 15 22
398 301 15 17
428 279 13 17
380 222 12 17
362 226 15 17
303 219 16 15
281 223 12 15
254 228 13 17
209 242 13 19
597 411 20 23
570 423 20 20
543 433 17 18
487 403 20 22
463 382 20 22
452 350 18 21
402 390 19 22
363 389 18 19
382 438 16 18
429 437 17 18
427 479 19 19
317 434 18 26
286 426 19 22
259 416 17 23
652 412 18 26
675 424 13 20
688 413 17 20
711 433 17 22
740 442 18 20
749 415 17 21
749 387 17 13
695 449 20 22
658 460 17 21
645 440 17 16
619 447 17 20
696 485 21 27
636 489 15 14
632 507 19 22
577 518 20 18
506 520 18 21
826 423 25 24
790 422 20 19
789 455 20 18
411 524 16 23
391 500 18 21
331 547 17 18
251 543 21 25
250 514 19 21
300 491 18 23
217 528 25 25
197 503 19 27
229 435 18 21
186 425 20 22
140 424 22 23
86 458 17 19
126 499 23 28
83 414 18 22
467 536 18 20
