64 217 21 23
90 205 14 19
104 183 19 23
123 216 16 22
146 188 16 26
182 189 17 23
166 174 14 21
219 200 16 20
229 171 17 21
242 208 15 16
270 193 13 18
278 228 17 24
295 206 15 20
313 226 13 22
332 252 17 23
320 202 15 18
327 179 13 18
295 177 14 22
346 165 16 23
367 176 13 21
390 205 12 12
408 199 17 18
412 223 15 20
440 227 20 24
454 196 17 21
438 188 13 17
424 176 13 16
347 115 7 8
371 108 5 7
551 114 8 8
635 113 7 11
660 104 6 7
578 163 14 17
570 195 12 21
583 216 13 20
551 221 17 21
511 221 20 21
480 216 16 21
488 197 12 15
509 188 17 22
532 192 13 20
522 166 16 18
480 178 15 17
605 179 11 17
628 187 13 17
623 212 15 20
669 208 16 21
657 178 14 17
691 191 17 21
724 189 17 15
767 178 15 20
789 188 15 22
747 240 12 17
668 258 16 19
641 279 19 21
615 268 17 21
580 268 20 22
632 348 23 27
675 302 18 31
743 320 19 24
783 316 17 21
769 435 23 29
515 283 17 22
379 314 19 25
426 313 21 27
491 339 19 27
557 345 21 26
534 394 26 31
590 416 21 21
612 450 22 27
692 452 21 23
445 467 19 26
414 404 20 31
344 459 25 29
366 352 20 22
266 365 18 28
285 355 17 19
231 340 20 30
205 361 23 30
160 397 21 31
88 354 27 31
168 446 20 23
256 440 24 27
109 252 17 22
74 254 23 27
33 273 21 28
170 238 19 25
203 253 20 22
162 225 16 17
236 228 17 21
462 295 17 19
356 228 14 20
951 261 16 20
914 265 22 24
864 294 17 21
885 225 19 27
834 210 20 20
819 188 16 21
806 227 16 21
805 283 17 23
879 412 22 27
934 345 23 31
819 425 24 27
947 122 6 9
867 125 7 8
847 123 6 9
1002 122 6 9
958 110 5 8
809 130 5 7
