95 24 68 87
47 94 64 64
229 38 73 89
584 66 39 50
607 42 22 30
647 59 16 20
525 51 30 25
314 231 15 22
322 207 8 12
323 178 10 13
300 181 11 15
260 173 10 14
198 206 19 22
212 175 6 8
178 201 16 19
179 225 19 22
180 263 15 16
202 288 25 23
211 263 8 8
235 259 14 17
264 263 7 10
293 253 12 19
315 258 13 16
316 285 16 20
290 293 9 12
271 290 11 17
229 284 20 24
288 229 17 19
295 210 7 8
263 224 14 22
236 231 16 21
202 232 16 22
203 313 16 24
226 308 18 25
291 313 12 22
313 305 19 33
345 220 15 22
372 221 10 13
392 208 17 22
402 200 20 24
740 187 46 57
436 208 15 20
450 213 11 16
493 204 19 23
667 244 8 11
622 222 8 10
637 234 8 10
640 212 6 7
636 221 7 8
524 207 5 7
672 325 141 180
424 350 86 145
344 383 66 100
118 415 34 46
56 451 26 40
213 539 99 101
23 513 145 168
412 541 99 101
655 575 11 11
639 593 9 9
621 596 6 8
602 605 7 8
577 605 8 8
559 602 5 8
538 598 8 10
524 582 7 11
578 363 13 19
919 345 9 10
932 347 6 7
942 355 6 8
950 357 5 8
971 355 9 9
979 361 8 8
984 374 8 9
991 383 9 8
1006 405 9 9
1009 414 7 9
1007 427 6 8
1005 437 5 7
902 359 6 6
896 361 6 6
889 363 6 6
882 369 8 7
874 386 8 6
869 392 9 7
860 403 8 6
857 411 13 12
863 444 10 9
867 454 8 8
870 465 11 8
878 473 10 11
906 490 10 8
916 492 9 8
928 497 8 10
938 496 12 11
964 486 11 9
974 481 9 9
987 474 9 9
992 466 11 10
769 540 42 51
798 513 28 18
728 558 40 49
229 681 18 20
293 692 12 15
262 693 15 13
322 695 13 12
317 712 12 22
261 706 17 21
208 716 18 21
173 705 25 33
212 746 9 13
235 741 16 21
290 743 16 17
317 745 20 17
322 772 11 15
124 726 14 18
292 768 14 19
261 767 16 25
205 771 15 20
175 760 20 30
182 798 14 20
233 795 20 23
262 794 16 21
321 794 12 18
208 823 16 20
259 822 17 25
314 823 24 32
175 823 23 25
303 827 8 13
148 709 14 14
161 717 10 19
98 713 13 16
91 698 11 13
87 721 10 9
68 722 13 11
63 707 12 12
52 721 14 16
31 719 13 15
391 912 62 75
700 895 33 38
759 876 28 41
985 742 26 24
178 176 17 20
127 707 13 15
