896 158 40 46
885 297 44 45
852 369 47 55
802 348 39 45
794 172 34 41
837 193 25 35
864 179 34 37
769 198 27 35
720 202 28 32
730 176 26 31
782 175 21 26
820 173 18 29
686 186 29 34
653 200 30 36
628 199 23 30
644 175 27 26
669 355 31 37
757 399 36 40
606 398 40 49
524 405 35 42
568 331 30 37
513 334 28 35
479 351 32 38
399 409 39 43
385 375 30 35
595 202 28 35
582 181 25 28
562 217 26 35
549 175 27 30
525 191 26 32
507 171 24 30
482 186 28 31
444 192 29 37
407 172 28 31
364 194 30 36
384 181 23 32
328 188 25 33
297 212 28 29
301 179 26 30
260 185 26 34
226 179 30 37
167 163 38 44
204 197 24 27
76 168 47 45
131 180 24 31
104 195 23 26
284 423 37 43
278 355 33 38
150 356 44 51
