901 261 14 18
824 164 12 12
806 153 12 15
758 142 14 15
738 209 11 11
712 207 13 12
666 213 12 12
606 238 15 13
995 404 12 15
1004 378 11 15
940 414 11 11
931 401 13 13
910 454 16 16
949 471 11 12
840 385 13 13
819 377 11 16
1014 181 10 17
780 403 14 16
793 386 15 15
650 322 13 13
717 358 12 13
713 382 11 13
639 372 12 12
605 355 12 12
588 361 11 15
589 339 9 10
564 341 11 14
513 286 11 14
492 258 11 11
456 297 12 14
429 319 11 10
427 336 9 12
452 329 8 10
463 346 11 11
402 328 11 12
398 262 11 12
344 250 12 12
371 263 9 12
313 251 11 12
277 258 13 14
247 253 13 14
223 303 13 11
326 307 11 13
309 305 11 13
349 316 9 9
361 309 7 10
100 476 16 18
145 300 10 10
162 315 9 10
145 321 11 12
114 323 10 12
112 310 10 11
75 305 8 10
68 293 9 9
84 295 10 8
15 286 9 10
39 290 10 10
99 295 9 11
876 320 13 12
943 323 6 7
3 418 12 13
25 450 18 20
6 477 13 16
68 455 13 17
147 446 10 15
162 447 12 16
151 517 15 24
164 508 12 18
201 491 12 19
135 570 16 30
184 586 14 24
368 593 15 21
336 488 12 16
46 628 24 37
