142 150 14 17
101 162 14 16
50 164 14 18
26 155 15 16
117 166 14 17
198 153 15 16
217 155 13 16
249 161 10 11
262 160 13 15
287 158 13 11
275 158 9 10
302 158 8 10
306 151 10 11
158 163 10 11
313 168 11 14
337 160 12 14
332 161 9 11
351 159 10 12
341 150 10 11
371 161 11 13
364 155 10 11
392 169 11 13
416 164 12 11
385 149 9 10
390 153 10 11
433 163 11 12
446 161 10 12
467 155 10 11
489 150 11 12
498 156 12 13
516 164 10 11
487 210 12 13
424 224 12 14
542 168 11 13
542 151 11 12
573 158 10 12
565 154 11 12
575 153 11 12
639 193 12 14
594 144 10 12
623 150 11 11
615 162 10 13
596 164 11 12
673 150 13 13
650 153 9 10
657 150 11 12
834 207 15 16
756 205 14 16
853 156 12 14
813 147 14 14
820 149 12 15
802 152 11 12
770 154 13 14
755 146 12 12
712 148 12 13
703 145 10 12
725 151 11 12
733 149 10 11
977 167 17 13
944 167 14 13
903 150 16 16
890 159 12 15
883 155 13 14
872 151 13 14
