290 144 10 14
324 155 10 13
242 200 20 26
224 151 12 12
226 114 7 7
231 104 7 10
270 113 10 11
268 100 7 11
282 80 10 10
254 86 10 13
152 91 21 27
182 57 8 12
217 55 6 11
239 44 7 10
214 39 7 9
179 14 11 14
178 34 8 13
188 40 8 12
288 51 8 14
265 51 5 7
304 48 7 9
333 51 7 11
314 82 10 13
340 91 8 15
350 69 8 12
381 79 8 10
383 70 8 11
367 45 9 10
390 50 9 11
412 55 8 11
428 68 9 12
403 93 10 13
398 120 8 12
356 95 9 11
452 72 7 10
440 51 6 10
461 42 7 8
493 55 7 10
523 56 6 9
502 72 7 8
488 71 8 8
492 88 8 11
504 128 8 11
520 74 8 9
470 151 11 14
51 34 25 27
21 25 25 27
72 25 11 11
79 15 13 14
489 23 7 9
520 5 5 7
687 6 7 10
671 10 9 11
661 10 8 9
649 13 6 8
639 12 8 8
607 10 7 7
576 60 7 8
595 61 8 10
543 50 7 9
554 156 10 11
614 159 9 10
634 125 10 9
679 119 9 13
720 135 10 11
761 150 10 12
780 146 10 11
806 154 8 10
803 183 10 12
777 186 10 12
757 94 7 8
735 84 7 9
780 50 7 10
795 45 7 10
781 38 7 8
757 39 6 7
737 35 6 7
757 24 6 8
712 28 9 10
692 25 7 7
705 68 9 9
851 56 8 11
820 79 9 10
881 52 8 12
907 60 8 10
908 115 8 12
940 121 6 10
963 95 5 8
985 96 8 9
942 77 7 7
953 77 5 8
925 80 9 6
918 73 7 7
904 171 10 13
887 179 9 10
855 210 9 11
803 245 7 12
823 243 8 11
952 183 7 10
950 166 10 9
1000 207 9 13
983 229 8 11
974 226 8 10
945 222 9 12
930 229 9 10
888 220 9 6
921 259 7 9
971 244 8 7
1012 237 10 11
984 125 10 11
1013 202 9 11
1014 218 9 10
1002 191 9 11
1014 82 8 8
986 85 7 8
876 189 9 12
200 113 9 12
198 126 9 12
489 242 37 40
670 233 40 44
603 221 14 15
135 41 14 14
887 141 9 12
839 167 17 16
872 55 5 9
766 48 8 9
461 54 10 13
