47 338 24 30
146 330 23 30
88 287 23 31
187 289 23 25
129 269 20 24
103 248 18 21
217 243 20 30
221 302 20 33
255 310 24 37
175 210 19 27
120 208 17 22
250 232 20 26
294 242 22 29
314 208 18 25
238 195 17 24
200 194 19 18
171 130 15 17
231 148 16 20
281 159 19 22
312 168 21 28
215 95 17 21
250 118 16 20
313 121 17 23
344 147 16 17
296 104 15 19
368 107 16 19
335 79 14 18
275 78 14 21
245 64 14 17
266 49 11 16
294 63 15 17
363 66 12 16
396 76 14 20
350 48 14 17
299 24 13 15
382 25 11 14
416 44 12 13
443 75 14 20
458 45 12 18
491 15 11 17
431 107 14 20
409 127 18 22
450 130 15 20
474 142 17 23
488 110 16 19
418 170 19 25
501 164 18 21
550 139 17 23
457 200 20 25
518 203 19 28
540 222 20 28
512 243 22 27
473 241 22 21
409 233 21 26
381 214 20 27
357 201 18 23
363 255 19 24
387 270 23 34
423 257 22 28
452 273 23 30
444 262 9 16
285 279 21 26
326 292 21 26
348 329 22 30
427 314 25 33
513 313 22 30
528 278 20 20
591 315 22 25
583 281 19 24
634 298 22 27
649 258 21 27
698 242 25 24
748 272 20 27
738 334 23 27
672 329 21 28
805 360 22 25
820 288 21 27
733 218 20 25
795 254 21 29
683 210 17 22
653 216 19 26
589 224 23 27
618 201 22 28
770 197 20 26
824 224 20 25
578 179 19 22
646 177 18 21
707 184 20 25
683 152 17 22
639 141 17 20
602 147 18 23
594 115 16 20
650 109 17 23
716 119 17 23
696 99 15 21
664 87 14 16
625 96 17 19
578 72 17 21
545 87 16 23
519 110 17 20
523 74 13 19
513 106 6 11
660 71 11 9
695 75 12 11
528 23 12 17
532 45 14 18
566 23 12 17
582 50 14 18
597 14 11 11
628 47 13 16
636 17 13 17
670 41 14 16
706 38 14 16
749 37 13 18
785 64 12 17
818 81 16 23
759 74 17 21
773 112 17 23
853 70 12 20
861 105 17 23
910 148 18 23
824 143 18 22
780 154 18 23
755 162 17 25
832 179 18 21
889 209 20 23
899 239 21 23
895 285 22 23
898 366 28 33
850 345 23 26
