19 210 12 14
36 198 13 15
45 218 11 13
17 232 14 14
39 245 11 14
63 250 9 12
72 244 10 12
38 234 12 11
63 225 9 13
69 215 10 10
83 232 11 12
86 210 9 13
75 200 11 11
51 186 11 15
71 170 12 12
85 180 10 15
101 172 8 12
120 175 11 12
135 198 11 14
144 179 10 11
107 189 12 13
107 206 8 16
125 215 8 10
147 209 8 11
149 196 12 13
172 206 14 16
144 231 14 10
139 242 8 9
150 243 8 8
123 244 12 14
104 235 12 14
102 256 12 13
120 265 11 15
139 255 14 17
158 265 15 18
134 276 13 15
113 299 12 15
107 288 15 15
70 283 13 17
87 269 14 18
47 278 15 18
57 266 12 14
30 260 12 16
51 252 10 11
13 272 15 14
7 255 4 17
7 295 11 18
68 316 13 13
87 314 11 13
134 295 12 18
150 294 15 20
99 334 15 18
108 322 13 14
105 312 10 15
162 337 10 15
187 325 14 16
207 324 12 18
191 349 12 15
164 363 12 10
167 372 12 15
143 362 12 15
134 340 15 12
128 372 13 15
112 369 13 12
124 386 12 16
71 357 16 18
33 352 16 22
15 350 15 15
43 322 15 18
7 315 12 14
202 274 12 18
187 294 12 17
251 292 10 13
158 394 16 20
5 203 6 15
5 165 10 14
18 170 9 15
27 157 10 15
53 167 12 14
62 156 9 12
54 148 9 12
42 147 11 17
27 140 10 12
5 141 6 13
10 133 12 14
23 123 9 12
53 128 9 13
43 118 11 12
36 98 9 12
19 98 12 12
9 107 11 11
13 91 11 8
13 78 9 8
52 81 11 12
40 73 10 14
27 63 7 11
43 60 8 12
41 44 12 13
18 43 13 11
7 32 7 11
17 30 8 10
33 29 8 10
27 14 9 9
7 17 11 11
69 24 10 8
66 32 8 9
107 34 11 12
107 21 11 12
94 19 8 12
81 21 8 11
47 2 10 11
67 7 8 11
134 5 10 11
124 23 10 14
114 48 10 15
112 69 10 14
127 69 11 15
84 75 11 12
101 79 8 9
94 101 10 14
79 92 11 12
70 96 8 10
73 108 9 12
70 123 8 12
69 138 8 8
100 129 8 14
89 127 9 12
85 118 11 9
85 150 12 12
101 158 10 10
101 148 8 8
110 140 9 15
114 160 8 10
125 158 9 12
130 135 8 12
149 135 8 13
162 120 9 16
123 87 10 13
132 89 8 11
143 94 6 8
140 81 10 11
157 81 6 9
166 91 10 16
146 120 8 9
184 85 10 15
172 84 12 12
167 70 8 12
189 71 10 13
204 73 11 14
180 63 10 13
156 53 11 12
171 46 9 12
184 45 8 10
176 34 6 8
184 28 9 11
177 24 6 8
157 15 12 12
181 3 9 12
170 15 8 10
138 37 9 9
134 51 15 12
144 67 11 11
156 41 11 9
206 54 11 14
206 42 11 12
194 49 8 11
212 34 9 11
217 20 12 11
177 241 12 16
163 248 7 8
158 220 9 14
216 210 8 11
206 210 9 12
229 220 13 17
251 242 12 17
246 231 14 11
237 243 11 14
212 263 10 14
254 272 10 12
302 222 14 17
285 243 13 15
307 247 13 17
289 215 9 13
275 204 8 17
257 205 11 15
230 210 15 12
227 190 12 16
243 194 8 13
261 191 14 13
252 171 13 15
288 188 11 16
296 181 11 15
291 173 12 12
283 158 13 14
270 154 12 13
274 134 14 15
262 130 12 15
262 111 12 13
238 115 12 12
242 130 15 13
239 147 9 12
224 138 15 14
216 159 12 15
227 156 12 12
233 173 13 14
217 177 9 14
186 179 14 14
200 149 14 19
174 166 12 14
155 171 11 12
149 163 12 9
160 156 10 12
169 139 12 15
184 138 12 12
184 156 11 13
178 130 17 15
211 127 11 18
220 105 9 13
237 98 12 14
244 81 12 15
221 78 10 13
231 75 10 14
230 58 10 14
249 58 11 12
241 61 8 9
262 31 12 12
261 21 10 11
259 14 10 11
251 13 8 11
230 10 12 12
281 18 8 13
292 16 9 12
310 19 11 14
317 46 11 13
327 32 10 11
337 21 11 10
296 67 12 15
314 66 9 13
275 68 9 16
286 67 10 15
268 64 7 11
287 94 10 17
303 109 12 17
293 39 12 12
303 31 7 7
367 23 7 10
357 14 8 11
354 38 7 14
368 43 8 13
375 49 9 15
387 56 12 13
397 28 12 9
381 31 9 13
382 13 9 10
396 6 9 10
433 38 11 14
424 31 8 12
434 27 8 12
437 18 10 12
421 48 13 10
402 46 9 11
408 78 12 15
406 71 9 11
407 60 11 12
426 70 8 13
395 77 11 15
381 71 12 12
374 99 9 13
363 85 8 13
351 66 8 12
358 74 8 10
367 71 8 12
348 59 9 8
347 43 8 12
330 71 10 10
305 131 10 13
354 164 10 15
371 158 11 12
379 143 13 13
331 139 15 13
341 128 10 12
368 131 12 12
324 111 12 13
311 85 13 12
415 110 11 12
403 98 9 13
391 95 9 12
428 121 10 13
412 125 12 13
409 142 15 14
434 167 9 14
420 165 12 14
398 166 12 15
381 168 12 13
396 134 9 14
360 197 10 12
344 188 11 15
324 186 10 12
314 155 12 18
317 203 9 12
321 229 11 15
335 228 13 14
328 215 14 12
354 231 11 13
377 225 14 16
368 215 13 14
384 199 13 16
398 225 14 11
394 213 12 13
415 207 12 17
448 216 9 14
434 225 9 14
442 232 12 16
461 222 14 17
478 202 12 15
467 202 12 14
450 204 12 11
440 190 12 15
399 185 10 17
478 182 12 14
490 193 12 14
501 174 12 16
508 156 14 18
494 158 15 15
453 170 10 12
490 175 8 13
451 161 15 12
458 148 12 13
444 141 10 14
454 131 13 14
485 148 9 12
477 141 12 16
471 128 11 12
445 115 10 14
458 116 10 13
458 101 8 12
441 91 12 15
456 89 12 10
478 91 11 12
473 56 12 14
487 58 4 10
471 38 11 9
459 39 10 12
446 36 8 12
451 27 6 8
453 11 8 14
471 8 9 11
497 24 7 9
488 30 6 12
477 24 8 10
504 11 9 12
496 2 8 12
521 32 8 8
515 20 10 11
528 80 10 12
537 95 10 13
523 101 12 15
501 96 8 9
561 68 7 10
575 55 8 15
568 50 8 12
578 44 8 11
565 41 9 10
553 49 10 12
551 61 8 12
529 57 8 12
522 49 7 12
530 43 7 10
546 36 7 9
556 32 9 11
571 28 9 12
570 17 9 11
560 17 7 12
525 14 9 10
495 38 8 11
500 56 6 8
597 38 10 14
595 21 8 12
584 18 8 10
594 13 8 8
616 11 8 12
609 7 9 10
633 31 11 14
645 33 7 12
629 21 8 13
616 31 10 12
614 55 8 12
599 66 10 13
635 79 9 12
624 82 9 12
628 71 9 11
645 71 8 12
650 52 10 10
658 43 9 12
678 48 9 12
668 31 11 15
679 18 8 13
668 21 9 10
655 20 12 12
644 9 10 13
659 8 8 10
678 8 7 10
699 8 12 14
692 7 4 9
730 14 11 13
718 14 8 10
724 8 8 6
708 58 10 12
724 55 7 9
708 40 10 12
690 24 7 8
555 88 8 12
571 87 10 12
579 82 8 12
568 106 9 13
671 83 7 12
651 88 8 9
675 75 6 9
662 121 10 14
654 108 8 10
641 105 8 12
622 114 7 12
632 105 8 11
608 113 10 12
583 134 8 14
583 123 11 12
599 123 9 15
566 141 11 12
605 155 11 15
599 145 12 14
590 159 10 15
571 157 12 12
590 176 12 18
609 173 8 17
631 158 13 13
642 134 11 14
681 142 12 15
671 141 12 15
508 138 12 12
500 133 8 8
520 125 7 11
547 139 9 9
538 128 6 8
531 148 9 8
525 171 9 13
530 178 0 1
564 179 12 10
558 163 10 12
552 183 10 11
552 198 9 13
544 189 8 12
531 175 10 15
569 196 12 15
606 195 12 15
676 181 11 16
662 176 11 13
653 165 12 15
653 234 9 12
675 241 10 13
692 228 13 15
665 214 10 12
658 207 7 12
647 195 12 12
620 206 10 15
625 198 11 13
602 221 12 13
596 235 11 17
580 240 11 13
594 215 12 12
558 222 12 15
529 195 12 17
510 212 8 15
539 246 11 16
521 232 11 16
508 250 10 15
508 240 10 12
492 238 12 15
465 261 11 14
452 254 10 12
465 239 10 12
478 228 9 15
509 275 14 15
200 401 14 22
227 390 12 13
242 375 12 16
205 377 12 12
169 431 12 16
143 433 15 16
117 446 14 20
144 458 14 17
109 409 18 19
132 406 16 22
100 395 13 15
85 398 13 14
76 399 8 11
64 389 11 13
60 402 11 13
29 410 15 20
20 421 9 16
40 406 13 16
47 418 12 13
35 396 15 13
6 389 14 16
42 462 16 17
37 441 13 18
77 452 13 14
74 433 16 16
99 435 14 22
125 480 16 16
95 497 18 20
93 471 15 21
56 497 16 18
24 476 12 16
48 549 18 22
49 519 16 20
83 524 13 19
98 538 17 18
134 492 18 23
162 516 12 16
157 543 17 22
190 510 11 18
193 539 15 21
178 497 11 15
190 462 11 19
183 452 9 13
5 442 7 17
310 506 17 27
281 519 19 24
285 554 17 22
339 528 16 22
363 533 18 20
388 526 14 20
336 459 16 20
310 467 15 17
296 479 17 25
285 441 20 25
348 413 12 17
360 418 11 18
367 414 12 18
379 417 11 16
341 390 13 18
328 406 12 17
319 419 13 17
348 374 12 16
292 371 11 15
293 392 11 17
300 353 14 16
252 367 10 13
359 514 11 19
347 342 16 20
358 322 13 17
382 312 17 19
377 283 11 13
381 288 13 18
398 285 12 17
399 248 12 15
364 271 11 15
340 251 12 15
308 281 13 19
315 270 11 13
280 293 13 15
279 273 12 14
245 308 13 17
233 318 12 14
232 291 8 14
286 313 14 17
280 330 13 14
248 330 12 13
223 337 11 13
377 341 14 18
410 332 15 17
401 318 10 15
422 318 13 19
435 300 13 19
453 306 9 16
452 336 14 21
445 359 15 17
442 380 16 18
432 389 13 15
406 397 11 22
488 432 14 19
507 413 15 22
551 426 16 19
574 426 15 22
581 408 16 18
554 397 14 19
536 388 14 18
550 369 18 20
569 371 16 18
564 386 15 17
596 380 9 21
594 359 15 19
569 351 13 16
581 327 13 19
570 324 10 13
559 333 11 15
571 311 11 16
589 305 13 17
586 280 13 17
581 260 12 14
536 284 12 14
518 349 11 17
533 351 11 16
520 365 14 15
501 361 16 21
496 347 14 15
489 369 10 18
516 399 15 17
479 336 16 21
487 310 11 18
524 306 15 21
478 284 13 16
427 290 14 14
422 249 11 15
337 289 12 18
350 298 12 17
348 265 12 15
545 223 12 16
586 208 11 12
508 540 18 23
503 534 10 11
497 538 10 14
479 519 18 20
464 545 17 17
432 550 16 20
418 541 14 19
436 511 11 16
433 493 15 17
417 520 11 16
394 507 17 21
414 471 12 14
393 468 13 14
408 462 12 12
471 505 15 15
468 496 11 14
524 524 13 19
546 530 16 25
584 531 18 23
601 547 17 23
652 565 17 21
640 539 18 20
624 517 18 20
543 483 18 24
516 502 13 15
506 450 15 23
523 454 10 20
488 473 16 21
584 442 14 22
611 418 14 16
629 427 11 16
646 475 14 19
696 512 13 21
667 509 11 14
680 473 14 18
683 446 15 21
659 455 15 21
669 438 13 16
651 417 12 16
695 417 9 15
684 395 12 17
642 395 14 17
613 398 11 14
610 380 11 14
634 365 12 19
197 101 12 16
708 457 14 19
750 458 16 22
770 490 14 19
785 501 16 20
743 498 15 18
736 491 10 12
744 490 9 13
723 501 13 19
698 490 13 15
716 536 13 17
746 538 13 17
765 539 16 25
700 580 18 21
680 559 16 19
816 548 17 24
866 555 17 22
845 505 17 22
868 498 15 17
822 493 13 18
775 526 15 18
824 519 12 17
811 518 12 17
803 478 12 17
796 459 15 16
786 442 16 18
765 434 16 20
755 426 15 17
744 416 13 17
729 429 11 16
806 412 16 22
868 483 18 14
849 473 14 23
879 462 15 17
872 444 13 19
920 440 16 20
900 444 15 16
901 419 15 18
880 390 17 23
834 387 17 20
861 369 13 19
839 374 13 14
815 360 13 17
780 367 15 18
757 377 14 19
775 395 14 20
838 338 15 19
860 352 12 13
766 347 13 17
754 327 15 19
763 315 17 20
734 323 15 16
722 355 15 14
752 365 13 17
697 380 12 16
662 349 15 17
701 347 14 18
701 338 13 16
678 331 13 15
634 343 15 15
602 334 15 16
612 322 11 13
612 296 15 20
630 289 15 22
653 303 11 18
664 307 9 12
675 306 15 18
697 312 14 15
722 315 12 17
805 348 10 17
817 347 12 19
855 315 12 17
841 310 13 15
863 301 12 16
848 297 11 14
822 308 16 16
824 282 12 18
800 280 12 18
781 290 13 18
748 305 12 16
719 294 13 17
746 275 12 16
758 270 12 19
719 270 13 15
682 276 11 18
666 274 11 16
620 275 13 16
640 280 13 14
602 277 15 18
854 436 13 22
843 432 15 22
899 486 14 24
929 512 16 24
943 521 17 19
914 522 12 18
871 532 22 22
925 568 18 22
949 567 18 22
916 545 18 18
995 529 20 19
908 600 17 19
969 494 14 21
952 485 13 16
967 478 17 18
1005 492 17 19
983 462 13 17
934 468 15 18
984 441 13 15
994 429 13 15
944 438 18 19
945 423 17 18
930 401 15 19
922 391 14 19
942 363 15 20
955 359 14 20
941 347 14 16
907 339 16 19
918 334 12 20
878 332 12 19
917 311 15 18
951 321 11 15
954 316 12 16
931 309 12 19
941 289 12 15
924 286 14 17
904 292 13 16
880 304 16 20
883 296 15 17
877 326 15 17
971 468 9 15
1017 422 7 16
996 383 16 19
990 376 16 14
971 401 13 18
972 375 15 16
1016 354 8 18
1014 325 9 15
1012 298 11 16
974 310 13 14
984 320 15 19
980 290 11 12
972 278 12 12
956 291 12 15
950 275 12 14
961 266 11 12
962 252 12 15
987 262 11 14
1014 265 9 12
989 250 13 14
988 238 12 14
927 267 15 16
949 231 12 16
943 214 14 15
926 232 8 11
901 188 11 13
927 183 12 18
939 182 10 15
954 189 10 15
969 191 11 18
898 231 13 16
902 216 11 12
880 203 13 15
884 187 13 15
864 197 13 15
854 194 13 14
899 287 15 10
878 272 13 13
852 262 15 18
869 249 13 16
904 255 13 14
890 254 13 15
830 236 14 14
831 222 13 14
843 213 13 14
823 197 13 15
798 241 14 16
797 213 12 13
783 212 12 12
785 204 13 11
800 197 11 11
782 183 15 17
770 199 14 18
759 198 10 16
781 229 13 15
794 262 15 20
778 266 9 18
752 250 14 19
768 223 11 17
729 249 12 18
700 242 11 16
699 269 10 13
740 226 14 15
733 199 14 15
746 188 13 16
727 190 11 14
705 195 12 14
734 227 8 14
754 166 14 17
787 163 13 15
784 141 11 14
767 135 13 16
740 126 13 15
712 134 12 15
724 122 11 14
714 108 11 12
692 124 12 14
695 103 10 11
759 116 11 14
777 111 10 15
788 111 12 14
819 119 14 15
802 128 11 14
813 152 13 15
821 165 13 17
812 170 12 14
849 172 10 17
859 174 9 16
880 164 13 18
872 160 11 14
879 151 11 13
877 144 7 10
885 127 8 14
877 123 9 13
858 127 13 14
850 145 9 13
845 160 10 13
837 157 12 15
839 144 11 12
842 124 9 15
845 122 9 12
898 131 12 15
918 144 13 18
929 164 10 13
914 162 10 11
950 154 10 15
963 160 11 17
979 186 9 14
973 178 10 13
968 135 13 16
946 105 11 11
918 131 8 11
900 108 12 14
887 104 13 15
995 557 12 18
988 216 12 17
1005 201 14 16
990 195 11 12
1013 184 11 14
1006 174 9 14
1004 120 12 17
994 156 13 17
983 137 10 14
974 143 10 13
934 109 10 12
927 110 9 11
952 121 7 12
959 122 7 9
957 111 11 13
993 113 14 15
1018 123 5 14
1018 109 6 11
1000 97 8 13
983 100 12 15
982 92 10 12
990 82 12 14
983 80 10 12
977 71 10 12
986 61 11 11
992 70 9 11
979 59 9 10
973 59 9 11
961 53 12 16
946 55 12 16
961 70 13 13
959 88 12 13
940 82 9 12
947 72 9 13
936 72 11 11
929 65 7 10
937 55 9 13
922 82 11 15
911 81 11 12
897 70 12 14
916 63 7 9
891 61 10 8
883 71 9 10
852 85 10 13
863 80 7 9
867 63 7 9
861 51 9 12
850 60 11 14
847 57 9 11
845 75 11 11
839 86 11 18
832 116 9 11
825 109 9 10
799 108 10 12
795 86 11 13
780 91 12 15
772 100 10 10
735 100 8 9
742 88 9 12
728 83 9 12
709 91 10 11
702 80 9 12
711 81 7 9
710 74 7 9
747 70 13 14
767 66 11 12
783 81 9 10
769 86 11 11
779 50 11 15
767 60 9 11
761 51 10 12
746 45 11 10
736 58 7 10
724 46 9 8
742 29 6 9
756 29 9 10
824 85 9 13
831 66 9 13
797 65 9 11
799 49 10 12
815 51 10 13
801 43 11 12
802 39 8 9
824 33 8 9
833 40 11 9
842 47 8 13
848 37 10 11
867 36 11 10
881 33 9 13
863 16 13 12
850 24 7 9
840 22 11 11
835 13 9 12
818 17 10 13
827 20 6 7
799 9 10 13
783 18 11 10
776 25 11 14
781 13 7 9
768 12 10 12
757 17 11 11
735 2 9 11
773 3 9 9
754 0 10 7
767 0 10 7
745 0 7 5
718 3 9 10
711 0 7 5
693 3 7 6
686 2 5 5
699 26 6 8
693 37 8 7
689 43 7 9
700 54 8 8
691 61 11 9
684 73 8 9
679 88 9 9
694 79 7 10
807 16 9 13
818 5 8 11
807 1 8 9
790 0 7 5
836 2 7 7
851 1 7 6
853 9 6 11
865 2 10 11
880 5 10 13
893 3 12 15
906 5 8 13
911 11 8 10
900 20 10 11
916 28 9 13
880 0 11 7
902 0 9 5
991 43 10 12
984 29 13 12
996 32 6 7
1002 36 9 14
977 38 8 7
947 40 6 10
955 39 9 12
966 27 8 9
965 17 9 12
981 18 9 10
1001 20 7 10
1001 14 10 8
993 17 7 10
991 5 10 10
975 7 11 10
958 0 7 8
969 1 9 6
934 0 8 6
942 1 5 5
1001 1 9 7
1017 72 6 16
1018 50 5 13
1015 45 7 10
1018 20 5 9
1019 11 4 7
899 95 12 11
955 136 8 10
941 135 9 10
940 129 7 11
945 120 8 9
1012 149 7 14
692 118 11 11
683 109 10 11
679 161 9 10
747 151 10 11
806 176 7 10
533 4 11 12
589 1 10 12
624 0 10 10
641 0 9 12
611 0 10 5
536 29 9 11
540 19 9 10
481 0 9 11
525 1 6 4
570 0 10 6
349 89 8 9
436 0 9 10
410 26 5 7
415 23 7 11
454 59 11 11
432 58 11 12
402 0 7 4
410 1 7 7
388 0 10 7
380 0 6 7
377 7 6 7
372 0 5 5
346 3 9 9
336 40 9 9
345 34 5 6
414 37 9 9
404 36 7 9
394 42 7 9
344 61 6 7
339 57 7 7
340 52 7 7
336 77 8 9
327 78 5 6
284 31 8 14
262 3 8 9
243 0 9 11
98 11 8 8
69 0 9 6
27 0 10 11
15 1 9 8
1 58 9 14
1 103 7 13
1 121 5 12
51 95 12 13
87 86 8 13
100 87 12 11
265 80 11 18
45 11 11 10
1 88 6 13
62 54 10 12
84 43 10 11
56 49 9 11
617 248 12 17
629 174 15 17
0 495 11 21
111 488 15 22
423 419 13 18
549 467 15 17
637 500 17 16
640 445 13 15
641 220 15 18
655 255 14 16
378 497 15 18
831 260 14 20
822 266 12 13
711 152 6 15
330 170 12 15
238 34 8 16
327 9 10 10
