172 376 18 19
152 398 20 21
136 409 19 23
110 441 20 20
48 433 17 21
77 408 19 21
22 374 17 22
52 394 21 21
82 374 22 24
190 329 15 19
122 393 18 20
56 343 15 16
85 335 16 17
143 364 16 20
17 425 19 20
23 349 19 20
0 324 12 17
291 412 21 23
347 419 19 19
207 389 21 20
270 392 19 20
353 366 16 19
290 325 14 18
344 322 13 18
366 337 15 19
227 376 17 21
261 366 16 18
214 325 14 17
227 327 14 16
269 340 15 18
249 333 18 20
315 344 15 18
308 332 15 18
207 347 18 18
387 365 14 19
324 359 15 20
458 420 17 20
543 411 19 21
416 414 21 22
477 390 19 24
519 410 20 21
578 405 19 22
568 330 18 19
492 338 14 18
424 391 17 21
458 354 17 19
427 326 14 17
433 347 14 19
404 410 18 18
476 334 14 16
536 326 13 17
406 311 12 14
444 324 15 16
548 353 14 15
554 312 13 16
693 330 17 18
663 319 16 17
656 392 17 22
627 358 17 20
653 354 17 19
511 368 14 15
587 380 16 21
614 398 17 23
631 408 18 24
552 392 19 24
764 426 19 25
777 403 19 23
692 426 18 17
718 409 21 24
703 355 17 20
761 373 18 21
817 369 16 20
728 355 16 17
767 319 15 17
792 391 17 22
762 344 15 21
808 324 18 21
643 336 16 16
976 410 21 28
879 411 22 25
912 387 18 21
835 421 18 22
840 402 17 21
891 364 17 20
839 370 17 22
954 357 15 16
851 342 15 18
1009 320 14 18
1007 400 16 22
997 371 18 21
967 355 15 18
930 334 14 16
918 346 15 17
920 313 14 17
879 338 17 18
62 363 16 20
139 313 15 18
120 297 12 16
94 302 15 18
44 291 13 16
248 303 17 17
305 315 12 16
266 312 17 19
286 307 11 13
288 294 9 12
234 285 11 13
181 314 10 13
212 300 12 14
202 284 12 14
176 291 9 13
385 295 14 14
411 292 14 15
421 314 14 16
321 292 10 14
476 311 12 15
458 304 11 12
517 314 13 15
594 317 14 16
495 303 13 14
537 289 11 14
522 290 11 12
507 339 13 15
522 339 13 17
374 265 14 15
338 269 12 13
795 310 12 16
920 299 15 18
844 308 14 16
659 307 17 18
1008 186 11 11
690 317 13 15
737 311 11 11
743 345 14 16
865 322 13 16
861 382 21 27
53 316 12 14
154 326 18 19
105 352 18 20
124 346 15 19
953 374 14 19
314 393 20 25
440 381 16 23
412 369 14 18
787 355 18 22
0 374 14 24
188 366 20 26
