58 132 26 31
110 171 14 18
198 172 27 31
186 120 27 30
285 138 26 31
329 137 24 26
192 320 34 39
296 312 34 38
316 235 33 35
369 247 24 28
363 142 29 30
408 133 19 26
485 136 22 29
413 231 23 30
441 238 26 34
470 322 37 41
566 145 23 26
612 127 23 29
636 135 17 28
671 147 22 23
500 239 25 26
486 218 23 28
547 237 29 34
571 216 24 32
599 220 28 34
652 235 29 38
697 227 26 35
704 150 24 29
684 335 32 35
780 328 30 37
735 242 29 33
784 237 26 27
819 218 27 32
939 154 20 24
845 146 28 28
821 141 26 27
776 149 23 28
794 137 18 20
727 130 25 28
725 194 11 16
