240 460 9 11
278 473 11 13
291 473 10 11
203 437 9 8
178 418 8 10
153 419 8 9
94 423 9 12
133 420 8 10
211 427 9 11
239 451 11 13
196 456 10 12
153 438 9 11
236 425 11 13
250 425 10 14
264 426 9 10
253 413 10 11
281 425 8 8
354 454 8 12
327 453 9 10
310 457 8 10
285 457 9 11
381 455 7 9
346 438 9 11
363 445 9 11
396 438 9 12
408 475 12 14
409 463 9 11
388 486 8 10
422 452 9 11
412 435 7 8
419 429 8 8
426 421 7 12
438 430 8 11
446 483 10 12
461 427 8 11
452 431 7 9
484 468 8 11
478 447 9 11
496 439 8 9
479 429 7 10
495 423 9 11
532 428 10 12
547 421 9 9
561 430 7 10
529 451 9 12
497 408 7 9
601 413 8 10
611 406 7 9
623 430 8 12
632 459 8 9
643 457 9 12
656 461 10 11
654 476 8 10
672 469 8 12
693 454 8 12
703 468 8 10
645 427 8 11
671 417 6 7
684 415 8 11
708 427 7 9
720 452 9 12
669 443 7 9
667 401 8 10
681 402 8 9
634 412 6 9
725 433 8 11
707 399 7 10
631 546 13 17
745 427 7 9
766 436 7 9
759 479 10 12
737 481 9 10
775 458 8 10
795 464 9 13
799 457 10 11
823 450 8 11
810 426 8 9
781 427 7 11
831 424 8 10
825 408 7 10
785 409 6 8
809 407 7 10
845 430 8 11
860 418 7 9
817 398 7 9
837 417 7 10
134 619 18 20
130 579 16 21
215 593 16 21
191 571 14 21
131 558 15 17
201 654 21 23
295 654 21 22
283 607 16 20
363 598 16 21
346 563 14 19
380 560 13 18
302 556 13 17
285 580 12 16
236 550 12 16
197 542 13 15
213 519 12 15
249 534 13 17
290 539 12 14
297 523 11 14
336 543 14 17
240 508 13 14
203 496 11 14
185 502 11 13
145 511 12 15
147 495 11 15
375 545 15 19
416 552 15 16
464 559 14 16
505 557 16 19
470 531 11 15
433 501 11 15
538 553 16 15
536 518 11 14
548 488 8 10
572 487 10 12
579 492 11 14
597 501 12 15
606 487 9 12
577 518 10 14
594 547 12 14
598 531 11 15
639 572 16 15
719 516 12 16
768 531 13 17
758 556 12 18
777 560 12 15
738 491 11 13
683 491 9 11
810 516 13 14
821 547 12 18
783 586 16 18
840 587 16 18
850 565 16 19
861 542 12 16
887 584 16 19
857 630 16 17
905 567 15 20
908 528 16 16
910 495 11 15
829 503 12 12
801 483 11 13
787 494 10 15
780 474 12 14
829 470 9 13
841 466 7 10
887 461 9 11
915 480 9 11
902 460 8 10
931 498 8 16
116 498 12 13
149 479 9 13
102 488 12 13
124 468 11 12
113 452 8 10
160 438 8 11
177 442 8 11
204 444 9 12
216 464 10 10
795 434 7 7
846 448 9 10
873 440 9 12
875 425 8 10
897 415 7 9
915 458 8 9
915 444 7 9
919 437 9 9
927 421 8 9
871 405 7 10
911 413 7 9
855 474 10 11
158 400 7 10
135 401 7 10
287 388 9 8
307 401 8 9
331 423 6 9
327 415 6 8
212 403 6 7
214 409 7 9
250 380 5 6
196 378 7 7
263 398 5 6
273 395 6 9
272 384 7 7
221 401 6 8
174 402 7 8
125 398 6 7
131 393 6 7
252 480 8 12
282 436 7 11
270 408 9 10
251 397 9 10
285 400 9 10
351 410 6 9
359 402 7 9
369 401 7 8
315 398 6 9
401 412 8 8
394 399 7 9
405 394 6 9
361 393 6 7
381 429 7 9
420 405 8 9
418 384 6 8
395 387 7 9
450 411 7 10
462 412 6 8
474 422 7 9
518 419 7 9
523 411 6 8
550 373 6 9
590 373 6 7
812 459 8 14
750 520 11 12
781 532 10 14
742 409 9 12
832 399 10 13
825 389 10 11
356 669 21 22
468 657 21 23
543 652 17 21
753 638 18 16
645 593 17 22
637 394 10 12
890 509 10 13
883 488 8 12
892 480 8 11
807 571 13 11
391 507 10 12
522 488 9 10
500 494 11 12
507 468 9 10
499 452 8 11
570 451 8 10
578 461 7 10
544 469 9 11
314 494 12 13
281 515 12 15
381 473 8 10
388 463 6 12
339 513 10 14
353 501 10 13
444 522 15 17
869 605 18 22
