955 434 23 27
942 477 24 28
885 389 20 25
910 585 31 34
861 550 29 32
800 522 25 34
722 452 24 29
691 433 23 30
650 384 20 28
852 644 31 37
754 566 31 41
717 554 30 34
708 520 27 34
564 444 22 26
531 495 25 28
510 464 23 26
470 419 23 27
495 387 19 22
467 374 19 22
397 381 20 23
368 424 21 25
382 456 25 27
431 472 25 27
421 506 27 30
526 535 23 30
338 501 23 27
318 444 24 23
318 381 21 25
254 399 20 24
164 414 24 26
158 457 24 21
110 480 26 26
202 478 26 29
280 466 25 29
275 530 27 33
245 498 27 32
174 552 30 30
348 541 29 31
397 544 29 31
814 702 39 44
853 781 38 45
737 746 39 47
679 683 34 40
711 642 29 36
613 643 32 36
517 703 32 36
600 732 34 43
570 798 38 47
705 837 42 49
806 889 40 60
687 919 46 57
562 900 38 48
490 842 39 49
326 580 27 33
304 618 28 36
241 626 35 41
236 576 30 37
162 612 32 32
158 702 36 37
238 761 38 44
400 755 31 35
412 706 29 30
374 640 32 41
450 769 37 48
829 990 49 62
673 1069 45 63
508 1003 49 63
435 952 43 59
316 981 48 56
226 906 43 51
181 1064 51 68
366 886 41 44
330 800 36 45
869 847 37 52
931 524 29 32
563 557 20 26
487 638 32 42
441 588 29 37
284 697 34 42
156 488 30 33
568 402 16 21
