351 297 9 11
342 299 8 11
322 294 11 8
323 280 8 8
312 292 8 9
232 312 15 19
235 327 14 15
254 307 10 16
246 291 11 14
270 292 11 16
280 302 9 12
294 291 9 12
200 305 20 25
188 312 11 19
166 330 27 19
142 320 23 26
102 353 19 31
72 347 26 33
34 358 26 38
656 311 14 17
659 296 9 8
672 286 8 9
634 294 7 10
588 290 12 16
515 281 9 10
549 293 6 9
794 305 10 15
782 310 11 14
770 302 7 11
752 302 10 11
738 296 6 11
958 361 29 34
935 397 16 18
885 355 16 16
869 336 23 24
818 328 16 18
808 315 9 19
745 298 8 11
