32 155 14 18
74 139 11 13
113 139 13 16
118 108 12 17
146 134 14 19
159 118 13 19
185 128 13 17
75 167 15 21
95 183 13 19
126 169 12 15
161 181 14 15
136 202 16 19
173 155 14 14
189 194 13 18
174 219 15 21
195 284 14 16
149 252 15 18
235 246 14 18
240 290 14 17
221 316 15 17
251 330 18 21
281 352 19 26
329 361 16 22
350 328 16 23
313 298 16 20
361 299 17 19
224 222 13 14
223 193 14 15
272 233 16 18
287 195 15 20
314 208 16 21
340 222 15 20
366 240 14 21
300 261 16 20
280 287 16 21
389 361 17 25
439 388 17 19
448 335 17 22
499 348 17 22
575 364 15 18
591 318 17 23
158 80 13 18
220 104 13 17
213 138 14 19
241 125 13 17
249 86 12 14
273 96 13 18
308 96 12 15
292 120 13 19
259 143 15 17
314 138 16 17
211 163 14 18
262 170 16 18
310 175 13 18
320 156 14 20
350 161 15 22
392 266 16 18
450 247 17 22
418 304 17 22
482 304 17 23
487 244 15 20
374 197 15 18
390 227 15 17
426 204 12 14
429 226 16 21
461 207 15 19
444 190 12 16
479 187 14 19
509 269 17 21
539 294 17 22
292 46 12 18
348 55 11 15
395 55 10 15
324 103 13 16
357 93 11 16
411 87 13 15
351 119 13 18
364 149 12 17
413 132 13 20
402 110 11 19
398 168 13 20
442 114 12 18
455 162 14 15
445 47 12 17
521 47 12 16
515 69 12 17
472 84 12 18
494 96 12 17
543 102 11 12
490 124 13 20
500 161 13 19
545 156 11 12
538 173 15 22
586 150 14 20
558 130 11 15
610 132 13 20
514 217 14 18
592 195 13 17
560 223 16 21
582 258 13 16
615 216 15 19
666 199 14 19
636 168 14 14
645 259 14 18
592 278 15 21
635 301 16 20
681 289 18 25
731 301 17 21
777 291 16 20
795 312 15 20
762 349 16 20
731 338 16 19
696 349 17 23
678 324 18 20
635 345 19 25
621 392 17 19
696 403 16 22
816 382 16 19
863 425 18 24
702 241 16 17
723 273 15 19
758 236 16 18
791 255 15 24
552 63 12 16
580 88 12 16
597 103 11 16
636 85 12 16
643 61 11 17
659 112 12 18
672 143 13 17
698 170 13 18
701 200 13 18
741 184 13 20
709 103 12 16
748 127 15 18
819 120 14 17
819 162 15 16
799 194 14 18
722 225 15 20
919 407 19 22
946 362 18 26
924 318 17 23
879 354 17 23
855 316 16 23
831 252 14 18
844 287 17 21
883 245 15 19
909 281 19 20
912 139 14 15
925 214 16 21
862 198 14 21
