355 78 18 26
441 63 19 24
510 76 21 26
546 106 18 23
581 109 20 26
614 74 18 24
543 176 23 27
586 189 16 23
509 125 20 22
464 106 20 29
472 181 20 23
437 133 18 24
402 117 20 25
383 182 20 26
332 219 23 29
324 105 23 31
275 77 19 25
244 109 22 26
239 179 20 27
179 106 23 28
179 62 22 25
85 101 29 28
81 160 25 29
143 184 21 26
753 68 23 29
814 98 22 30
881 126 22 26
922 141 22 25
847 182 21 26
845 224 19 22
903 260 21 21
778 246 22 24
746 185 22 22
696 124 19 22
645 131 18 22
647 179 18 22
701 179 17 22
684 75 18 21
