136 61 18 21
164 107 21 29
195 130 21 25
128 123 22 25
146 111 18 25
103 119 20 28
197 99 17 22
216 104 21 28
222 66 18 23
260 62 20 27
267 109 21 25
252 127 20 29
289 102 20 28
306 105 26 30
332 48 21 27
356 90 23 31
396 104 26 34
435 104 23 34
472 101 23 31
482 39 19 28
459 23 17 27
412 20 18 24
407 51 20 27
523 103 23 33
548 117 24 32
596 127 20 30
605 100 22 24
578 52 23 28
516 18 20 25
582 23 18 25
637 24 18 27
661 57 20 26
706 21 19 27
775 32 22 24
794 77 19 23
799 126 25 34
760 124 23 32
722 112 23 25
693 124 24 34
725 138 23 31
651 128 24 31
850 30 20 27
876 55 19 30
835 109 22 30
851 129 26 31
897 131 21 31
920 127 23 33
944 74 22 23
883 207 24 34
897 320 34 44
791 206 26 36
750 303 33 48
694 247 27 40
699 186 28 42
632 315 34 43
587 245 29 42
610 207 25 30
531 321 33 44
492 247 30 39
532 205 29 38
452 197 26 37
401 313 32 41
379 235 31 41
376 215 20 24
314 202 25 32
288 255 28 41
271 301 33 46
177 299 28 37
230 196 24 35
166 248 30 41
159 187 27 35
71 237 29 38
81 304 29 37
