53 152 6 9
65 133 7 7
108 133 6 9
139 146 15 17
139 161 15 19
74 172 5 5
212 173 5 6
227 173 4 5
248 137 4 7
264 124 6 8
265 139 5 7
281 135 4 6
293 138 5 7
302 133 5 8
331 131 5 8
327 135 5 6
344 141 5 6
340 165 12 15
287 156 18 24
306 170 15 21
259 179 5 7
352 132 7 8
370 141 5 7
374 136 4 8
383 137 4 5
412 138 15 20
436 153 19 26
433 137 5 7
446 140 4 6
456 141 4 4
471 138 5 6
489 137 8 8
502 142 8 9
480 152 16 23
566 196 18 21
599 150 17 26
583 153 17 23
567 143 8 13
604 136 7 10
639 138 7 11
660 139 7 11
675 144 3 3
686 144 3 4
686 226 10 10
695 206 9 14
767 175 20 32
807 182 8 10
797 220 8 12
846 130 9 13
869 140 7 8
890 135 6 13
927 205 25 33
1016 166 5 7
17 133 7 11
