243 24 18 25
266 26 21 30
333 33 20 29
361 57 18 27
376 60 22 32
399 29 21 25
313 61 21 31
274 90 27 34
220 100 25 31
300 106 26 35
358 92 22 32
409 99 25 31
426 58 21 31
461 97 23 33
475 32 20 26
501 43 22 27
531 22 18 27
568 28 20 29
608 47 21 28
590 77 23 33
509 66 25 28
517 106 26 28
488 135 25 34
572 119 28 37
614 122 24 32
643 26 21 23
656 141 28 37
673 29 20 26
736 18 20 25
751 42 23 24
825 26 21 26
829 58 23 32
833 95 25 29
776 84 22 30
728 74 21 27
703 72 23 27
716 105 24 31
753 121 26 36
827 127 30 37
919 153 26 36
810 184 33 36
801 183 18 22
753 212 31 48
650 197 33 40
732 164 30 43
615 172 29 38
549 224 31 44
528 168 31 43
448 200 33 42
421 170 30 38
353 160 26 28
399 133 27 32
348 223 33 43
315 183 30 41
209 146 28 31
210 184 29 38
262 246 36 45
171 246 31 41
134 181 26 33
172 124 28 30
64 185 32 45
