215 451 33 33
162 417 34 37
103 432 40 40
90 372 32 35
12 371 32 32
121 375 27 32
170 360 28 34
226 376 31 39
242 359 29 34
262 381 29 33
404 407 32 44
364 396 28 32
312 383 33 37
443 379 26 29
492 404 31 35
425 354 29 29
373 355 26 29
486 358 29 32
575 402 30 34
509 358 19 26
532 374 25 30
560 368 26 25
593 382 30 33
602 398 29 30
608 368 25 28
648 376 25 31
658 354 23 27
794 449 30 32
707 439 34 35
711 369 32 36
773 397 29 31
850 400 35 39
814 383 27 33
780 371 28 33
827 358 26 31
984 356 36 38
948 341 30 33
933 400 33 36
885 371 29 30
334 388 17 26
