93 373 32 41
211 294 34 47
213 420 44 52
337 414 39 50
341 368 29 32
428 361 26 33
322 302 36 50
278 290 24 32
515 539 32 27
622 480 36 38
691 462 32 30
828 386 13 13
839 388 8 12
856 420 10 13
915 462 12 11
926 458 7 11
930 447 11 15
947 388 11 21
919 405 5 10
22 212 23 22
0 142 8 28
0 108 8 15
42 118 15 16
159 222 14 21
213 229 17 20
154 160 9 13
216 165 9 13
235 180 11 13
261 189 10 13
263 183 9 11
176 174 10 12
389 240 13 15
418 214 19 19
436 213 15 23
390 168 12 16
360 204 7 12
291 199 11 13
303 202 5 9
333 206 7 12
320 198 9 12
344 230 6 10
476 259 8 13
496 278 6 11
507 251 5 7
526 264 7 10
521 254 5 6
524 281 8 11
535 284 7 10
547 282 8 11
564 281 7 10
563 268 5 5
580 271 4 5
570 255 4 4
573 301 11 12
586 294 7 10
493 304 11 15
480 297 7 12
514 297 11 16
558 308 12 14
570 326 14 20
612 323 11 20
717 349 10 13
697 344 12 11
712 327 5 7
743 362 13 18
749 337 7 8
727 370 8 12
687 291 21 26
630 325 8 10
617 298 6 9
626 301 8 11
623 290 5 7
698 322 5 8
517 267 7 9
488 259 6 9
617 263 5 5
631 269 3 5
631 284 5 5
652 278 3 5
897 390 4 5
886 389 6 8
