997 226 22 29
954 242 30 32
974 196 23 29
958 178 17 19
1013 195 11 30
946 198 24 30
904 238 27 31
824 224 32 34
856 209 22 28
836 184 19 25
856 184 18 25
842 153 21 23
803 192 22 32
767 186 21 25
758 159 20 23
767 231 23 28
790 291 33 43
680 290 35 37
720 232 25 35
686 209 25 28
5 247 26 30
706 160 19 23
687 158 21 23
743 187 17 23
157 194 27 31
135 226 22 33
103 224 23 27
68 175 22 27
88 202 19 24
40 191 26 33
48 248 28 32
890 182 22 24
916 188 20 23
632 234 27 30
633 202 23 24
633 177 19 23
599 289 34 42
603 211 24 30
605 191 19 22
584 181 18 23
553 182 26 27
563 226 25 30
534 223 22 27
500 221 25 30
508 201 15 24
532 195 21 25
505 189 19 23
480 211 21 27
456 203 17 27
485 261 27 34
518 343 32 34
448 259 28 33
428 202 23 28
452 182 18 19
402 205 17 25
381 226 26 31
419 242 22 22
399 268 26 34
351 265 25 33
1 204 22 25
54 426 33 35
110 367 28 36
672 177 24 28
358 214 22 31
327 231 20 25
306 249 27 35
352 333 29 36
421 347 31 36
335 184 21 21
409 189 17 21
305 177 22 23
289 206 20 25
248 247 23 30
265 322 31 38
175 332 32 37
208 242 27 30
241 185 18 24
264 214 21 27
277 187 23 24
219 187 17 20
196 187 21 25
184 219 17 20
221 219 22 27
163 239 21 28
339 208 17 26
