502 318 27 34
597 315 27 34
664 323 27 34
764 316 27 37
742 291 25 35
729 265 19 27
771 259 21 30
772 230 21 27
757 208 19 20
786 198 15 23
727 212 19 26
727 197 17 18
697 197 16 23
697 243 16 23
701 228 16 20
670 254 20 29
661 239 16 21
645 207 17 23
633 232 22 26
625 262 16 27
679 296 22 27
612 284 20 24
590 250 17 23
611 228 18 25
587 217 16 20
594 197 15 17
561 193 16 20
556 218 17 24
554 251 23 29
534 278 21 31
524 249 18 27
520 210 17 25
499 222 20 25
491 254 20 27
450 279 25 29
433 332 25 35
416 252 23 28
339 341 23 30
376 315 26 34
369 276 23 25
367 247 21 26
393 244 20 26
406 203 15 23
433 213 20 26
454 200 16 21
463 229 17 24
370 212 17 23
350 186 18 23
328 233 19 22
313 250 22 26
330 273 20 28
314 304 25 32
302 279 20 26
278 268 23 32
262 277 16 29
242 284 23 27
216 273 25 34
213 250 20 25
241 217 17 27
264 236 21 30
280 214 19 23
302 207 19 24
266 189 19 26
273 329 27 34
251 320 24 25
213 328 23 37
177 308 27 32
163 272 20 28
182 257 22 28
129 299 27 31
121 349 27 38
70 325 27 38
43 329 25 35
403 179 16 19
454 169 20 21
481 163 13 20
511 174 16 22
534 164 13 20
581 167 13 18
617 168 16 22
654 182 16 22
678 156 13 21
701 163 17 22
726 155 16 19
763 154 15 22
711 141 13 16
304 141 17 20
336 156 14 19
351 170 18 19
383 143 16 20
377 144 11 14
362 128 13 15
348 133 13 16
335 136 13 17
334 119 11 13
349 112 12 14
374 120 11 13
377 105 11 14
370 97 9 12
395 83 9 11
390 110 13 16
409 108 10 14
415 97 10 11
426 107 12 17
444 124 14 18
454 145 14 18
432 149 13 16
414 126 15 17
435 68 9 12
448 86 9 12
455 105 11 14
445 108 8 11
437 105 7 9
463 70 9 11
483 101 9 12
466 97 9 11
486 78 9 13
498 91 9 12
504 65 9 11
522 77 9 11
518 93 9 13
530 87 9 11
537 73 9 10
553 79 9 12
557 140 13 19
537 132 12 19
540 115 11 14
551 105 11 14
475 141 11 15
595 149 13 18
635 155 13 18
661 149 13 16
624 128 11 15
607 123 11 15
582 136 13 17
571 121 13 16
586 107 9 15
582 94 9 11
572 86 9 12
551 93 9 11
565 104 10 13
518 126 10 13
515 114 9 9
503 107 9 9
497 130 11 16
510 144 15 22
503 120 9 14
487 123 9 13
467 118 14 18
310 190 14 16
597 83 7 10
610 74 7 10
633 66 8 9
633 91 7 11
622 111 10 14
610 103 10 13
623 103 6 9
636 110 11 15
655 115 13 18
677 132 11 18
679 111 12 18
669 108 10 15
668 95 11 12
650 103 10 13
695 107 10 14
710 99 10 14
717 123 11 15
748 121 12 16
779 138 15 16
785 164 11 17
843 174 18 23
852 200 17 22
862 236 19 26
907 255 22 31
805 243 20 23
832 284 24 32
896 303 23 28
939 338 26 31
847 323 27 31
798 171 17 19
