991 261 7 13
974 241 9 11
968 261 9 10
954 269 8 10
950 248 8 10
949 229 7 10
946 220 7 8
942 208 8 9
930 195 8 9
928 215 7 9
923 213 7 7
930 234 8 8
924 245 9 10
932 260 9 10
919 261 7 9
903 247 8 9
911 233 8 10
904 215 7 9
896 226 8 8
885 216 8 10
906 199 8 10
913 196 6 9
890 187 8 9
881 196 8 10
865 186 8 9
859 208 8 8
866 216 7 9
878 233 8 10
869 245 8 10
884 249 7 8
897 260 9 9
875 264 8 9
854 259 8 9
845 239 8 10
853 225 7 11
849 213 8 7
839 205 7 10
845 190 7 9
819 188 8 9
819 203 8 9
829 212 8 10
828 226 8 11
821 240 9 11
807 227 8 9
806 206 8 11
792 197 8 9
799 183 7 9
785 212 8 9
786 229 7 8
803 241 7 9
816 257 7 11
834 263 8 9
787 257 9 10
776 260 9 9
777 243 7 8
764 230 8 8
766 215 7 9
766 195 7 10
773 184 7 10
747 186 8 9
740 197 7 9
742 211 8 9
751 230 8 10
744 240 9 10
754 257 9 10
733 259 9 11
707 254 8 10
717 239 10 9
726 229 8 10
718 210 8 10
710 198 8 10
694 206 9 10
695 190 7 10
720 185 9 8
681 196 9 9
670 212 9 8
673 227 8 10
699 229 8 8
682 255 8 11
684 241 8 9
661 244 9 10
655 257 9 10
631 264 9 9
634 242 8 10
630 229 6 8
655 223 8 10
646 213 8 9
654 197 9 10
631 203 8 8
636 186 8 8
668 188 7 10
622 184 7 9
621 208 8 9
608 239 9 9
606 193 7 9
597 187 8 8
600 209 7 9
607 225 8 9
586 240 9 10
583 253 7 10
598 263 7 9
549 255 8 8
553 240 9 10
567 225 8 10
585 220 7 9
577 207 7 10
569 194 9 9
575 180 8 9
553 180 8 8
554 207 8 10
545 226 8 9
535 245 9 10
521 236 8 9
522 252 7 11
524 220 7 9
539 207 8 10
529 191 8 10
532 179 7 8
509 178 7 9
502 192 7 10
514 202 9 10
504 224 7 9
503 239 7 10
490 248 8 9
476 243 9 9
464 251 9 9
452 240 8 10
454 223 9 10
480 219 8 9
490 204 8 10
474 193 8 9
483 178 7 9
454 184 8 8
461 203 8 11
433 208 8 9
438 194 8 9
431 240 7 9
434 257 7 9
421 180 8 9
397 192 7 10
397 184 7 8
407 211 7 10
425 223 8 10
408 236 8 10
407 257 9 9
385 260 9 9
384 240 8 10
379 219 8 9
377 205 8 10
369 196 6 9
374 190 7 8
348 182 8 9
333 205 8 9
357 206 8 9
334 197 8 8
323 184 7 9
323 220 7 9
352 222 9 9
362 239 9 9
368 258 8 10
336 259 8 10
341 243 8 9
316 243 8 9
317 258 9 10
297 239 9 9
292 251 9 10
301 223 7 9
311 214 7 10
307 197 7 7
299 191 7 8
285 193 7 8
276 187 8 9
263 207 7 8
276 222 8 10
286 214 8 9
267 197 7 8
276 241 8 9
267 256 8 10
249 252 9 9
251 222 8 10
256 188 8 8
230 188 6 8
242 197 7 8
235 206 7 8
214 197 8 8
210 213 8 8
235 226 8 8
241 237 7 9
231 252 9 10
222 242 8 9
213 231 8 9
197 222 8 10
188 216 8 10
197 205 6 8
182 204 7 8
188 186 7 8
210 185 6 9
163 203 6 8
174 188 8 8
170 213 7 8
176 223 7 9
183 244 7 8
206 244 8 9
211 258 8 11
187 256 9 10
160 251 7 10
168 241 7 9
152 219 9 10
145 215 8 9
135 199 7 9
147 188 7 8
119 179 7 10
126 213 7 9
135 225 7 8
119 223 8 8
106 214 8 9
105 198 7 9
98 224 7 9
80 215 7 9
76 228 7 8
72 239 7 9
83 256 7 9
98 241 7 9
113 251 8 10
128 245 7 9
136 257 7 9
150 241 7 10
118 243 6 9
60 254 9 10
51 239 8 9
57 225 8 9
40 247 8 10
400 225 9 11
