172 185 19 20
216 177 24 25
301 148 18 24
355 155 20 26
434 114 18 24
417 155 18 21
389 163 19 24
451 160 20 26
494 158 17 21
403 192 21 25
363 196 19 27
323 178 18 24
484 198 19 24
241 208 20 25
308 214 19 27
254 257 23 30
321 262 22 27
157 233 22 24
149 307 23 28
215 312 23 31
322 317 23 31
379 236 20 25
416 229 20 21
511 207 19 27
547 190 18 28
441 253 22 27
376 289 21 24
457 281 21 27
512 266 18 27
487 321 23 28
534 309 21 26
529 155 19 22
613 199 22 26
623 150 19 24
579 223 21 30
560 284 21 29
586 274 18 24
629 285 22 29
640 239 19 31
567 326 19 25
600 314 20 27
641 318 22 28
685 307 19 27
707 326 21 29
685 240 19 26
725 256 21 28
761 287 22 27
790 315 19 25
818 320 25 33
876 297 23 31
747 221 18 26
796 163 17 25
721 182 21 27
387 329 24 29
