1005 407 19 44
969 347 31 35
957 442 40 46
943 404 31 39
907 383 32 35
918 354 27 31
873 361 31 31
861 441 35 43
902 419 35 45
848 399 35 42
803 401 36 43
790 373 30 36
794 340 28 31
741 351 28 35
763 401 34 41
712 440 36 41
697 400 33 38
671 432 35 49
652 386 34 43
611 349 30 39
609 391 33 42
576 414 36 47
533 447 37 42
487 412 32 39
535 377 32 37
569 381 26 33
500 383 28 37
440 423 34 44
452 385 26 35
463 358 28 38
421 363 28 38
392 413 34 40
347 426 39 42
360 386 31 40
326 365 30 33
303 409 33 42
287 371 35 39
243 346 28 30
251 378 22 37
227 387 32 32
209 420 34 41
162 431 38 44
203 349 30 30
164 380 30 37
124 406 32 41
119 351 32 33
80 409 33 37
74 466 36 37
23 394 38 42
51 350 32 39
0 438 19 48
0 388 25 32
265 436 38 41
