65 228 32 37
97 210 24 31
147 226 26 31
214 220 22 31
237 242 22 29
259 225 21 33
296 210 19 28
75 320 30 36
178 301 30 45
289 305 27 33
310 238 23 30
344 232 19 27
376 226 25 29
429 229 20 27
464 244 23 30
489 223 22 26
530 234 23 23
447 302 26 40
372 316 23 31
537 320 25 25
610 306 25 32
562 233 25 33
612 216 20 24
636 248 24 25
671 236 20 25
693 258 23 27
733 234 20 28
754 248 21 27
803 228 24 30
833 252 27 32
780 324 27 31
687 320 25 33
855 230 22 27
874 241 27 31
912 255 27 36
958 246 28 35
870 350 27 32
