37 205 22 26
54 204 17 28
100 203 20 27
132 225 21 24
169 196 18 23
200 212 21 27
253 181 14 21
266 199 19 20
291 197 15 24
303 184 14 20
345 205 18 26
349 177 16 22
361 196 17 25
384 193 16 20
405 211 17 25
428 214 19 22
434 198 16 21
452 196 13 17
464 220 19 26
477 199 15 20
492 206 17 24
508 184 15 22
531 200 16 21
519 227 17 24
549 209 18 25
563 236 17 23
578 190 16 19
607 206 16 24
627 193 15 20
646 207 17 26
664 203 15 22
695 229 14 21
693 186 15 21
734 203 17 24
745 179 15 19
755 202 15 20
783 212 16 23
819 192 16 21
820 220 15 20
882 193 16 19
891 222 16 18
940 193 17 23
975 224 17 19
