68 208 45 58
75 146 44 51
177 167 42 48
222 151 33 52
260 188 40 53
200 234 44 51
333 143 41 49
313 199 40 42
355 208 41 53
392 181 36 49
462 135 34 43
485 148 43 55
553 150 37 44
540 168 15 21
549 214 41 52
500 263 41 53
417 255 41 50
317 342 47 62
450 417 40 46
611 196 37 50
654 222 35 49
707 272 38 53
800 295 45 54
863 288 46 54
847 187 36 52
770 204 42 53
705 188 43 46
687 135 35 42
639 153 36 48
753 143 37 45
726 147 35 40
849 140 32 33
834 152 17 21
917 180 44 46
944 149 19 25
610 173 16 20
