124 303 22 26
156 290 22 27
196 285 21 26
219 272 23 25
244 295 23 27
275 275 19 26
304 282 19 25
320 276 15 23
347 286 19 21
367 288 18 22
395 277 19 25
424 282 15 20
424 305 20 24
446 288 18 25
456 263 20 24
475 269 19 24
497 271 17 25
478 307 17 26
522 286 20 28
526 271 17 22
543 280 18 25
558 286 21 25
583 290 22 27
606 264 20 23
617 302 19 22
643 276 17 24
657 277 20 25
690 272 19 23
709 296 18 26
731 276 19 28
747 287 16 25
763 288 19 27
798 289 21 26
818 279 19 22
825 294 17 25
836 305 19 27
859 293 21 26
881 308 21 27
891 269 23 30
928 316 21 29
