17 71 16 20
56 83 13 20
86 75 15 21
76 51 13 16
109 43 17 20
136 53 15 18
148 75 15 17
152 114 15 16
140 125 16 23
100 97 16 24
83 126 17 23
43 118 16 16
24 132 17 22
27 109 15 18
191 123 15 15
180 138 15 21
224 126 17 23
250 110 16 20
268 144 16 20
280 122 15 18
237 78 19 19
198 66 15 23
187 34 16 21
232 37 13 19
269 53 14 19
286 63 17 22
295 37 15 19
338 52 13 17
349 67 16 20
360 98 16 28
321 112 18 21
319 139 17 23
364 149 16 23
391 149 16 22
356 202 17 25
410 204 19 24
474 203 20 25
533 204 18 24
500 136 20 25
468 157 17 23
444 143 16 19
420 134 18 22
434 112 16 23
391 114 15 20
390 74 16 22
422 63 13 20
447 88 15 20
422 35 16 23
367 32 15 21
469 38 16 22
506 35 16 19
516 56 15 19
542 46 14 17
535 81 15 17
530 112 16 20
553 101 12 22
497 81 16 24
476 63 14 20
557 53 11 19
562 158 13 23
848 140 18 23
890 153 16 17
870 131 16 17
932 158 15 20
972 148 17 21
1012 151 12 24
971 114 17 23
956 84 15 17
989 67 16 20
1006 44 13 18
967 41 13 15
924 43 16 19
895 59 13 16
909 84 16 19
912 101 15 20
875 83 12 18
823 70 14 20
844 52 14 17
792 31 17 21
771 54 15 18
782 68 16 22
785 111 17 22
815 115 16 23
777 130 16 24
736 71 17 22
740 47 16 18
711 41 16 19
686 37 15 21
703 69 15 19
733 113 16 24
692 122 17 22
700 159 17 22
647 153 17 22
612 148 17 22
621 101 16 25
597 65 16 25
610 45 15 19
586 45 14 21
578 112 12 22
586 203 20 25
645 35 15 21
664 61 14 21
652 79 14 19
749 154 16 16
34 41 15 20
0 106 8 19
478 123 17 18
