173 365 12 15
153 338 13 15
170 326 10 12
178 319 8 13
178 302 12 15
194 311 10 12
161 300 12 11
152 322 11 11
143 293 12 12
129 318 12 12
130 302 11 14
107 321 13 15
121 341 14 16
78 314 12 15
61 327 13 14
45 324 13 15
174 441 13 17
397 400 7 9
380 390 10 14
424 283 10 8
416 294 9 8
424 310 8 10
413 315 10 10
418 332 10 12
385 296 9 11
404 286 9 10
374 299 8 9
356 301 8 10
347 288 8 10
344 305 10 11
359 334 11 14
385 333 10 14
337 330 12 12
504 285 8 11
472 315 9 9
458 317 8 9
477 333 12 14
510 331 13 14
455 386 11 13
444 415 12 12
415 407 12 16
414 389 10 11
432 385 9 13
401 378 11 14
514 249 10 11
315 335 12 13
342 391 9 11
356 434 12 14
291 438 14 16
307 408 15 16
300 381 12 14
285 349 9 13
298 303 9 9
327 303 9 9
280 305 12 14
263 303 10 13
271 297 7 8
255 319 11 16
246 301 10 10
229 308 10 11
222 325 11 14
252 360 13 15
250 384 13 15
250 436 12 15
214 445 10 11
328 455 10 13
316 307 9 11
192 335 12 15
208 294 9 11
974 324 10 10
951 313 10 14
961 304 12 13
927 294 12 12
907 302 15 15
880 317 15 17
858 314 12 17
847 301 11 13
827 312 12 14
892 296 9 12
877 293 11 14
857 286 13 15
841 286 10 11
819 290 11 12
804 301 11 11
788 261 10 12
810 283 9 9
798 296 9 11
784 303 12 14
780 283 8 12
768 306 13 17
763 298 11 12
753 301 8 11
750 292 8 10
743 304 9 11
734 336 10 13
711 336 9 12
725 308 10 12
704 323 8 9
712 364 11 11
721 385 8 12
671 333 11 13
670 308 8 10
725 276 9 13
727 254 11 12
754 254 9 12
697 261 11 14
674 260 9 9
659 255 11 13
644 258 9 12
644 311 10 12
694 378 10 13
640 383 11 12
668 398 9 11
770 421 10 16
763 404 11 13
717 440 12 13
725 419 10 13
718 408 10 14
674 418 11 13
659 410 10 13
639 423 12 15
618 404 12 13
596 395 12 13
604 376 10 13
588 375 11 11
603 331 10 12
633 316 8 11
610 302 9 11
598 286 10 10
581 280 9 11
575 309 9 10
569 291 9 12
554 253 10 12
622 260 10 14
571 333 11 14
602 431 11 15
593 422 10 13
562 421 10 12
685 411 8 13
710 403 10 13
553 391 9 14
537 395 9 13
525 419 11 14
523 405 10 13
498 428 12 16
494 409 10 14
485 395 10 11
510 399 10 14
543 329 9 12
535 303 11 11
539 289 9 13
555 285 8 12
519 286 10 13
501 316 6 8
451 280 11 13
470 287 10 13
639 338 11 14
450 332 12 13
503 304 11 14
485 285 11 12
374 418 12 14
192 292 11 14
