356 289 18 20
264 218 20 23
217 192 20 24
174 223 19 22
62 205 20 27
114 230 17 21
26 167 19 21
72 168 14 18
100 161 17 20
141 142 18 18
179 111 18 22
249 131 19 20
264 109 13 18
309 118 18 21
336 123 16 18
372 123 15 18
403 129 15 18
422 129 18 18
460 130 11 13
476 121 17 21
518 122 17 19
546 135 17 20
575 126 19 22
599 130 17 21
638 113 18 20
681 105 20 22
725 127 19 21
755 121 19 23
783 123 21 22
827 117 18 24
865 153 17 20
893 138 17 21
916 167 19 23
945 169 19 23
977 192 21 20
986 221 21 24
911 220 19 19
878 208 18 22
818 213 16 22
795 209 19 24
755 217 21 21
692 224 19 22
666 199 18 24
628 221 19 23
586 222 18 22
553 228 19 23
575 324 23 25
613 333 17 21
684 330 21 26
875 334 19 23
507 233 19 22
472 215 20 24
425 226 19 22
390 218 20 23
362 228 21 25
319 204 20 23
405 179 13 14
358 148 17 20
