909 217 19 21
891 188 20 23
819 177 20 20
826 216 18 19
813 240 18 18
824 279 21 21
764 191 20 23
752 272 21 24
694 220 19 22
682 179 20 24
685 265 19 21
648 206 20 22
624 198 17 21
592 197 18 26
562 190 18 22
543 198 15 20
516 197 21 23
548 273 20 19
610 261 21 22
489 263 20 24
957 361 24 31
888 365 23 25
801 354 24 28
723 354 24 25
652 361 23 26
571 338 23 27
504 330 24 30
887 500 20 27
819 499 20 21
728 503 23 17
747 220 18 22
304 178 24 25
283 193 13 18
292 248 20 25
417 330 25 29
333 337 25 26
266 335 24 26
188 194 18 23
230 189 16 19
149 241 22 25
220 247 20 24
130 174 21 25
67 178 19 21
410 483 24 26
332 476 23 29
199 323 24 28
126 347 24 29
54 335 22 27
688 481 23 23
623 476 24 24
583 510 21 19
544 440 20 24
493 487 21 26
455 200 18 24
404 176 20 22
424 274 17 20
351 252 23 31
