19 46 15 19
40 58 16 18
51 32 16 18
86 50 15 16
103 38 16 19
124 67 14 17
137 50 15 18
156 27 14 17
173 44 12 16
196 47 16 18
227 48 15 17
268 45 14 17
286 29 16 16
302 58 15 15
343 66 12 16
337 34 15 19
381 65 14 16
382 44 14 15
78 132 13 18
150 103 16 18
200 144 13 16
240 132 13 16
278 116 17 20
246 158 14 15
287 165 14 17
338 166 15 14
405 155 14 16
398 176 12 13
334 92 16 19
403 103 13 17
403 32 12 16
146 76 10 8
423 41 15 17
460 52 14 17
436 61 16 19
459 93 14 18
468 40 13 16
499 41 15 17
534 33 14 16
540 52 12 15
555 58 17 17
588 52 11 16
627 55 13 17
659 44 16 19
680 36 15 17
702 51 12 16
653 98 16 17
709 94 16 19
602 98 14 17
564 93 14 20
511 90 17 18
461 154 13 17
460 176 11 13
521 170 13 15
569 177 13 14
631 145 16 19
694 182 15 16
747 40 17 18
783 54 15 17
796 33 18 18
843 45 17 20
876 31 16 20
924 50 17 19
949 70 14 16
975 122 17 18
933 121 17 17
897 96 16 20
880 111 16 18
836 106 16 17
795 110 16 21
809 136 15 18
877 159 14 17
940 159 16 16
813 173 13 13
748 188 16 14
741 149 10 11
763 128 15 18
