81 192 32 34
111 156 33 34
170 192 32 36
200 162 27 32
236 177 26 23
273 190 26 32
311 157 28 35
372 186 24 29
409 164 26 34
380 252 34 41
332 238 23 30
355 283 22 24
239 309 27 27
302 259 24 29
202 272 34 40
458 175 26 34
492 141 29 39
535 177 25 31
573 135 29 33
649 145 30 34
699 172 27 30
770 154 30 35
816 174 25 33
847 207 29 35
900 171 27 36
796 268 27 36
752 249 29 34
713 261 26 29
679 281 25 31
633 281 26 32
649 213 26 31
593 191 24 29
573 264 24 27
559 231 25 25
517 304 22 24
479 257 26 32
463 299 22 25
236 212 22 25
