516 88 24 26
496 121 26 32
474 84 21 21
465 147 28 35
456 118 22 26
642 384 30 33
256 182 27 31
175 179 28 30
159 138 25 29
155 217 29 32
103 329 31 36
113 235 33 41
56 339 35 40
41 403 33 31
99 476 25 32
549 370 31 31
500 306 31 35
467 240 29 30
403 323 30 34
383 366 29 37
310 270 31 37
350 242 27 31
234 347 31 34
208 255 37 44
246 219 29 37
287 210 28 34
440 206 29 31
816 163 26 29
836 148 22 25
813 97 22 23
800 73 23 25
781 118 28 29
740 101 22 27
748 141 22 27
720 122 22 25
725 174 22 26
677 184 26 33
680 138 24 29
670 101 18 24
640 101 25 29
655 64 22 25
771 72 21 23
730 77 19 20
416 80 19 24
394 71 21 27
395 112 24 28
360 112 26 30
366 177 26 29
536 170 30 34
459 21 19 25
343 59 21 20
297 47 20 25
276 76 20 22
322 116 20 25
295 155 23 26
265 137 24 28
236 104 21 27
196 94 25 30
217 148 26 32
932 351 30 37
946 286 33 37
858 289 30 37
862 399 28 35
773 302 31 33
822 261 29 33
717 246 30 35
765 245 28 36
750 188 27 30
687 291 29 34
575 290 32 36
587 225 30 33
621 164 33 35
578 127 28 34
605 99 21 26
590 87 18 21
548 97 26 32
564 72 21 26
513 45 22 29
