254 180 46 47
304 133 37 43
431 162 43 54
619 177 38 49
653 161 29 41
714 170 36 39
764 110 36 42
788 197 37 46
926 177 46 59
988 194 28 34
474 351 52 65
95 411 9 12
103 403 8 14
339 485 14 16
470 510 14 16
265 497 11 14
282 502 12 12
149 685 12 13
342 635 7 7
364 637 14 15
473 596 12 15
516 659 10 13
468 700 7 12
300 638 7 8
801 678 14 14
799 729 12 13
56 192 43 48
708 265 6 9
841 28 9 14
641 19 24 24
402 259 12 15
420 235 8 9
332 313 8 7
472 314 7 9
213 270 6 7
285 571 6 8
277 574 6 8
521 724 13 16
576 516 7 6
551 505 4 6
567 503 4 5
580 494 5 6
610 483 5 6
734 407 8 11
592 361 5 7
320 42 5 6
269 40 4 5
