143 279 16 18
199 287 15 17
216 242 12 14
255 281 13 16
280 276 15 18
325 285 14 14
321 237 10 12
373 277 13 15
413 288 14 15
445 272 12 14
486 280 13 17
438 310 13 14
434 342 14 17
406 336 15 19
389 333 14 16
328 341 14 15
462 326 9 12
470 311 10 12
540 307 12 14
903 305 19 22
854 277 18 18
534 257 16 20
584 263 15 16
618 269 11 13
664 277 16 16
698 277 12 12
743 265 12 15
764 274 12 11
795 269 15 15
543 379 15 17
587 337 14 16
631 363 14 16
665 326 17 16
694 352 18 23
771 362 15 16
764 327 11 13
807 299 14 14
820 347 18 18
482 324 16 18
509 316 12 15
192 383 21 22
227 376 18 16
250 382 19 19
279 372 16 16
331 383 19 22
350 378 14 15
391 381 16 17
463 373 18 20
530 330 14 16
56 396 16 19
