112 375 23 30
156 387 22 23
185 356 21 25
242 366 24 24
294 376 22 27
335 361 24 30
382 373 21 23
440 382 24 24
466 366 23 25
496 375 24 27
528 360 25 27
585 381 21 23
630 388 22 24
222 407 18 21
256 440 25 26
288 471 19 21
374 473 18 21
396 437 24 24
424 487 16 17
459 522 22 29
540 449 22 25
512 532 25 30
566 537 25 28
271 543 27 30
366 554 25 26
391 521 26 31
164 522 30 34
89 570 30 29
639 364 20 21
668 380 17 21
691 396 19 23
743 384 19 22
788 388 21 24
827 367 24 26
891 371 22 23
929 389 20 24
881 461 25 27
856 441 24 27
786 442 25 26
645 448 24 23
775 563 27 29
702 563 28 28
625 547 23 26
