60 327 24 28
90 316 21 24
156 331 23 25
136 288 23 25
174 254 20 26
105 239 24 29
202 294 24 30
231 314 24 25
279 291 25 27
322 333 24 26
353 300 22 25
397 307 23 29
425 321 14 19
440 311 18 25
468 312 21 26
533 307 25 26
515 283 21 25
445 270 21 24
419 273 23 25
626 239 24 27
692 248 21 25
745 247 24 26
670 315 21 23
700 302 27 29
756 305 22 24
804 318 24 27
888 300 25 31
853 303 25 28
929 287 24 29
966 330 23 28
941 235 24 28
889 250 22 26
850 204 23 28
777 182 23 24
802 248 13 24
735 206 22 26
257 193 19 23
204 193 22 23
376 210 21 24
431 203 21 26
483 197 20 21
478 246 23 25
515 257 19 21
540 253 21 23
570 255 19 24
612 306 23 26
605 276 24 25
709 179 21 24
672 199 21 27
640 189 20 24
656 171 20 24
606 209 22 23
564 201 21 23
533 193 23 23
585 164 22 23
541 154 21 24
578 149 15 19
567 149 19 22
517 171 18 19
494 176 19 19
453 167 19 23
392 169 18 22
425 154 19 22
445 143 13 19
476 144 19 23
744 170 21 24
370 270 22 24
319 274 21 25
242 274 22 24
130 227 21 24
170 223 22 23
221 221 21 23
258 237 22 24
316 202 23 27
278 193 21 25
414 140 20 29
325 166 21 31
