411 489 16 16
466 485 15 14
519 488 13 16
609 494 11 12
649 473 14 14
686 485 12 13
716 443 9 12
682 442 12 12
653 433 11 12
616 437 12 13
545 428 11 12
511 414 12 12
486 419 13 13
444 430 10 13
407 436 10 12
409 416 10 11
377 415 12 14
338 428 12 12
299 425 11 12
260 422 14 14
539 406 14 11
604 414 12 13
791 344 9 9
767 346 8 8
747 340 6 8
714 338 7 7
615 340 6 7
639 337 6 7
839 310 7 8
671 334 7 9
695 333 7 7
565 381 9 11
154 365 12 11
566 354 9 11
583 355 9 9
617 383 9 8
612 358 9 8
575 334 8 8
556 331 5 7
519 332 6 6
257 330 7 9
214 333 8 9
197 321 6 8
224 315 8 7
250 312 8 8
281 308 6 8
309 312 6 9
338 334 7 7
366 329 8 8
390 326 7 10
840 343 10 10
849 323 8 9
341 366 9 7
334 355 9 8
369 354 7 10
394 356 9 9
420 352 8 9
440 348 9 9
466 350 9 11
484 360 7 8
532 381 11 13
488 394 7 11
457 379 9 10
428 380 10 12
403 398 11 11
361 381 10 12
332 379 10 12
292 383 11 11
940 433 16 17
936 400 14 15
881 455 14 13
119 350 14 12
169 342 9 8
231 354 9 11
265 354 9 10
295 367 8 8
276 368 7 8
319 356 8 9
144 447 16 12
166 429 16 17
206 417 18 17
238 439 15 15
119 386 16 14
171 383 13 12
210 388 13 13
256 385 11 13
192 357 11 11
513 362 7 9
541 352 9 9
815 445 14 14
756 435 13 13
889 402 14 13
859 404 11 11
824 404 10 11
777 391 10 13
882 381 9 8
873 364 10 11
820 367 10 12
836 361 11 11
803 375 9 9
778 362 10 10
748 361 9 10
723 362 8 8
702 358 8 10
656 391 10 11
54 431 24 18
99 433 19 16
329 312 6 8
360 311 6 8
381 307 5 6
397 312 5 9
415 315 7 8
427 322 7 9
433 309 6 9
453 311 7 10
469 311 7 9
448 333 7 8
468 325 6 9
355 281 6 7
394 285 5 7
330 273 7 8
297 273 8 9
269 278 7 8
254 266 6 8
248 277 6 8
229 277 6 7
292 295 6 8
279 329 8 8
436 244 5 8
462 252 5 6
374 266 7 9
507 311 7 9
525 310 7 10
492 310 7 7
531 286 6 6
558 283 4 8
548 312 7 8
584 308 6 7
569 263 5 6
584 261 6 8
536 265 6 8
790 317 6 7
790 303 5 8
813 311 7 9
766 309 7 7
746 321 6 9
729 306 6 8
757 292 6 8
745 275 5 7
632 320 6 7
639 314 5 7
688 317 6 9
601 292 6 6
614 299 6 7
652 302 5 6
679 291 5 7
706 289 5 7
624 287 4 6
622 276 4 6
638 276 4 6
667 285 4 5
681 279 4 6
698 278 5 7
679 307 6 6
827 325 7 9
763 329 6 6
703 306 6 6
706 318 5 7
719 284 6 7
489 248 5 6
617 253 4 6
607 252 4 6
447 410 15 15
813 323 9 9
537 335 7 8
498 332 9 9
