88 378 20 21
109 393 18 21
116 326 17 21
152 337 16 22
184 340 18 19
227 327 17 20
204 371 17 22
237 384 14 19
301 377 18 21
258 278 12 14
302 481 14 18
367 474 18 18
413 478 18 17
483 473 15 18
275 240 9 15
298 277 8 13
298 239 11 15
330 276 10 12
371 315 16 19
315 327 17 20
441 236 12 15
385 277 9 13
400 280 11 13
484 267 13 11
505 252 12 14
483 234 11 13
521 226 11 14
574 231 11 13
616 230 11 13
557 261 13 14
594 256 14 16
567 305 19 20
553 317 15 20
453 302 22 22
478 321 11 15
354 363 17 23
413 381 17 20
463 383 16 18
824 314 15 20
771 308 13 17
869 309 16 21
901 297 19 24
925 348 18 25
860 376 17 21
327 240 8 12
393 232 12 14
529 471 16 19
576 355 13 24
581 367 11 16
651 364 17 18
670 363 18 21
769 364 17 18
805 355 17 23
609 481 17 17
650 479 17 19
690 485 14 14
732 484 15 13
781 456 16 20
854 477 18 18
681 236 10 15
703 236 11 13
700 271 12 14
640 312 11 12
679 315 17 19
705 317 16 18
760 308 13 17
