491 286 29 33
736 257 30 32
659 261 27 31
612 203 23 29
567 253 28 28
522 184 26 28
871 133 29 29
813 143 28 33
755 109 27 31
722 151 29 30
632 135 29 32
606 95 27 28
521 70 24 29
530 130 25 33
493 120 26 28
482 257 22 27
450 225 24 28
433 133 23 29
401 100 24 28
339 112 28 32
414 254 25 28
417 300 26 28
349 252 24 31
313 280 28 33
256 247 26 31
469 541 31 36
474 447 33 36
410 515 27 33
405 456 30 36
343 409 30 34
422 397 26 29
338 515 27 33
293 511 29 31
239 535 27 32
263 420 31 33
204 434 30 31
168 520 26 31
109 536 27 29
29 522 28 29
91 420 27 28
17 433 27 30
270 112 24 26
233 88 26 27
140 56 25 26
186 123 23 30
98 108 26 27
216 225 22 24
227 287 27 31
136 295 27 27
166 234 24 28
124 225 25 25
89 246 26 28
44 349 26 24
0 298 22 31
10 238 28 36
52 219 24 28
57 118 23 24
8 123 23 27
28 30 26 24
857 559 36 44
764 593 30 36
711 579 32 35
792 514 29 30
866 431 35 32
767 428 32 38
685 519 33 36
624 510 33 35
558 535 36 39
671 434 31 36
578 419 30 34
935 294 29 32
848 296 29 32
759 290 29 30
684 311 29 30
595 284 28 33
381 234 25 29
