105 377 20 20
173 388 21 23
137 318 19 24
164 298 21 22
178 338 22 26
225 308 21 27
255 290 23 24
283 337 19 22
300 302 19 21
337 268 19 22
352 295 18 22
377 316 16 18
417 306 16 19
407 274 19 21
444 288 19 21
470 313 17 20
517 315 16 20
561 300 16 18
521 277 19 22
524 218 15 19
571 392 19 21
508 458 23 26
433 455 25 25
357 485 21 23
281 512 22 26
308 399 24 27
330 316 18 21
614 280 16 17
650 306 16 19
667 253 21 22
686 279 17 12
723 281 17 22
738 249 19 24
785 268 17 19
827 252 21 25
887 245 26 27
833 416 17 18
795 389 23 24
703 373 25 30
