861 237 29 30
808 158 27 30
781 86 27 35
718 185 27 26
761 265 25 33
627 234 29 36
651 203 18 18
632 168 25 30
671 133 20 25
697 110 26 32
590 121 24 28
557 169 27 30
495 240 27 32
467 162 29 31
501 121 26 30
430 125 27 29
365 90 27 31
367 141 33 39
312 118 25 30
272 152 29 31
260 237 27 33
201 154 27 31
197 99 30 34
152 245 28 33
373 241 27 32
386 315 28 33
865 354 32 39
869 422 34 36
776 425 35 37
672 401 30 32
735 371 29 29
567 439 34 37
542 342 31 34
467 351 30 32
422 432 31 32
289 416 36 37
266 350 28 29
147 419 36 35
117 364 31 34
