70 53 57 71
167 82 50 62
353 109 67 77
482 64 90 88
718 57 78 89
864 26 83 95
885 297 97 97
721 228 70 77
539 234 86 98
375 288 73 80
248 206 57 70
66 280 58 71
285 466 68 70
459 465 37 38
580 442 34 41
848 591 98 119
721 558 99 121
628 565 42 51
505 547 38 46
383 558 38 45
217 627 73 92
106 656 65 78
229 820 91 90
432 800 80 89
619 783 75 89
802 858 56 67
922 842 58 69
51 819 90 107
820 1021 49 59
948 1152 54 65
773 1166 54 69
579 1198 73 67
424 1181 66 71
251 1163 78 84
44 1221 71 88
73 1060 59 66
232 1015 57 64
78 463 67 73
426 952 86 90
698 1074 43 55
