509 114 20 20
458 144 24 26
425 115 22 22
404 98 19 23
466 58 15 18
498 69 9 13
421 41 20 25
392 153 23 24
863 197 29 29
865 242 23 23
867 369 41 41
873 324 32 33
782 309 26 29
750 272 24 29
735 307 25 24
775 201 26 33
812 139 25 28
818 87 20 23
780 86 20 24
773 56 21 21
744 108 18 24
746 159 20 24
717 73 15 19
681 57 17 19
642 58 17 20
596 43 19 22
539 45 17 17
713 106 16 19
670 116 20 23
635 122 17 17
630 142 21 25
594 116 15 18
572 110 23 24
595 159 17 23
637 221 25 28
682 189 23 26
437 216 31 33
506 222 25 32
520 352 32 42
469 322 34 36
398 352 35 38
371 43 20 24
345 72 19 21
338 108 16 18
314 102 23 26
352 153 19 26
373 127 16 21
357 223 31 34
325 349 34 34
342 406 45 24
291 248 36 40
294 145 25 29
265 64 18 21
269 108 19 23
261 123 22 27
250 149 24 30
204 129 22 24
218 126 17 25
181 158 27 32
173 123 25 25
180 54 20 25
223 46 20 23
117 29 24 27
108 109 24 25
94 147 32 38
96 271 57 62
149 263 47 57
209 275 41 42
247 255 30 39
50 171 22 31
65 58 20 24
9 25 25 31
15 118 36 40
59 96 18 21
0 82 24 31
1010 66 14 21
1015 112 9 28
952 234 28 29
945 204 30 35
933 186 22 24
1013 311 11 38
964 329 42 50
917 369 38 41
947 61 25 27
911 87 20 16
874 68 22 23
897 150 16 22
705 213 24 27
573 295 27 32
719 400 35 31
570 213 21 27
534 125 20 27
524 151 19 26
555 116 15 17
85 117 25 33
