335 166 21 23
322 144 19 19
303 170 20 23
291 117 12 16
269 125 22 25
233 142 20 25
258 99 12 17
243 107 15 21
220 98 18 21
185 91 19 24
193 152 22 26
257 253 23 27
146 152 22 25
107 133 24 28
67 128 26 30
15 126 28 35
272 351 22 20
525 162 22 26
546 129 21 26
527 132 18 19
502 152 16 22
503 249 16 17
472 164 19 24
437 268 21 28
479 325 19 24
385 289 21 22
379 186 16 19
411 158 19 24
443 168 15 21
441 136 20 24
420 131 18 19
399 141 15 21
376 147 21 22
346 112 20 22
951 164 27 33
920 259 20 21
880 223 30 32
878 272 23 21
825 166 22 30
870 156 12 17
764 176 24 29
774 150 21 23
740 132 23 27
713 176 22 30
687 139 22 28
684 203 21 24
672 268 25 30
628 224 21 26
637 161 20 25
606 165 22 25
583 139 18 21
