610 459 8 11
620 457 10 10
644 458 9 9
625 453 10 10
649 446 9 9
657 454 10 10
636 473 8 9
231 683 18 21
315 658 14 19
442 538 14 12
476 545 14 16
397 519 10 18
378 525 11 14
431 539 11 14
273 527 10 10
309 525 7 9
292 525 8 9
50 468 10 14
156 464 10 10
173 479 6 9
146 468 5 10
129 491 7 11
733 536 13 13
744 568 10 15
774 509 13 14
751 499 15 16
778 495 11 12
789 496 13 17
807 499 11 16
843 495 13 17
871 506 14 18
915 493 15 16
965 501 12 16
985 532 11 14
955 497 11 12
937 488 9 17
873 488 13 16
863 490 9 14
840 488 13 11
837 502 10 14
826 499 10 15
540 472 8 11
549 499 9 12
564 457 8 10
582 456 9 9
596 453 10 11
902 500 11 12
886 498 9 12
685 470 7 7
669 463 5 7
631 464 6 6
575 454 5 7
557 457 5 8
622 479 8 7
331 547 11 12
