827 251 14 18
783 251 16 19
663 306 17 21
631 278 18 22
672 258 21 23
569 279 15 17
516 310 17 23
545 331 18 20
502 217 13 22
519 279 23 21
541 243 15 16
472 209 14 16
552 187 11 19
584 229 13 20
566 226 12 16
621 241 19 16
1001 195 10 13
94 391 31 36
105 451 29 43
182 406 31 36
54 195 52 100
388 294 34 36
434 242 19 34
160 262 13 14
193 256 12 12
176 249 11 15
376 178 12 14
397 191 11 13
437 178 12 15
519 224 14 16
103 178 9 13
583 45 4 6
593 46 5 6
602 54 5 5
193 103 5 5
63 114 5 5
19 118 4 5
326 50 3 5
343 41 2 4
638 245 14 21
690 259 17 19
713 249 17 16
695 250 13 16
721 281 16 20
742 248 15 19
604 226 13 16
791 220 9 8
787 193 7 8
818 199 7 7
827 212 8 7
875 201 8 9
881 212 8 9
926 208 9 9
913 191 8 8
956 201 8 10
962 212 10 11
987 210 11 13
591 174 9 13
616 176 12 14
632 200 12 13
672 176 16 16
725 189 12 17
755 193 12 15
771 283 12 14
739 272 15 15
496 256 14 17
559 253 14 16
601 240 14 19
511 175 11 12
495 176 12 12
536 182 12 15
452 174 12 13
474 174 11 16
424 180 11 15
413 187 11 17
356 186 12 14
314 262 27 35
322 184 11 13
299 189 9 12
253 180 12 15
205 181 15 13
110 178 10 12
137 183 11 13
149 180 9 12
178 163 11 15
119 254 13 15
