791 61 19 24
106 1012 19 41
59 1049 23 25
135 1204 24 27
368 1053 12 22
536 1073 23 30
676 1073 13 16
685 1069 16 19
777 1065 17 23
888 1059 16 27
843 1035 9 11
836 1036 10 10
563 140 13 20
349 912 26 30
632 891 24 27
375 663 23 26
565 868 14 26
271 962 21 21
57 96 23 25
106 1013 19 40
368 1053 12 29
674 1073 15 16
776 1065 18 23
468 76 20 27
915 133 13 17
157 98 19 21
335 695 26 28
371 697 23 27
465 723 24 17
445 721 24 24
318 692 24 25
277 705 27 28
298 765 28 28
194 729 24 20
245 729 24 18
327 779 28 19
367 885 19 22
