822 504 24 32
901 508 28 31
977 481 26 31
1012 456 12 26
1007 402 14 20
960 429 22 23
926 453 21 25
855 491 22 30
893 435 20 23
887 461 21 29
832 461 26 29
757 486 23 26
701 519 26 29
726 462 20 25
800 449 15 23
552 357 12 17
518 351 14 18
490 340 13 15
768 340 14 19
751 400 20 20
776 392 20 24
651 339 12 15
512 377 18 20
513 404 17 22
807 338 12 12
805 323 13 13
163 494 22 26
249 485 25 28
306 493 24 28
292 486 21 27
354 541 23 31
431 512 22 25
379 484 18 28
362 495 19 27
344 450 22 25
131 473 24 28
63 478 23 27
60 529 23 25
0 492 13 24
11 441 22 25
43 455 24 29
95 446 24 25
152 444 21 23
209 465 21 28
249 465 22 27
291 409 17 21
331 395 20 22
383 410 23 25
174 399 16 20
61 406 21 23
214 390 18 20
246 430 21 25
463 456 22 25
136 411 16 17
147 417 18 22
190 434 15 23
127 377 16 18
44 403 16 20
38 422 21 23
425 409 17 18
423 357 16 16
414 485 27 24
302 537 25 30
238 544 26 27
176 535 24 32
98 344 10 11
221 338 13 11
255 347 11 12
357 433 20 28
379 367 16 23
359 337 11 14
334 335 11 11
272 373 19 25
306 350 14 15
1 357 15 16
160 371 13 13
171 376 13 19
84 366 12 17
77 396 17 15
236 379 17 17
187 334 12 15
565 504 25 31
491 523 27 31
534 481 23 26
907 413 17 23
710 409 17 21
665 413 21 22
950 336 15 16
366 404 18 22
393 448 19 25
298 378 14 18
430 381 16 19
473 373 16 22
610 351 14 16
439 331 13 16
406 356 13 19
501 359 13 20
604 368 12 16
615 378 15 16
702 357 18 20
718 378 15 20
632 374 14 23
660 370 20 21
545 394 14 15
561 372 15 18
596 386 17 18
620 357 12 16
577 363 14 15
629 346 11 15
671 347 13 17
540 441 22 25
519 428 23 26
560 403 19 24
581 440 24 27
630 456 22 25
751 418 17 21
667 430 20 25
656 462 20 29
766 373 18 21
781 351 18 25
828 363 18 21
921 389 19 24
806 380 14 19
815 362 12 17
954 396 17 20
977 407 18 23
934 429 13 17
955 367 14 19
937 353 16 20
937 373 15 19
920 343 15 18
895 310 13 15
983 339 16 23
974 310 12 14
939 327 12 17
893 358 13 17
689 382 15 20
1009 355 12 17
914 320 9 13
790 412 16 22
627 508 21 27
686 440 18 24
614 405 15 20
973 458 19 27
408 399 16 23
132 437 19 22
119 363 14 18
27 311 10 12
467 357 12 14
453 364 10 13
485 429 18 23
488 479 20 23
279 456 24 26
106 399 13 16
139 393 15 19
649 508 27 29
776 458 23 26
812 424 20 24
823 385 14 19
869 352 17 22
650 390 18 22
624 431 21 22
623 408 17 22
586 471 18 22
939 483 22 27
906 367 18 21
989 372 19 22
51 351 10 13
22 378 16 19
