620 57 17 19
641 75 19 20
669 49 14 19
681 45 19 20
761 38 17 22
754 62 20 21
801 47 20 17
794 124 21 21
832 126 21 21
898 158 18 18
959 170 20 21
565 235 17 18
565 209 15 15
105 69 15 15
77 56 13 15
152 62 15 15
183 59 19 19
179 169 17 20
263 75 19 17
238 145 20 23
286 158 16 19
372 160 16 21
346 241 18 20
285 254 18 19
344 51 16 18
301 48 17 19
298 68 15 19
395 52 16 17
417 138 19 24
395 245 16 20
471 216 18 19
408 61 13 15
444 57 16 19
473 50 16 21
503 69 16 18
515 54 15 18
566 274 17 21
663 256 19 22
778 271 23 26
681 219 19 17
728 227 18 16
769 192 20 26
541 65 17 18
554 38 19 20
582 47 16 20
606 36 14 19
581 85 13 15
