966 309 11 14
939 315 10 12
936 302 9 11
920 320 9 13
922 308 9 10
947 310 8 11
875 315 21 21
851 311 13 18
826 307 11 14
808 314 9 10
786 320 9 11
766 311 10 11
755 311 8 10
740 314 7 10
841 313 9 11
1010 316 13 14
662 306 14 18
695 318 7 9
642 310 11 13
603 314 9 10
579 320 11 15
513 260 23 26
482 324 12 14
468 321 12 12
452 300 9 12
441 308 10 14
412 311 6 9
371 316 7 9
354 323 13 15
329 307 11 14
317 316 7 8
429 313 10 12
280 316 7 10
261 312 8 11
233 324 12 16
211 314 10 14
196 308 9 11
181 306 7 11
159 310 7 13
130 320 10 15
112 327 13 16
89 334 13 13
235 307 9 12
352 312 11 13
40 295 15 23
