338 286 16 18
440 345 18 18
398 244 16 17
31 222 14 15
112 229 11 15
168 231 11 12
50 188 12 17
103 188 12 15
154 188 11 13
47 166 15 16
95 165 12 13
144 166 13 13
31 147 11 12
51 121 13 15
109 142 10 14
143 141 12 15
148 114 11 15
159 105 10 13
109 126 9 12
104 106 10 13
230 223 12 16
284 235 12 14
223 200 14 13
258 183 14 16
272 167 11 16
215 163 11 14
218 126 11 13
256 149 11 12
251 132 8 11
271 131 10 13
267 104 9 12
215 101 9 10
343 229 10 14
317 191 13 17
397 218 11 14
393 188 12 15
463 225 11 14
434 193 11 12
336 169 10 13
332 144 11 13
326 126 10 14
316 101 12 14
378 159 12 16
366 143 11 15
381 130 10 14
382 106 10 14
446 168 9 14
454 116 11 18
430 99 11 14
520 227 12 15
570 222 13 17
620 177 13 19
560 186 11 17
516 194 12 14
503 169 12 15
493 149 11 15
540 162 13 16
606 141 11 15
606 129 12 13
596 103 11 17
541 117 16 15
530 96 11 14
473 117 13 14
485 100 10 15
835 223 12 15
882 231 11 15
920 224 11 16
996 228 11 16
982 190 13 15
979 171 12 15
965 142 11 15
804 162 13 15
787 138 12 15
843 139 13 13
904 127 11 14
957 119 11 14
1013 126 10 15
785 104 9 14
839 100 11 15
868 117 9 15
893 101 10 14
946 106 11 17
999 99 12 14
813 197 12 14
881 192 10 16
927 191 12 15
866 173 11 16
26 38 14 15
99 43 12 12
100 28 10 12
50 5 10 12
98 7 10 12
139 2 9 9
148 29 11 14
195 33 10 14
254 10 9 12
261 41 8 9
307 36 10 12
299 25 8 13
311 12 8 13
362 28 8 13
358 0 9 14
552 21 10 12
566 4 9 13
498 15 13 14
510 12 9 14
463 17 10 14
411 26 11 13
408 8 9 12
744 6 10 13
800 20 9 12
852 10 9 10
1006 45 10 12
1012 11 9 14
990 18 10 14
960 32 11 13
950 28 9 13
912 38 11 14
892 14 10 12
861 37 10 12
941 0 12 10
898 2 12 11
