145 324 11 18
306 251 9 15
382 217 9 12
641 253 7 13
642 231 7 10
226 117 6 10
243 117 7 10
118 114 7 9
93 118 8 9
265 109 7 9
299 113 7 9
338 100 8 9
373 100 7 9
345 701 33 48
5 680 14 42
56 445 16 19
635 71 7 9
673 54 6 9
654 56 7 9
643 56 7 8
624 44 7 10
708 52 6 7
723 51 5 7
743 48 6 7
783 49 5 7
794 43 6 9
581 29 5 7
587 40 6 8
567 61 5 7
585 61 5 7
601 58 5 8
551 65 7 7
510 75 6 9
514 65 7 9
539 49 7 7
551 28 5 8
675 20 7 9
621 61 6 7
655 29 5 9
65 35 7 11
37 38 7 11
120 38 7 10
130 30 7 9
147 32 8 11
187 34 6 9
213 32 7 10
237 31 6 9
250 30 6 9
259 35 5 6
164 133 7 11
273 27 6 7
184 11 7 8
172 12 6 9
205 11 8 9
242 10 6 10
377 24 5 8
272 12 8 9
255 14 7 8
380 5 7 9
471 90 7 7
484 65 7 8
458 55 5 8
455 39 7 9
484 31 6 7
491 55 8 9
477 15 7 9
419 21 5 10
996 99 7 9
12 126 7 9
11 19 5 8
27 38 5 8
75 40 6 7
