44 210 21 28
118 206 17 24
180 189 19 27
264 178 16 26
290 131 16 26
378 130 17 23
462 124 17 21
352 180 20 24
454 179 17 23
42 247 17 25
123 243 19 25
220 231 20 28
313 216 19 29
403 232 17 28
494 230 20 27
56 326 19 27
155 327 21 28
240 329 20 29
324 329 21 27
404 329 22 30
484 332 23 29
552 121 20 26
542 176 22 27
634 131 19 25
631 171 21 31
584 233 19 30
570 327 22 33
649 324 22 32
678 226 19 27
710 130 20 26
722 183 16 27
768 225 22 29
788 175 20 28
858 183 20 25
859 225 19 29
927 187 19 30
955 224 18 26
921 320 18 28
811 326 21 32
727 322 22 32
