690 342 25 30
68 444 29 26
199 434 27 30
312 442 31 29
419 441 31 31
539 451 28 31
654 445 29 31
776 241 25 30
833 170 22 26
867 237 27 27
955 279 27 27
868 340 27 29
771 342 27 30
775 437 28 32
895 439 30 33
69 262 25 32
219 168 23 25
290 166 21 25
360 163 25 27
432 153 23 28
508 160 24 27
590 164 20 25
668 156 25 28
752 166 22 26
161 244 25 27
248 242 26 28
323 228 24 28
412 249 24 28
505 248 25 26
594 255 23 26
683 254 22 26
125 340 25 30
227 348 25 25
322 340 26 30
413 334 28 29
501 336 24 30
591 337 29 29
