539 240 29 29
72 411 17 30
714 451 11 12
688 446 9 13
696 431 10 12
710 414 10 14
735 421 8 12
709 393 7 9
742 397 8 9
737 372 8 10
764 374 10 12
785 412 10 14
807 374 8 10
816 400 8 14
800 422 9 9
801 434 9 9
780 453 11 13
755 440 11 15
762 420 9 11
794 468 10 14
619 410 7 9
601 420 8 10
624 386 10 9
651 378 6 9
591 441 10 13
582 428 9 9
596 384 9 10
996 396 26 41
866 381 8 9
893 404 9 10
897 418 9 12
890 446 9 12
848 439 11 14
942 357 8 11
986 373 11 13
1005 382 10 10
960 367 9 11
985 350 8 10
876 385 9 9
900 384 12 12
100 375 27 29
197 369 7 8
179 358 7 8
157 357 7 8
202 360 7 9
123 346 10 15
152 334 8 10
84 341 8 9
