969 465 55 84
969 313 55 64
999 293 25 33
913 288 45 51
884 410 64 64
880 332 39 57
883 263 34 37
910 248 23 30
939 211 23 21
970 226 21 23
992 181 18 25
902 209 14 20
859 224 26 29
827 295 42 45
781 264 33 36
830 215 17 21
869 204 14 22
776 393 49 72
831 251 21 33
761 241 20 30
722 362 63 79
721 293 29 38
699 294 27 34
681 274 25 32
680 240 22 22
700 214 16 22
626 383 75 98
651 247 16 23
650 225 11 17
911 176 11 14
930 171 11 13
876 175 9 11
861 173 10 11
623 241 16 16
641 287 18 28
654 272 17 30
640 524 88 129
522 535 89 115
391 540 67 99
372 415 68 84
782 602 62 77
501 303 63 76
454 346 44 58
605 331 36 46
602 303 30 32
591 271 24 38
605 244 12 17
543 249 19 23
497 282 20 27
451 296 31 32
426 228 15 22
500 235 16 23
512 230 11 19
531 217 10 13
561 219 10 16
456 250 18 20
494 261 19 23
579 278 17 26
369 253 15 21
341 292 21 29
293 407 46 68
273 346 43 56
267 287 22 33
241 279 22 34
200 290 21 37
210 352 42 55
151 348 40 43
205 436 72 101
274 547 92 133
248 560 74 112
172 257 25 26
156 258 19 28
216 233 13 22
199 236 14 19
235 231 12 17
364 240 11 14
533 276 21 26
531 244 11 15
576 236 14 24
488 214 9 11
459 220 7 12
108 396 58 78
97 369 44 48
68 320 35 43
84 299 29 40
109 278 21 34
123 273 24 28
0 514 44 107
1 367 30 52
67 280 21 21
54 268 19 22
48 248 15 18
18 253 13 18
1 285 14 25
22 302 17 18
84 250 15 26
120 246 9 14
186 232 10 12
0 267 11 17
277 222 9 12
275 251 12 12
128 250 11 14
871 631 131 49
835 426 48 61
769 545 44 59
696 345 37 44
737 231 14 16
781 182 9 11
