531 358 101 146
927 993 20 32
844 983 25 30
937 938 20 21
858 942 16 25
861 906 20 26
876 849 22 26
936 874 17 25
876 801 18 23
833 824 16 20
741 815 18 21
986 846 20 24
389 949 25 40
338 879 21 25
250 831 17 20
188 818 17 25
168 992 25 33
234 962 23 22
98 963 23 28
58 876 20 25
36 887 21 29
73 828 21 27
317 824 13 27
108 828 13 18
100 815 14 20
167 800 16 21
250 766 13 20
224 805 16 17
176 747 16 16
163 723 14 16
233 723 13 16
279 741 13 15
268 795 18 20
285 770 14 15
39 772 19 19
377 763 13 17
370 693 14 14
308 710 14 17
884 727 14 14
757 753 15 19
808 776 20 22
141 695 12 18
142 681 11 16
28 684 16 20
132 870 19 26
943 1056 24 34
260 1044 24 36
