938 364 29 36
998 368 18 23
891 380 30 38
846 369 39 51
820 370 23 31
762 381 40 57
716 372 34 47
705 428 53 58
664 386 41 54
685 357 28 33
648 350 26 33
740 291 16 21
699 333 24 28
657 278 14 19
605 360 34 48
583 359 23 33
564 302 14 18
575 458 59 88
550 411 51 63
510 380 38 54
513 348 20 25
441 350 20 25
376 400 61 81
393 351 38 47
373 357 20 29
367 343 19 26
304 410 37 40
276 357 27 41
278 331 18 21
242 505 87 134
239 443 47 57
237 341 20 34
201 344 26 33
159 354 33 40
119 446 79 110
117 412 41 60
90 360 28 39
24 367 35 53
51 332 18 23
22 336 16 28
73 360 20 25
149 358 19 28
144 345 17 25
