963 688 33 43
874 680 33 30
882 639 29 31
886 577 29 41
933 548 31 39
994 657 21 37
838 538 28 37
785 506 31 40
737 551 28 34
711 594 28 31
673 633 31 40
660 563 27 33
674 504 26 33
951 505 19 31
809 570 27 33
704 482 28 26
888 464 25 32
918 421 28 39
963 470 28 25
999 429 15 31
999 397 16 28
955 339 23 24
975 296 22 30
991 276 20 21
933 376 23 26
896 323 23 30
885 299 22 25
852 367 22 26
812 411 27 34
777 460 23 32
757 384 26 32
797 339 19 22
770 365 21 22
846 272 24 26
917 272 23 25
728 416 26 38
694 370 25 31
724 319 26 38
713 297 22 30
810 301 22 18
655 438 25 25
663 304 23 28
971 186 22 27
948 220 22 28
924 156 22 25
959 110 18 17
884 252 16 23
858 230 22 29
836 192 21 28
899 181 20 23
999 144 14 25
1002 117 13 24
919 136 21 22
870 146 17 22
903 151 18 17
841 172 16 19
800 226 21 22
806 139 19 21
794 184 19 22
628 682 32 43
590 636 27 34
616 579 31 33
433 578 33 36
453 550 27 31
439 685 32 39
978 96 18 23
991 57 19 27
951 49 18 20
924 89 17 21
926 53 20 22
883 101 20 21
849 86 17 21
826 77 19 20
814 49 15 20
908 34 15 16
874 29 15 17
953 32 17 14
838 128 19 17
849 45 18 17
869 50 15 18
884 72 17 19
795 85 19 22
761 75 18 17
779 48 16 19
760 30 17 19
810 33 17 15
770 119 19 22
781 160 18 20
734 170 21 22
697 148 21 25
727 119 16 20
735 37 16 22
668 163 19 26
622 98 18 23
646 70 17 19
694 60 16 20
676 94 13 17
671 122 15 17
644 134 15 19
615 151 16 19
752 150 15 16
675 44 16 21
794 253 19 27
764 259 20 34
835 297 19 29
730 245 22 28
724 216 22 27
699 185 21 28
676 229 23 25
689 268 21 31
651 266 17 17
627 278 20 28
605 225 22 28
636 187 19 21
600 173 18 23
563 145 17 24
567 189 19 23
538 162 22 28
577 245 24 23
546 268 22 35
586 299 24 29
636 331 24 31
568 327 24 35
597 409 23 29
609 456 24 33
618 361 23 29
657 390 22 24
548 366 20 27
501 359 41 53
515 293 24 32
487 329 21 32
466 371 21 32
415 337 23 26
428 306 22 25
375 303 20 25
383 365 24 27
340 331 23 31
349 394 25 30
390 429 28 28
424 405 22 32
368 459 29 31
385 500 24 37
386 619 32 42
346 658 33 45
256 618 36 43
330 518 26 39
308 491 27 34
228 513 28 35
260 555 30 35
170 552 29 27
153 583 24 34
180 634 32 33
248 459 26 35
175 532 25 25
284 424 25 35
272 388 25 24
306 363 23 29
245 421 26 30
222 468 22 33
528 221 21 29
514 193 20 24
508 255 20 24
461 226 20 29
481 273 18 30
435 256 19 25
593 123 17 23
607 95 14 16
527 80 14 18
707 79 22 22
120 672 28 43
76 647 27 26
31 690 28 36
13 585 27 34
91 584 23 27
114 504 28 35
89 548 22 32
161 462 20 34
560 41 13 14
405 90 13 22
425 68 14 20
449 45 18 24
399 50 15 22
375 59 16 19
369 94 18 25
311 125 19 20
326 88 18 21
344 53 20 22
381 17 15 17
276 141 20 25
276 107 18 23
275 79 17 18
309 62 16 18
278 45 20 19
323 17 16 19
279 18 18 20
263 185 16 22
364 150 17 19
348 145 15 20
359 24 17 18
345 16 15 14
216 185 15 22
254 133 17 21
230 157 17 20
197 167 19 26
188 128 19 24
224 114 18 18
225 84 16 19
195 93 19 21
165 81 18 20
193 58 16 19
206 39 17 21
251 15 16 13
221 22 15 18
181 18 24 24
165 48 15 18
165 195 19 21
169 240 21 21
161 172 13 16
149 28 9 23
149 65 11 24
129 129 21 25
77 133 17 26
37 147 17 22
19 118 19 20
74 101 17 22
56 108 18 22
98 111 17 20
81 69 17 18
61 44 14 19
33 77 18 16
120 17 16 24
104 44 16 19
155 17 15 13
133 168 16 21
63 162 18 25
137 256 20 30
82 189 21 24
37 189 20 22
41 248 26 32
83 258 25 34
11 243 22 20
9 157 16 28
30 310 21 23
9 278 22 26
9 343 21 27
101 78 18 22
250 60 16 19
311 35 16 21
71 26 15 16
9 21 13 16
32 102 15 18
152 153 16 18
