990 659 20 22
956 584 19 20
930 722 20 23
872 718 19 20
867 648 19 20
810 626 14 17
862 574 15 16
745 569 13 19
744 664 20 23
815 737 19 22
712 730 17 20
706 755 15 13
648 754 19 14
638 713 19 25
654 672 20 23
676 614 16 17
629 635 17 21
560 730 16 21
595 676 13 21
552 634 19 24
538 602 16 21
516 688 16 18
430 724 16 22
449 674 18 25
447 647 19 21
476 606 18 23
413 601 18 23
389 691 18 24
373 719 17 21
329 675 19 19
316 728 17 21
342 626 23 22
366 665 17 17
117 615 17 21
89 649 17 21
55 658 18 23
31 636 15 21
20 505 15 24
206 391 17 18
219 341 15 19
227 312 15 16
154 353 17 20
107 364 14 17
170 320 15 17
119 324 14 16
124 277 14 15
336 299 15 19
87 392 15 19
139 382 19 25
67 422 15 18
32 396 16 19
25 438 16 17
49 358 18 17
0 354 14 23
272 342 16 22
287 266 16 17
181 236 16 21
227 261 17 26
134 236 14 16
17 284 15 19
999 317 18 24
954 327 17 19
952 278 16 26
890 315 18 18
900 396 18 28
344 192 17 20
300 299 14 19
290 226 23 26
199 165 13 18
44 174 14 18
70 311 20 28
71 281 16 18
12 322 16 24
37 213 14 17
104 168 13 18
259 138 14 19
173 274 15 19
155 704 17 22
92 687 18 19
