245 455 12 18
266 467 14 15
282 444 13 16
295 458 13 15
309 430 26 30
299 571 26 42
118 444 11 17
50 466 13 17
64 470 12 15
97 470 11 14
92 449 11 15
69 450 10 12
53 452 13 13
40 441 12 14
28 472 14 19
7 468 16 18
3 441 9 13
104 391 10 13
91 408 10 11
78 410 10 13
159 429 10 15
136 445 11 11
132 431 11 11
142 409 8 10
73 430 11 13
103 416 9 11
101 437 11 10
30 395 10 11
22 408 11 12
3 394 10 12
9 433 10 14
598 411 18 24
534 428 26 28
387 423 14 23
562 388 19 25
481 401 18 21
814 230 41 40
608 416 21 26
683 428 14 23
722 396 10 13
712 366 8 10
728 365 9 9
723 346 9 10
678 364 8 11
665 369 9 11
666 356 6 10
674 345 7 10
647 356 7 9
597 372 8 10
578 357 8 9
581 369 9 13
568 353 8 11
612 382 9 9
594 359 9 10
599 341 8 8
696 344 8 9
665 340 7 8
677 336 8 9
742 350 7 11
621 347 8 11
637 371 9 12
526 359 7 12
533 352 7 9
543 360 7 10
474 374 9 10
489 360 7 10
512 348 8 9
458 354 9 9
427 355 7 9
385 340 7 8
391 354 7 10
405 357 6 8
396 349 6 8
471 330 8 9
483 349 8 10
446 360 7 10
451 350 7 8
509 366 7 12
320 348 7 9
332 341 6 7
352 325 7 8
270 339 6 7
264 325 6 7
246 341 7 9
374 345 7 8
375 331 6 9
305 334 8 11
319 337 7 9
917 372 9 11
889 378 9 9
891 359 8 11
933 368 7 9
921 353 8 10
941 365 8 11
990 359 9 11
976 348 7 9
985 340 6 9
955 356 9 13
946 357 6 8
772 337 6 8
219 507 14 15
247 485 12 16
627 400 13 19
558 370 8 9
547 355 9 9
0 434 9 14
