952 374 14 17
908 356 13 17
883 352 15 15
840 348 17 18
823 315 13 19
814 293 13 17
802 280 9 9
785 281 14 17
777 258 11 17
766 300 12 16
762 321 10 17
719 304 12 16
699 313 11 17
704 277 12 15
723 260 11 14
676 304 11 14
733 313 12 12
753 308 9 13
800 428 13 17
751 367 12 16
706 365 12 16
708 395 14 19
724 423 13 18
764 432 13 17
692 425 13 17
672 429 10 17
627 431 13 15
626 402 13 17
654 367 11 16
806 369 13 15
637 312 12 15
621 307 10 11
553 354 14 13
580 290 11 12
647 258 11 16
643 294 12 15
567 263 12 17
546 303 12 16
533 320 12 18
597 362 13 19
523 352 13 17
463 339 16 21
586 310 13 17
662 319 10 11
516 302 11 15
498 311 9 13
510 260 12 18
468 293 11 13
446 289 13 11
443 256 13 17
395 262 14 15
399 289 11 14
407 304 11 18
449 318 12 12
489 277 12 13
529 276 13 13
504 402 14 17
407 392 13 19
413 361 13 17
357 362 13 16
366 387 13 14
368 294 12 16
344 263 14 15
357 301 13 14
327 311 13 14
310 300 12 16
304 363 12 18
287 399 13 14
244 363 15 16
280 303 14 19
265 292 14 17
300 258 12 19
239 261 13 16
229 296 12 17
214 293 13 16
180 306 12 13
197 367 13 17
230 393 13 17
193 401 12 19
426 426 12 16
387 420 13 18
355 431 11 14
321 415 12 17
286 422 12 17
250 416 13 18
216 420 13 18
151 322 15 19
101 351 14 14
82 370 14 15
63 380 16 19
262 394 14 18
590 285 8 11
