908 913 70 79
820 855 27 38
703 901 35 45
817 692 31 36
893 561 26 37
896 512 27 30
524 677 24 35
428 167 62 81
326 813 40 55
315 574 30 30
175 613 30 42
107 649 29 39
61 621 30 40
11 641 39 48
38 445 25 30
370 493 31 37
47 735 30 41
235 410 28 33
241 347 25 33
244 304 24 30
152 347 27 34
117 326 20 31
141 286 22 28
116 236 25 28
138 408 28 36
23 263 21 25
380 247 27 32
334 317 28 39
171 310 26 35
192 214 33 32
296 219 23 33
119 155 25 28
29 198 22 32
194 153 24 34
213 291 20 25
0 309 21 28
781 553 30 37
696 526 31 33
667 309 26 33
