987 139 28 33
975 122 26 28
949 119 15 20
901 135 20 25
919 165 31 36
911 200 52 64
831 201 51 68
847 132 19 23
808 136 22 27
797 167 24 33
744 242 80 96
723 159 26 25
711 148 12 18
759 169 9 9
862 137 11 18
492 117 194 282
409 148 30 38
370 251 42 42
327 319 88 112
377 202 38 38
330 187 25 33
292 204 30 39
284 174 14 16
248 197 23 25
260 164 11 12
377 146 12 20
400 156 10 18
336 163 11 13
288 160 10 12
232 181 18 19
226 163 11 11
161 209 58 62
166 181 23 22
137 157 16 17
102 230 50 63
66 251 37 42
39 370 107 109
35 269 18 19
30 187 14 18
53 173 14 18
2 189 16 16
109 207 26 24
202 167 10 13
211 165 9 12
