969 336 11 14
940 371 13 15
897 357 13 18
890 336 12 15
812 376 13 17
696 368 12 17
669 355 12 16
645 352 12 16
790 352 11 11
765 340 11 14
741 327 11 14
716 332 13 16
697 317 12 15
810 256 10 15
779 268 11 11
770 257 9 12
739 270 11 13
624 357 11 16
606 352 11 15
611 321 12 14
595 366 12 15
570 375 12 16
574 334 12 15
586 325 10 13
655 341 12 12
525 347 12 13
498 367 13 15
626 302 11 14
628 259 11 13
676 259 11 13
126 324 10 17
377 262 10 19
336 268 11 14
287 265 10 12
252 264 11 15
933 183 8 15
947 170 9 9
927 161 8 10
904 186 8 11
892 161 9 13
863 158 9 12
846 185 9 11
835 157 9 14
888 123 10 12
910 120 9 12
933 115 9 12
925 96 9 11
860 121 9 13
833 125 10 11
808 124 9 12
806 154 9 13
817 194 9 13
894 92 9 12
880 70 8 11
892 46 8 11
861 42 9 12
852 68 8 11
871 97 8 10
846 93 9 12
818 97 8 12
824 68 8 10
828 45 8 13
850 19 7 11
805 19 7 11
795 46 9 12
786 24 6 11
798 65 8 11
787 98 10 12
771 65 8 12
790 188 9 14
754 180 10 13
769 154 10 13
780 122 9 12
743 155 8 11
750 120 9 12
721 125 9 12
715 163 9 11
713 198 10 13
679 182 10 12
686 155 9 12
698 134 8 11
676 128 9 11
741 68 9 11
545 100 8 12
534 69 9 11
538 47 8 13
590 261 10 14
439 371 11 16
465 348 11 16
432 349 11 13
413 377 12 17
408 335 12 13
385 321 11 14
374 339 12 16
530 310 11 15
556 297 11 14
526 267 11 15
497 298 11 15
455 294 11 15
454 265 10 13
305 374 12 16
325 355 13 18
334 328 10 15
306 338 11 16
287 349 11 17
264 328 11 16
225 362 11 16
213 369 13 16
213 349 8 9
133 368 12 15
109 369 10 15
31 365 13 16
195 335 12 17
159 319 12 14
719 39 9 9
710 45 8 10
598 98 9 12
605 70 9 12
603 45 9 12
577 41 8 12
570 22 8 11
555 33 9 12
559 73 9 13
574 92 9 14
517 41 9 12
517 17 8 12
543 19 8 12
499 72 9 10
521 92 7 13
475 69 8 13
490 43 9 11
487 19 8 11
662 163 8 12
633 158 9 14
628 184 8 13
602 189 8 12
606 153 9 12
625 119 9 11
590 118 9 13
575 168 7 12
564 126 9 12
563 181 9 13
548 164 7 13
528 153 8 10
532 122 9 12
504 122 9 13
527 190 8 12
486 176 9 14
492 164 10 11
454 164 9 9
450 194 8 13
473 127 9 12
446 119 9 12
456 102 9 12
471 97 10 12
445 69 10 11
455 41 9 13
453 20 7 11
422 13 8 10
428 49 9 13
417 70 9 13
399 50 9 12
395 12 8 12
420 117 9 12
410 96 9 13
389 114 9 14
391 74 9 13
372 48 8 12
377 92 9 13
362 64 8 13
362 14 10 10
349 96 8 13
428 195 8 11
409 193 8 12
400 169 8 11
374 167 8 11
373 201 8 11
341 190 9 13
344 166 9 10
312 187 10 14
287 188 10 11
293 169 9 11
310 163 8 11
320 134 9 9
350 133 9 11
292 142 8 9
336 71 8 10
341 52 8 9
330 26 9 10
309 43 9 10
298 14 8 11
270 17 8 12
280 47 9 11
304 65 10 12
324 101 9 12
299 106 8 11
275 62 9 12
246 64 9 13
247 42 9 11
242 23 8 10
214 64 9 13
215 38 9 11
215 21 9 10
187 13 8 12
240 103 9 10
268 104 9 10
202 91 9 11
186 64 9 12
172 91 8 13
157 65 8 12
160 42 8 11
187 37 8 10
159 17 8 11
251 195 9 11
262 167 9 10
225 183 9 11
207 177 9 11
194 191 9 11
170 179 9 13
162 162 9 12
190 139 8 11
215 137 8 9
233 143 7 9
186 183 9 10
142 179 9 13
135 157 7 12
144 132 8 12
170 133 9 12
118 197 8 13
144 92 10 12
121 92 9 11
122 69 9 11
128 35 9 13
101 66 8 12
113 134 9 13
84 133 9 13
107 161 8 13
102 201 10 12
66 181 8 13
54 179 7 10
54 150 9 11
62 131 8 12
37 131 9 12
38 146 9 13
7 181 9 13
726 93 9 14
760 95 8 12
768 40 8 11
739 39 8 12
732 25 8 11
710 70 10 13
696 20 7 11
682 35 9 11
682 69 9 12
701 101 9 13
675 96 8 11
655 74 8 12
655 47 9 8
650 100 9 12
628 96 8 13
645 121 9 11
627 72 9 11
631 36 8 14
760 30 8 8
826 377 9 13
