362 84 8 12
382 91 6 10
436 88 7 10
476 87 6 11
498 86 7 13
454 88 6 11
543 94 8 11
609 88 9 11
648 99 9 12
676 91 5 9
718 93 6 8
755 91 5 10
799 84 7 12
896 98 5 9
920 92 9 12
84 101 8 11
22 125 31 35
87 124 20 25
139 179 29 43
202 186 15 24
292 265 17 33
430 301 18 17
563 354 8 11
593 346 7 9
598 372 6 7
651 368 5 9
699 369 5 9
823 524 8 15
805 582 14 20
911 350 7 9
864 348 6 8
868 377 8 10
879 392 4 10
897 433 9 12
991 383 7 9
1004 395 8 10
989 409 7 10
642 405 19 27
574 455 18 29
799 459 7 13
774 401 6 8
735 397 6 9
928 548 12 16
922 581 17 21
980 90 9 9
1012 93 6 9
539 353 4 7
528 420 12 23
189 89 8 9
260 80 8 13
619 95 6 8
782 365 5 7
799 379 4 7
827 415 6 8
