972 76 7 9
985 78 7 10
1007 68 7 11
887 81 7 9
949 75 5 7
955 81 7 8
748 63 6 10
771 67 8 11
676 88 3 6
708 97 4 5
693 89 6 5
454 87 5 7
428 86 5 7
415 92 5 5
400 87 5 6
394 86 4 6
365 86 4 5
354 95 3 5
334 85 5 6
339 137 6 9
383 151 5 11
337 180 8 9
245 83 5 4
326 92 4 6
243 116 5 6
279 139 6 8
289 133 6 9
305 117 6 8
311 160 6 9
312 195 5 7
300 186 6 8
173 82 5 7
187 89 5 7
166 85 6 7
379 212 7 8
492 264 7 10
512 257 7 10
528 284 6 10
620 365 7 9
628 376 7 10
633 411 8 11
518 371 5 7
684 460 7 8
706 467 6 10
596 338 4 9
559 311 5 9
756 411 4 6
856 472 5 8
709 497 9 11
855 528 9 12
962 518 8 13
242 329 4 7
263 338 4 6
49 436 5 8
100 412 6 6
126 399 6 8
342 562 7 11
415 597 6 11
515 626 8 12
645 669 5 8
405 536 4 5
63 86 6 7
43 84 5 8
943 623 8 13
972 643 13 16
410 86 4 5
274 317 4 3
222 314 4 5
203 314 4 6
185 315 5 6
279 88 5 5
253 90 4 7
214 86 7 10
796 529 9 7
741 506 7 10
172 481 8 7
146 468 5 8
262 508 6 9
258 535 8 11
653 0 8 9
