187 192 14 19
357 168 16 23
454 188 20 26
492 215 26 34
456 245 29 41
368 263 30 38
320 230 23 32
307 188 15 20
383 193 14 23
591 200 21 27
867 158 12 19
16 176 13 20
69 194 15 24
856 361 77 107
241 300 45 52
276 274 35 49
263 246 26 38
286 243 24 31
162 254 24 32
660 174 8 13
707 161 8 13
16 158 13 17
157 277 29 41
131 233 20 34
189 242 24 30
224 340 55 78
315 332 42 62
62 316 46 68
5 310 68 112
21 236 22 36
486 281 41 47
560 191 15 22
514 218 17 28
503 191 17 21
567 214 22 32
614 182 22 27
672 207 20 27
610 243 28 36
634 232 28 35
686 264 52 80
734 292 35 55
821 220 57 66
768 172 13 17
799 158 15 22
722 167 14 18
572 308 45 61
877 162 18 29
920 160 14 18
959 168 17 24
419 385 72 84
823 153 9 13
786 155 13 15
794 141 10 15
951 416 73 127
149 192 19 23
