121 146 14 13
198 144 27 34
227 116 13 13
297 110 10 13
276 111 10 10
157 182 26 38
347 141 37 64
345 103 10 14
312 103 8 10
122 246 49 61
47 232 54 57
287 202 66 75
54 328 86 75
197 298 59 45
440 90 25 30
424 130 23 31
475 124 25 32
548 103 30 38
534 91 23 27
630 78 26 33
608 72 22 26
591 91 20 18
464 106 23 27
661 162 30 43
690 126 37 50
723 65 25 33
672 262 44 59
471 76 12 12
916 76 39 40
840 139 73 83
887 26 12 18
956 2 20 23
980 5 11 16
878 100 27 35
892 285 69 74
834 626 147 168
895 12 16 21
910 13 12 15
