44 377 22 31
313 336 20 29
322 426 18 31
379 388 18 22
265 398 13 26
353 93 9 15
396 92 8 10
418 92 8 13
424 129 10 17
478 168 11 13
516 96 11 14
537 128 13 18
574 173 13 21
331 189 13 18
295 206 15 21
265 202 8 15
477 299 19 27
519 296 18 26
679 104 9 16
624 162 10 17
758 176 11 17
789 130 10 15
926 56 13 16
958 49 11 19
876 259 15 20
963 378 21 30
824 333 15 27
662 346 19 29
724 215 11 20
977 191 8 13
1008 336 16 25
28 165 14 21
57 148 13 17
80 133 16 16
199 89 8 15
167 179 13 17
100 244 13 22
47 303 14 19
611 356 10 21
802 172 11 16
321 88 6 14
549 108 7 13
860 95 9 14
836 211 13 17
854 202 9 16
727 116 15 14
648 115 13 13
649 134 12 16
294 368 21 18
