686 96 114 135
573 258 31 34
392 187 93 127
101 343 64 82
196 318 39 45
44 296 45 45
125 245 25 32
11 231 30 34
194 240 24 35
256 216 19 23
157 234 21 27
170 187 20 22
258 182 20 22
106 174 19 24
309 187 18 25
520 238 27 38
521 176 20 25
489 149 13 18
606 202 26 32
587 101 23 31
616 135 16 23
668 182 14 18
674 147 15 18
659 125 13 20
913 147 15 18
962 147 15 19
942 127 15 18
909 125 20 20
869 123 15 19
829 126 15 18
333 146 14 17
372 137 13 20
226 152 15 21
37 102 22 29
113 139 13 18
177 133 11 13
215 125 11 15
335 121 14 15
