36 375 13 19
40 350 18 22
102 253 16 19
79 241 10 19
46 228 15 19
133 370 11 17
243 359 13 16
278 377 15 19
337 366 13 16
160 255 12 22
194 254 14 18
121 230 14 16
99 227 15 17
137 226 12 19
156 238 14 17
178 244 13 16
209 227 14 15
227 241 14 14
215 253 16 21
248 255 14 22
269 258 16 19
290 254 15 13
262 240 13 17
279 233 15 18
305 235 14 16
324 242 16 18
344 263 11 14
330 270 13 17
304 291 13 17
365 252 14 19
384 253 14 17
402 256 12 19
379 375 13 15
398 334 12 17
408 359 13 15
381 242 9 11
392 244 12 14
415 246 13 15
449 326 13 19
495 345 15 19
496 326 13 14
514 300 15 17
466 296 11 15
487 242 14 17
468 257 13 16
457 235 14 14
436 250 12 13
483 203 13 15
539 248 15 20
558 225 13 16
571 248 15 16
593 241 14 15
575 232 13 17
621 217 13 19
656 220 15 18
641 233 17 19
625 255 15 17
636 259 14 17
563 313 14 17
533 347 16 21
572 345 16 19
598 358 14 19
624 354 11 12
670 339 11 15
699 323 14 16
689 365 10 16
671 243 13 18
681 258 17 21
698 217 13 18
720 224 14 15
722 242 15 16
728 258 17 20
746 221 14 13
753 240 14 15
768 236 14 16
736 369 15 16
760 367 11 17
780 250 14 18
779 225 13 16
802 236 13 21
812 252 7 8
824 240 15 18
832 258 14 20
826 220 13 16
862 221 15 12
864 237 16 18
885 235 14 18
899 244 13 16
946 209 13 10
962 217 16 25
947 249 13 17
882 307 19 21
853 314 18 19
789 376 9 15
111 209 12 16
597 223 15 18
