22 453 19 30
42 482 25 30
18 506 17 29
85 452 22 29
190 482 27 31
253 514 25 26
368 573 18 21
335 474 10 13
254 478 10 14
400 473 11 11
688 469 12 14
508 469 12 11
537 685 21 23
482 481 8 11
740 495 16 16
904 569 23 54
944 606 17 27
762 657 44 62
730 461 11 11
927 465 10 9
942 529 14 15
794 528 22 21
878 455 9 12
784 444 8 11
544 541 14 13
535 471 6 8
428 485 10 11
635 562 16 13
417 579 11 17
307 448 7 8
161 477 17 27
463 671 14 23
614 452 8 12
0 473 23 24
226 441 8 8
185 443 7 7
464 471 7 8
581 436 7 8
592 569 17 16
900 453 11 14
