77 371 39 31
68 292 32 47
62 270 26 24
33 234 18 22
23 202 16 20
38 202 7 11
58 210 12 18
77 209 16 16
67 210 10 16
77 228 18 20
127 195 16 21
110 211 10 10
136 217 17 24
100 255 17 14
141 270 27 31
174 330 31 31
222 318 39 40
270 291 31 34
226 258 28 33
213 265 19 18
175 219 15 17
172 204 13 18
194 201 13 16
208 205 13 18
255 218 18 23
278 237 23 28
303 269 22 26
303 232 18 20
310 194 14 16
285 217 16 13
252 204 12 12
47 128 10 12
89 136 11 15
173 140 6 6
12 195 7 17
246 181 6 6
270 178 8 7
290 180 7 7
329 179 7 7
341 177 5 6
360 179 7 6
386 178 6 8
408 177 8 8
398 180 6 6
325 143 4 5
368 170 4 4
319 178 6 5
437 581 5 5
649 200 13 16
634 215 13 12
728 185 10 11
796 204 14 17
778 200 11 12
780 213 15 15
759 211 18 22
729 212 19 27
705 214 17 23
724 210 10 14
690 222 13 12
647 220 17 17
680 258 25 25
664 244 17 19
640 246 24 23
637 294 26 23
742 298 26 19
615 316 29 28
632 347 42 47
741 349 33 23
793 347 45 42
848 349 31 25
826 262 27 36
777 256 25 25
854 136 5 4
822 207 16 22
816 204 12 12
890 213 16 20
856 229 16 12
846 215 11 13
909 229 18 20
823 244 13 11
872 263 24 28
923 268 26 33
939 241 20 27
948 211 16 18
1002 204 16 20
983 216 13 12
979 239 18 25
963 343 43 41
929 211 11 8
4 362 17 36
850 207 14 11
416 190 9 8
889 198 13 10
336 202 11 13
262 201 13 13
347 204 12 14
374 195 12 13
392 201 14 18
359 216 18 21
196 229 20 17
226 227 13 11
346 265 25 25
375 257 23 27
368 322 43 48
442 179 7 9
469 179 9 9
496 175 7 7
427 178 8 8
483 175 6 8
511 170 6 7
492 193 7 10
413 219 18 20
470 201 18 23
508 207 13 15
439 212 14 9
426 202 10 9
519 183 6 5
459 178 4 5
435 175 5 5
440 169 3 5
452 175 4 5
382 158 5 4
433 228 30 45
485 253 21 23
422 252 14 18
533 229 19 12
558 209 16 22
586 212 14 17
608 216 19 26
551 199 12 12
526 213 12 10
545 194 5 5
500 348 45 45
534 295 29 29
566 251 24 25
581 238 20 30
527 174 6 8
543 178 6 8
565 180 8 10
578 167 7 8
589 174 8 8
605 173 7 8
608 189 6 7
550 178 7 9
619 177 6 7
639 181 6 8
657 178 5 7
664 185 7 6
682 198 14 14
