93 253 49 59
161 231 40 74
1 295 18 66
10 234 33 63
138 243 29 55
58 250 31 44
236 254 21 40
280 251 21 34
339 241 18 40
138 212 16 25
157 187 11 22
169 187 13 22
100 194 18 23
117 187 18 26
31 175 19 19
57 163 13 25
95 169 16 19
217 192 16 24
360 226 22 39
478 205 25 34
448 231 12 27
453 221 11 22
465 218 12 17
431 210 15 18
429 231 13 31
472 190 13 16
521 225 18 19
539 216 10 26
568 202 12 19
578 212 15 17
594 205 9 14
638 217 7 14
754 203 25 35
709 200 15 15
815 205 11 14
831 189 11 12
899 193 9 15
907 202 8 14
914 201 11 14
959 210 9 11
976 195 11 13
1000 198 12 12
