964 397 23 27
1004 350 19 29
988 316 23 29
974 283 20 25
1017 246 7 27
953 252 20 26
879 403 23 30
911 353 23 30
911 325 24 26
888 276 24 30
877 267 21 25
895 222 22 28
851 361 24 26
799 389 25 26
778 352 25 31
828 326 26 25
807 280 21 29
813 262 19 23
798 229 23 28
778 204 23 26
732 369 26 29
758 312 22 28
699 335 26 32
729 302 22 23
750 276 20 28
738 247 20 23
679 292 23 30
637 386 25 28
619 322 25 32
649 288 22 25
677 265 24 25
661 200 21 32
639 204 23 26
993 171 21 27
919 184 20 27
899 187 20 24
826 184 23 21
715 187 21 27
759 179 20 24
600 295 24 30
605 260 22 16
553 414 21 27
506 412 37 50
530 335 24 31
551 338 14 25
569 286 22 28
536 268 22 27
582 217 22 26
571 203 21 22
525 210 22 26
466 413 22 27
395 403 22 29
445 342 26 33
452 301 24 29
481 259 25 29
460 249 21 30
448 221 21 27
383 356 20 28
395 281 19 29
359 291 23 34
394 248 22 28
382 199 21 29
341 195 21 24
306 392 24 27
314 356 24 30
311 284 24 27
261 298 23 27
316 256 22 24
313 216 22 27
227 376 27 34
245 372 20 26
229 292 23 32
240 253 24 29
249 237 22 22
252 195 22 25
184 198 25 26
169 215 22 23
166 239 25 29
157 296 21 25
174 330 22 26
162 364 23 28
151 409 24 31
67 373 23 33
79 357 24 33
101 301 24 30
96 282 23 26
103 219 22 28
115 197 21 23
1 345 16 29
8 284 24 30
19 243 24 30
28 226 20 21
38 188 23 22
