854 131 7 10
863 129 7 12
871 120 7 9
892 128 7 9
876 139 10 11
868 148 8 13
768 202 13 21
788 159 17 20
795 115 9 12
662 122 11 13
686 118 9 14
709 115 8 11
590 146 10 12
547 159 10 14
545 136 7 11
557 132 12 11
534 139 9 13
514 138 11 14
502 136 8 10
574 184 13 17
565 166 10 16
559 157 8 14
749 146 10 15
761 142 8 13
609 41 11 10
681 94 11 10
896 213 17 32
977 218 16 32
954 160 9 15
895 173 13 25
958 138 9 17
962 121 9 16
846 107 5 6
859 107 6 9
882 112 5 8
876 110 6 8
782 100 5 7
775 98 5 7
732 85 6 7
718 82 6 8
941 108 5 8
990 130 8 13
977 150 8 13
929 152 6 15
926 136 7 12
944 132 7 14
978 121 7 11
999 121 6 10
815 107 6 10
834 104 6 8
1008 181 13 27
1007 131 8 14
204 555 85 91
347 205 15 30
780 269 36 54
672 269 25 60
586 282 43 54
462 255 35 36
513 383 21 34
598 182 14 23
643 173 9 20
656 150 8 14
752 162 9 14
693 234 22 38
800 192 18 25
481 169 14 21
494 164 8 16
489 139 7 13
452 176 10 14
465 135 7 8
624 117 9 15
641 138 11 12
683 144 9 14
722 130 13 17
773 119 11 18
820 148 12 21
198 282 26 33
80 168 7 8
102 178 7 6
62 188 5 5
46 207 7 11
74 215 15 14
81 201 7 11
83 246 20 24
42 285 17 46
95 317 34 52
147 189 8 11
162 202 12 15
136 189 9 10
994 112 5 7
1017 103 5 7
