509 139 20 24
582 113 15 23
531 66 13 22
608 35 11 21
681 18 12 22
692 144 14 24
613 138 19 24
412 104 18 29
467 77 15 23
469 141 16 23
448 159 14 20
360 137 15 23
718 69 10 22
746 98 10 23
727 137 14 15
301 157 18 23
240 166 18 22
222 143 13 24
248 129 15 21
573 28 11 22
413 49 15 21
766 73 11 14
109 126 14 20
156 148 16 21
193 147 13 17
48 149 17 24
3 132 15 24
184 26 10 17
262 65 11 19
254 27 11 12
71 195 17 30
797 85 14 21
791 128 13 20
836 142 15 25
880 47 9 19
961 12 15 17
977 121 18 28
951 131 16 27
960 114 13 16
892 160 13 23
813 25 12 19
171 2 10 16
277 0 12 15
313 8 12 15
341 6 12 12
136 20 11 11
201 7 12 12
104 4 11 12
597 3 6 8
638 6 7 7
364 50 13 19
453 2 13 14
