977 354 12 17
1007 353 7 9
960 343 6 8
964 338 5 6
938 340 11 16
916 351 12 18
934 374 10 15
927 435 8 16
922 412 9 16
849 510 28 39
970 517 13 36
789 457 13 28
871 441 11 18
689 375 8 15
624 399 7 12
649 403 12 16
607 387 12 12
572 393 6 15
618 460 12 18
761 402 10 16
733 382 8 13
868 418 9 18
816 409 11 16
810 398 9 15
824 432 10 18
854 488 12 23
840 478 14 20
775 442 11 15
826 343 6 7
606 316 6 6
589 320 7 7
506 385 16 13
517 450 9 21
590 417 10 17
457 318 4 6
456 384 10 15
413 386 9 12
341 382 12 16
296 361 7 7
361 299 7 9
255 322 6 5
273 306 4 5
239 325 6 6
60 335 6 3
52 362 12 14
48 390 9 13
58 409 9 18
89 390 10 17
99 385 10 15
125 386 10 14
120 403 13 14
143 455 11 15
94 491 16 20
173 395 9 14
176 381 9 12
201 388 8 12
214 394 10 13
238 392 9 13
248 377 8 13
262 386 9 13
253 398 9 13
264 376 8 12
285 388 12 15
297 387 9 13
347 431 9 22
27 395 10 13
14 406 8 18
142 388 7 13
552 402 9 16
879 316 9 11
658 395 12 15
257 429 14 21
252 508 13 28
303 367 6 8
