560 202 36 36
443 216 36 37
141 224 38 39
226 176 29 35
276 136 23 35
316 128 25 28
373 116 28 32
829 38 21 21
696 23 25 30
668 100 21 31
746 102 18 22
820 91 14 21
907 94 20 23
916 140 24 34
474 128 27 27
536 75 22 27
564 46 22 27
492 22 26 33
197 128 33 38
117 190 29 30
57 137 35 36
33 217 31 40
27 367 38 41
53 91 22 25
93 91 17 26
119 108 21 27
149 54 20 31
652 48 24 29
628 10 19 24
440 510 34 69
361 585 73 97
58 644 94 75
551 680 47 41
428 109 26 39
340 104 21 27
370 27 24 31
843 8 21 24
730 28 22 25
474 53 20 34
958 31 26 29
