199 261 66 88
253 193 37 44
184 131 35 39
291 106 31 45
449 251 54 73
456 377 53 86
363 428 67 115
582 384 66 86
674 385 71 99
452 170 47 62
396 138 35 49
308 219 45 66
704 196 55 62
719 143 45 50
721 173 41 55
554 346 42 57
399 401 45 96
378 313 57 69
300 310 38 60
541 240 44 65
540 40 37 56
415 53 33 44
534 145 27 51
849 254 52 68
863 147 37 58
906 117 35 51
673 272 68 73
584 150 33 49
698 40 36 46
585 11 24 38
600 44 21 36
656 32 27 41
495 0 28 29
356 0 26 26
362 76 25 42
879 47 30 52
901 44 28 49
751 405 64 88
0 497 51 82
0 599 51 84
65 576 79 82
418 614 60 69
671 592 84 91
600 533 57 90
825 614 72 69
971 546 53 108
960 457 62 85
969 356 55 92
960 288 64 85
59 268 52 67
217 61 28 40
285 62 33 37
262 7 20 39
152 22 29 42
130 68 33 41
73 93 32 52
16 203 48 57
65 46 32 38
90 0 24 28
45 0 22 16
41 64 17 30
131 35 24 36
344 144 25 53
27 6 30 30
40 149 50 47
92 188 31 52
896 193 56 63
681 30 38 46
734 73 38 42
396 642 58 41
