770 353 7 9
747 352 7 8
870 354 5 11
879 359 6 10
928 365 8 8
911 364 5 8
891 356 8 8
965 364 6 11
941 365 3 8
814 362 8 8
707 357 6 10
637 324 17 24
554 310 20 24
484 195 6 9
544 202 8 8
512 202 6 7
571 206 5 7
581 204 6 10
632 199 5 10
666 207 7 9
638 207 6 8
68 310 21 21
133 318 17 19
186 314 16 24
210 300 19 22
278 313 19 26
319 341 5 10
326 299 5 9
347 281 6 9
268 279 5 8
280 270 6 9
294 267 5 10
307 268 6 7
315 273 5 6
323 265 7 10
350 259 7 8
307 337 8 12
293 293 7 8
269 270 5 7
384 332 19 23
392 262 6 8
367 262 8 8
334 259 8 8
733 199 7 8
715 197 7 9
696 195 7 9
776 196 5 9
800 197 8 8
783 195 7 9
822 201 6 9
846 203 7 9
491 340 11 15
515 349 10 10
857 366 8 13
788 355 13 9
883 195 8 9
915 202 7 8
949 196 8 10
971 197 8 11
985 202 6 9
899 196 8 9
933 202 7 10
864 198 8 10
440 230 6 6
500 198 7 10
593 200 9 8
651 206 7 8
995 200 7 7
1007 204 7 7
