85 226 11 16
119 211 12 15
140 243 10 16
75 244 12 21
58 285 16 20
37 277 17 22
201 268 14 19
246 282 11 17
312 277 14 24
407 275 10 20
431 270 10 22
283 272 12 16
286 243 10 20
247 251 11 14
252 272 13 20
41 252 5 8
46 244 6 7
355 260 7 11
402 256 10 17
440 253 9 16
460 253 8 11
306 254 11 14
300 245 8 10
198 255 11 13
331 268 11 18
335 246 8 14
322 260 10 12
530 242 14 25
676 280 14 21
717 310 12 16
763 280 11 22
753 308 10 20
564 286 9 13
487 255 8 11
473 252 7 12
586 284 11 15
597 282 8 14
604 261 10 11
870 299 16 24
918 293 10 12
892 279 7 10
806 290 8 14
652 284 13 17
745 273 10 17
566 263 8 11
963 288 7 11
196 232 12 14
826 284 11 17
151 246 11 12
3 229 16 24
