765 164 10 11
803 161 6 10
813 178 15 17
754 109 13 16
819 137 10 14
786 120 13 12
763 136 9 8
774 151 10 11
784 154 11 16
695 155 11 14
676 167 9 13
663 157 9 15
652 152 11 15
657 110 13 14
680 112 13 17
652 53 9 13
644 82 11 16
559 216 14 22
587 180 14 19
568 170 12 20
507 214 17 20
483 213 20 30
464 215 14 21
418 224 14 21
412 203 14 15
443 183 14 14
477 182 10 11
471 167 11 13
535 175 8 14
637 174 15 15
976 196 13 21
912 193 13 14
906 142 11 12
893 188 9 12
872 115 11 15
888 106 8 13
986 57 10 14
1001 50 11 18
989 120 11 14
997 93 11 16
971 159 10 11
986 181 12 15
970 141 8 9
866 155 12 16
854 177 11 14
724 108 12 14
892 219 25 38
619 200 27 35
1006 159 14 19
996 149 13 18
784 214 16 20
829 185 14 18
834 158 11 13
862 200 12 21
691 225 11 27
692 200 15 21
734 216 19 24
733 194 16 19
723 134 10 13
420 177 13 19
281 221 19 29
345 226 20 25
380 207 18 22
366 193 11 18
348 201 7 10
300 209 15 25
325 199 11 15
310 179 12 17
228 228 18 29
256 232 14 20
273 212 12 20
250 207 12 15
273 190 8 16
287 190 10 18
266 168 12 17
252 174 10 18
244 183 13 19
212 188 19 30
209 173 17 20
179 228 16 19
141 205 18 22
93 206 21 33
132 192 9 12
144 168 9 12
164 172 13 14
182 203 11 15
164 212 8 12
161 190 9 13
34 175 10 14
17 173 10 15
77 175 7 10
120 181 14 15
98 177 12 17
63 205 18 34
406 177 9 12
555 174 9 13
503 186 8 16
697 126 10 11
714 155 10 13
821 85 11 14
673 55 11 14
690 75 9 11
750 71 10 15
824 65 10 13
803 65 13 12
820 45 9 12
764 50 9 12
759 62 10 12
719 45 11 13
688 43 10 13
787 69 11 13
699 57 10 11
720 71 9 15
872 140 9 17
774 192 15 16
728 148 13 16
767 82 7 16
807 43 9 12
903 103 9 12
948 94 14 23
609 177 14 17
113 168 12 15
186 170 10 14
243 168 11 13
52 181 12 21
4 176 12 21
