645 65 30 42
755 91 40 59
552 91 32 48
492 83 21 23
698 259 41 39
725 58 15 23
751 36 14 20
779 38 10 13
603 34 13 16
562 54 10 13
515 53 17 20
505 313 38 48
189 276 53 38
6 153 43 101
63 125 49 66
202 135 44 50
296 92 28 36
827 104 54 72
949 72 33 39
230 77 20 23
122 86 23 24
106 100 13 16
186 76 18 26
180 135 29 36
223 40 15 17
265 80 16 23
372 47 16 24
421 77 16 25
452 84 27 42
703 51 13 13
685 63 16 21
668 37 13 19
801 19 16 20
771 23 9 15
740 27 12 16
848 17 15 19
819 35 13 18
893 6 18 20
947 35 19 24
1010 25 12 23
1003 12 12 16
963 16 11 16
635 34 11 17
469 59 13 17
441 69 16 25
491 61 10 15
581 37 13 20
391 54 17 16
694 34 12 16
704 33 14 17
938 19 15 27
