46 317 16 18
42 358 16 20
13 392 24 32
82 370 22 33
148 358 11 18
201 323 9 10
188 393 15 34
237 362 17 22
293 359 8 13
274 355 14 18
276 386 19 37
308 388 15 27
250 358 9 12
370 374 17 23
431 349 18 24
472 406 22 18
521 377 10 16
411 370 9 12
369 350 7 10
505 318 5 8
486 348 6 8
518 355 6 10
514 358 7 10
554 361 6 11
558 348 7 7
567 322 6 8
517 323 5 6
584 328 4 6
613 328 5 7
624 333 5 7
647 331 4 7
674 351 7 8
663 346 7 9
664 364 10 13
633 362 13 18
605 361 11 13
566 361 11 14
531 365 11 12
685 330 6 8
690 358 9 10
706 359 8 9
716 354 8 7
732 362 5 9
745 359 9 11
782 348 9 12
801 362 9 12
811 358 9 10
902 242 15 24
973 354 9 9
347 366 15 19
473 351 10 16
172 375 14 20
