0 368 18 31
83 347 27 25
192 348 37 48
484 412 27 29
522 400 27 33
607 410 29 36
795 409 28 35
645 337 10 13
730 348 14 16
545 389 21 30
558 366 12 15
369 344 12 18
385 336 11 12
307 350 9 11
388 367 13 18
423 356 10 15
154 328 11 17
175 327 14 17
323 335 10 14
274 321 8 10
292 340 7 11
25 327 12 15
12 311 12 13
52 316 18 21
93 304 10 11
826 355 9 10
856 365 7 9
883 366 8 9
871 352 8 9
827 346 6 9
820 347 7 9
776 357 7 11
927 360 8 11
999 368 8 10
980 361 10 12
940 359 9 11
742 387 25 48
1001 409 21 31
225 343 21 30
