81 224 15 20
11 319 20 26
81 308 19 26
177 312 17 20
194 217 16 21
176 227 15 19
258 210 26 28
311 240 14 20
354 235 10 14
500 225 21 26
523 216 19 36
864 198 26 32
135 319 22 21
127 224 15 18
379 222 12 17
300 223 14 18
667 249 15 21
653 283 15 20
822 243 22 26
722 245 14 19
741 242 14 17
633 245 6 9
396 240 14 18
966 239 16 17
928 254 14 17
760 378 16 18
976 335 21 24
981 248 17 21
1002 249 13 19
943 333 15 22
299 317 14 16
221 216 14 18
236 226 15 20
153 238 16 23
148 223 14 20
26 209 21 25
53 214 14 19
284 229 15 19
415 243 13 17
435 246 13 16
434 233 12 15
419 224 12 17
469 242 12 16
474 226 11 16
492 228 14 18
335 308 14 15
476 345 14 19
607 247 13 16
718 317 17 19
766 265 12 16
653 247 12 16
1012 323 12 19
772 245 10 11
658 327 17 21
