824 295 8 10
992 301 9 10
917 436 7 10
994 449 4 8
738 475 12 17
775 432 9 11
294 84 57 65
663 608 12 15
640 549 13 15
670 526 13 19
724 563 15 21
697 581 13 13
698 511 15 19
714 530 10 12
713 488 14 20
676 465 8 12
657 477 9 12
643 461 9 13
785 465 11 19
830 470 14 19
862 463 10 11
906 502 13 16
865 482 11 16
876 535 12 18
855 548 14 17
748 509 15 17
765 495 11 17
797 491 9 16
637 517 12 15
657 513 14 17
622 487 11 17
617 472 9 11
713 463 10 13
836 537 10 23
899 423 10 14
948 415 13 15
946 486 19 25
738 282 12 18
765 273 8 11
759 340 11 15
808 462 8 12
17 352 11 15
73 344 9 10
95 348 10 13
878 301 11 16
908 327 13 15
977 247 12 15
841 292 10 14
184 328 10 12
187 309 6 9
227 308 7 9
226 329 12 18
96 328 8 9
129 341 10 12
1009 297 13 20
770 561 9 11
782 335 10 15
763 319 13 17
800 331 14 20
823 338 10 13
869 335 10 15
832 307 12 17
878 271 10 16
