916 459 20 32
968 402 13 16
927 356 12 11
861 414 17 22
850 402 12 15
829 395 10 15
796 385 11 12
747 388 10 14
801 335 7 10
819 339 6 8
626 346 8 10
578 338 7 9
541 365 6 11
567 360 7 12
506 389 10 13
221 400 14 19
265 432 12 24
202 344 10 9
217 330 8 10
286 335 8 9
261 338 6 9
118 348 8 11
97 327 6 8
98 350 6 9
17 487 18 21
32 493 15 21
312 429 15 20
327 368 9 13
271 364 7 10
395 461 12 19
448 458 13 23
542 447 13 15
645 469 11 20
672 422 13 18
548 363 6 9
736 365 8 13
770 355 7 10
355 336 7 10
231 308 5 6
219 313 6 7
123 316 6 8
207 316 5 6
233 325 8 11
652 353 7 8
697 324 5 7
731 343 6 9
753 329 8 8
741 299 7 10
499 317 6 8
479 388 10 12
561 372 7 9
134 404 10 12
254 325 6 9
319 312 6 9
302 309 6 7
48 474 18 28
846 346 6 8
697 357 7 8
912 359 7 11
