616 27 9 11
644 59 12 13
677 65 11 12
684 77 9 11
708 69 13 14
782 49 11 14
731 97 6 14
686 112 16 19
638 102 12 14
616 116 12 16
619 132 12 14
732 126 16 20
662 144 14 18
633 149 14 17
606 147 17 19
588 137 14 19
823 55 10 15
838 38 12 16
870 32 12 15
857 47 10 14
865 55 12 13
907 51 13 16
903 42 12 13
940 64 15 12
944 47 12 14
964 63 12 16
958 53 12 14
987 55 13 16
997 52 14 16
1003 24 13 17
937 98 16 19
1012 69 11 18
934 146 16 20
922 139 12 15
990 151 19 24
866 125 14 20
904 158 18 21
866 160 17 20
841 150 14 21
795 136 17 19
785 156 14 17
789 131 12 16
975 169 18 23
920 174 18 22
874 187 14 17
848 190 18 18
835 173 18 19
815 184 14 17
796 190 19 22
802 252 20 27
845 260 26 28
981 209 15 33
924 258 14 35
1002 229 22 35
966 261 13 30
704 162 17 23
725 153 13 16
734 163 18 20
757 177 13 16
748 197 17 18
767 213 17 18
849 208 15 25
945 285 17 28
670 160 18 26
667 177 17 21
671 197 17 21
688 197 12 22
640 181 18 19
609 198 22 23
583 189 18 21
698 190 39 56
584 263 15 21
566 104 12 15
553 79 12 12
550 121 13 18
544 143 15 17
546 160 17 23
569 182 18 18
531 190 18 21
510 182 12 19
520 185 15 17
541 220 19 24
477 209 40 49
416 113 16 20
407 149 17 24
308 119 13 20
22 53 9 12
65 60 12 12
1 144 16 27
6 160 19 24
33 191 17 21
7 218 17 19
86 198 10 14
222 43 26 28
180 221 33 37
56 93 8 14
902 205 29 50
