214 391 23 28
292 368 20 28
259 364 18 22
132 389 18 29
162 366 14 19
114 374 20 27
186 363 19 31
228 376 15 17
245 367 13 16
281 374 16 24
308 359 14 19
323 352 14 18
347 359 14 19
366 357 11 17
213 352 18 22
199 348 13 15
226 359 9 12
229 344 8 13
223 341 13 13
175 365 9 17
155 363 11 17
137 359 15 19
104 356 20 26
76 372 13 18
92 364 7 10
73 355 8 14
84 339 11 17
76 328 8 10
111 345 17 23
139 352 12 8
133 348 7 7
128 361 8 12
159 346 13 9
172 341 12 11
186 343 8 10
200 335 7 6
142 331 6 8
217 332 8 10
226 335 10 7
225 328 10 8
233 321 7 10
253 329 10 14
242 336 6 5
249 349 6 6
187 321 9 7
161 326 10 9
155 329 6 8
147 340 6 7
115 329 12 9
75 347 5 8
103 324 11 11
127 319 8 10
133 319 9 11
205 376 16 16
206 367 11 10
100 337 6 7
131 310 8 8
147 308 5 6
157 316 7 7
164 322 10 7
181 315 9 10
194 306 6 9
209 311 7 7
218 315 7 7
214 323 5 6
233 315 8 7
240 313 5 5
253 313 8 10
200 327 9 7
178 331 6 6
156 301 3 3
160 303 3 3
140 308 6 7
131 334 5 5
89 311 5 4
102 309 6 3
97 302 3 3
100 296 7 6
90 300 5 5
74 313 5 5
114 297 7 7
127 297 4 4
171 315 4 5
160 311 4 5
165 311 4 5
179 292 3 4
87 286 4 5
81 286 3 4
108 300 4 4
111 311 3 3
106 293 3 3
83 308 3 4
76 297 2 2
144 293 3 4
154 290 3 3
130 290 3 3
137 287 3 3
127 309 3 3
135 305 4 3
122 307 4 3
121 291 3 3
112 289 3 3
97 293 2 3
140 300 3 3
154 294 3 2
75 303 4 4
159 291 3 4
116 324 5 4
166 293 5 4
169 288 4 4
184 288 3 3
274 341 14 16
288 339 5 6
296 344 14 16
280 359 11 12
266 328 8 10
314 328 13 14
305 326 10 10
297 311 10 11
288 309 9 10
286 319 10 9
268 294 9 10
281 296 8 7
264 310 12 10
274 332 8 8
278 317 6 7
257 350 12 7
235 307 5 6
262 291 7 9
294 288 8 8
317 307 9 11
319 291 7 9
343 291 8 11
332 293 6 5
250 302 4 4
244 302 4 6
227 307 5 6
231 298 3 3
225 297 3 5
221 297 3 5
200 285 4 5
210 289 5 5
220 291 4 5
227 289 5 6
233 291 4 5
202 293 4 4
207 295 4 6
214 295 6 7
177 304 6 7
174 294 4 5
191 293 5 4
193 288 3 3
250 290 4 4
209 306 4 3
290 290 3 5
241 291 3 3
272 286 4 3
277 291 3 4
305 295 5 6
312 294 4 7
306 288 5 3
328 317 6 7
335 314 7 7
342 320 8 7
336 341 12 12
256 302 4 5
337 283 2 3
236 285 3 3
357 289 4 3
366 288 3 2
349 293 5 7
372 287 10 14
397 283 6 7
405 283 6 7
402 265 4 4
412 268 3 3
421 267 5 8
425 280 10 13
451 281 10 12
388 295 6 5
391 291 5 6
413 286 4 4
418 286 5 6
434 275 2 2
444 284 4 5
434 288 7 7
447 292 3 3
462 287 9 11
398 292 9 13
410 294 9 7
473 294 6 9
384 320 12 10
357 303 6 9
361 293 3 3
394 278 2 3
445 275 3 4
451 276 6 5
449 265 4 4
456 266 4 6
479 281 3 3
486 284 4 4
493 311 9 12
483 318 9 10
476 335 12 10
434 340 17 18
423 325 10 8
449 335 11 11
425 335 10 13
414 340 14 12
409 325 12 9
403 331 11 17
390 333 12 14
376 341 13 13
371 330 12 10
497 280 2 3
500 286 3 4
512 287 4 5
520 287 4 5
526 291 4 5
529 288 4 4
530 284 3 3
533 287 3 5
509 288 3 5
505 295 5 5
515 290 3 5
505 280 6 3
473 283 5 7
516 309 11 12
526 297 9 11
549 281 3 3
555 297 7 14
546 289 5 5
538 300 5 6
547 300 5 5
506 314 6 7
528 315 8 9
538 311 4 4
545 313 7 7
562 302 8 11
552 318 9 9
568 309 9 10
579 290 4 4
561 281 3 2
580 282 3 4
587 281 4 4
614 297 6 5
595 292 4 5
603 289 3 4
604 280 3 3
575 301 6 7
622 291 4 5
632 287 5 6
630 284 3 4
624 281 3 3
615 312 10 7
602 307 8 9
598 299 6 7
609 291 4 5
583 290 5 5
615 327 10 15
600 319 10 12
587 307 8 12
585 297 6 5
578 323 10 6
581 300 5 7
572 288 3 4
562 331 14 14
579 315 12 9
632 296 6 6
626 308 7 10
628 300 5 4
622 288 5 5
532 328 9 12
536 316 11 12
546 307 5 4
559 293 2 2
651 279 5 6
662 280 4 5
671 282 3 3
678 281 3 4
660 292 5 4
663 297 6 7
680 294 6 6
698 284 4 4
647 282 3 3
709 285 2 3
713 285 4 5
720 284 4 5
729 283 4 5
735 280 4 6
703 278 3 4
685 284 3 3
753 286 3 4
758 281 3 5
768 282 4 5
776 278 4 4
755 293 4 4
746 294 5 5
720 295 5 4
723 299 6 6
705 296 5 5
708 300 6 7
698 296 5 8
690 309 5 5
689 296 6 6
727 306 9 10
733 306 6 9
731 302 5 5
741 306 9 8
752 301 6 8
755 297 6 7
763 299 7 7
770 308 5 6
774 304 5 9
777 287 5 4
785 289 7 8
797 288 5 6
791 304 7 5
789 285 3 3
802 298 5 5
800 308 10 11
781 322 9 12
755 320 14 13
766 315 9 16
732 325 16 14
720 319 5 6
727 325 6 12
676 311 11 13
668 311 9 11
675 302 7 6
673 297 5 4
651 310 8 7
655 316 10 8
630 339 16 17
649 300 9 8
677 290 3 3
756 340 15 20
743 352 16 22
712 336 11 16
708 321 11 13
693 319 7 6
692 327 6 5
695 336 17 22
686 340 9 12
680 330 9 12
670 323 8 7
668 334 10 14
655 330 8 12
644 335 13 21
640 306 3 4
636 323 16 11
736 287 4 4
688 283 3 3
724 279 4 4
732 298 5 4
772 289 4 4
785 298 6 8
780 348 18 25
793 319 12 17
808 331 14 18
801 332 10 13
840 344 12 11
835 328 13 12
828 313 14 13
855 319 12 15
868 313 7 10
876 317 7 9
883 320 11 13
896 325 17 19
889 305 11 12
845 309 7 9
815 310 10 10
825 300 6 7
839 297 3 7
809 285 4 6
814 280 3 3
820 281 2 3
810 297 4 3
816 300 8 7
834 282 5 5
840 280 4 5
837 294 4 4
842 288 5 6
853 282 4 5
864 277 3 6
877 295 3 4
886 291 3 4
897 292 5 4
882 297 9 11
856 299 6 8
901 304 4 2
914 298 8 11
919 309 10 8
932 305 7 12
919 301 6 7
943 321 12 14
922 321 8 8
927 330 10 11
907 315 11 10
912 329 13 21
926 346 17 15
898 279 3 3
906 287 3 2
896 299 3 4
863 303 3 2
864 306 6 6
867 303 3 2
935 273 3 3
958 299 8 12
956 292 6 7
956 282 3 3
968 302 6 8
948 353 19 24
881 286 2 2
986 276 3 4
989 299 5 7
978 283 3 3
975 274 5 5
992 283 4 5
988 287 4 4
956 327 8 8
947 294 3 6
929 287 7 7
933 294 6 6
936 281 5 4
987 311 3 3
959 312 8 10
976 344 23 30
969 320 15 17
971 337 17 21
994 320 7 13
995 308 5 10
927 361 20 27
853 348 20 27
836 358 24 30
810 310 4 6
668 358 20 29
679 343 6 6
582 353 20 31
602 354 11 15
609 348 11 13
580 339 15 12
549 330 11 11
549 342 12 11
563 352 14 19
539 358 15 15
539 334 7 13
524 345 16 20
500 348 14 18
514 341 9 14
503 372 24 29
512 358 10 10
478 364 16 17
469 349 13 13
490 340 10 10
496 328 10 9
510 326 11 12
521 325 8 9
506 309 7 6
448 350 12 11
461 313 10 11
478 286 5 4
478 291 5 8
491 284 3 3
491 294 4 4
495 296 3 4
489 299 8 8
531 292 6 5
508 303 4 4
472 301 4 7
426 380 20 29
289 334 5 6
355 332 15 12
391 359 15 17
446 319 9 9
399 327 9 8
329 326 6 8
333 325 6 7
422 155 4 3
410 163 4 4
492 154 5 5
476 161 3 4
502 155 3 4
509 151 3 4
520 155 3 4
570 151 3 4
576 155 3 4
594 155 4 5
635 156 4 4
757 367 22 27
