177 465 28 28
199 333 23 24
89 321 23 24
36 267 21 30
24 232 14 23
92 246 25 34
170 270 22 29
260 264 22 32
258 213 22 29
169 191 22 30
193 207 18 23
184 164 19 25
194 145 17 22
266 160 22 27
118 189 20 26
85 214 23 25
35 185 22 30
41 172 19 17
61 140 18 27
77 109 19 23
135 143 16 16
232 132 17 21
287 148 18 26
288 120 21 25
345 275 21 24
430 237 23 34
446 190 21 28
345 221 20 31
357 202 18 23
351 177 18 20
423 162 18 25
429 134 19 23
348 131 19 27
439 109 17 25
369 98 16 26
496 105 18 20
294 73 17 24
289 58 14 21
306 60 14 21
303 46 11 12
299 26 14 16
306 12 11 13
304 0 13 8
316 1 10 10
312 11 7 14
253 0 14 14
247 18 13 14
237 29 11 14
249 42 15 21
229 48 15 22
196 16 14 16
153 12 14 17
135 21 15 20
112 25 10 20
173 42 15 20
195 41 13 19
213 92 16 19
156 94 18 21
138 103 15 16
150 98 11 16
223 81 15 25
352 66 16 20
365 50 14 18
369 31 16 21
351 20 15 21
365 0 11 19
421 0 12 18
431 1 8 14
412 30 13 18
423 44 15 17
418 65 13 22
373 6 6 10
435 70 17 25
474 0 13 8
500 22 13 18
499 53 19 21
556 0 15 14
518 0 12 7
622 0 12 9
608 17 13 17
582 17 14 20
559 48 14 21
544 74 13 18
570 89 16 22
601 39 13 18
602 77 15 23
584 96 15 19
575 115 18 27
641 30 12 14
657 11 14 12
659 27 17 20
659 44 16 21
677 14 10 7
689 9 11 12
675 66 15 23
639 110 11 19
652 107 17 22
657 89 12 11
582 164 19 21
656 146 17 24
670 156 18 24
694 198 19 25
701 221 22 29
583 188 16 22
600 212 23 26
608 223 24 26
631 305 22 23
732 264 22 25
807 266 20 30
798 225 22 25
770 211 20 29
751 195 19 24
744 150 22 26
731 140 18 24
848 335 21 22
909 438 35 34
1003 385 14 79
973 355 11 80
993 362 15 70
897 262 20 31
974 249 20 27
998 256 20 29
1000 209 17 23
922 224 19 24
923 183 19 24
984 176 15 22
1006 181 17 22
853 216 17 23
837 186 20 22
1020 148 3 15
946 155 19 24
911 182 14 22
871 153 17 22
835 142 20 25
942 129 16 22
919 118 15 19
867 107 18 24
854 97 15 22
811 143 19 17
774 112 18 24
771 96 16 19
753 78 13 20
810 76 16 20
875 66 16 24
935 84 16 23
724 67 15 18
727 34 16 18
717 22 14 23
708 29 9 17
671 32 11 15
708 6 14 17
765 15 14 18
772 22 15 23
820 6 13 19
835 5 11 17
863 0 15 17
867 28 14 14
850 38 14 21
833 35 13 18
808 46 14 15
809 63 15 15
869 59 14 19
890 44 16 19
696 73 10 14
899 0 16 13
926 55 16 21
943 20 16 20
982 71 15 22
967 94 15 22
987 31 12 18
984 5 8 9
890 233 23 28
646 249 15 23
112 168 20 25
