1005 18 10 22
958 4 20 22
910 14 19 23
846 0 21 22
800 13 18 22
772 1 15 25
698 18 21 24
657 8 15 26
598 11 19 26
554 21 17 21
576 24 18 26
452 49 21 25
372 22 20 24
299 32 11 21
208 59 14 25
210 70 16 21
156 40 15 25
284 78 22 27
290 129 24 31
221 131 27 35
200 125 21 32
175 114 21 29
195 152 28 34
244 172 29 35
302 167 29 36
333 163 30 33
371 183 31 40
410 174 30 35
448 196 27 35
136 145 20 28
164 193 31 31
56 10 18 21
23 28 15 25
17 50 19 26
43 53 19 25
52 79 11 23
117 62 13 26
76 121 26 33
114 124 24 30
128 120 24 26
17 168 27 30
16 115 13 29
50 161 19 36
85 169 26 38
106 179 37 35
114 197 23 38
94 212 21 38
375 212 23 39
473 183 28 31
500 173 28 39
545 183 30 35
572 191 30 36
431 232 33 36
466 238 34 35
501 256 33 42
564 248 34 43
575 230 37 38
596 215 31 39
637 214 39 39
600 301 35 46
382 306 37 42
470 293 35 43
519 304 38 43
618 292 34 42
635 274 25 41
661 246 35 42
675 288 37 42
699 266 35 39
739 267 33 42
780 285 37 36
857 242 34 40
921 279 35 31
831 284 35 44
840 322 42 43
966 261 40 48
1001 254 23 43
983 313 28 46
729 324 37 43
807 321 13 44
876 496 15 54
