144 194 20 24
149 177 21 16
180 198 25 31
225 202 16 23
215 208 17 24
270 191 20 28
311 211 11 14
329 228 16 15
340 203 19 25
453 210 21 25
477 225 15 16
494 226 12 18
505 223 18 28
528 227 18 20
533 240 13 22
585 247 13 21
637 238 9 9
649 232 11 12
640 246 15 17
652 236 12 23
638 252 11 15
685 268 12 19
683 252 12 11
703 236 14 24
743 266 17 21
757 248 11 16
690 257 12 16
751 220 7 10
794 260 12 11
814 262 11 13
784 255 9 8
769 214 8 9
768 224 9 11
740 252 9 10
748 244 8 10
906 261 7 8
903 239 9 9
939 254 9 11
912 218 8 12
925 223 7 9
989 244 11 10
985 234 9 9
997 216 9 10
1015 225 7 13
949 218 9 9
969 221 8 9
960 244 8 9
948 231 6 7
954 274 6 10
908 243 8 12
916 234 7 8
917 245 7 8
913 253 8 12
940 231 6 8
931 238 7 5
926 249 6 7
736 194 9 7
754 194 9 9
713 180 7 7
692 180 8 7
662 221 8 8
684 200 8 9
655 180 7 7
685 223 7 7
650 209 8 8
670 197 7 12
646 179 7 5
632 214 10 12
612 218 8 10
639 179 6 6
612 166 8 8
592 168 8 8
585 194 8 9
563 172 5 6
562 192 11 8
525 155 7 7
540 142 6 6
504 153 5 7
511 201 8 8
475 145 7 9
487 146 6 9
455 138 7 7
449 134 5 7
443 134 6 5
440 150 5 7
503 138 5 5
419 128 5 5
393 130 9 9
411 143 9 8
392 113 6 10
409 122 7 9
353 127 8 9
371 144 8 10
409 176 7 8
352 110 7 7
368 109 7 5
343 107 8 10
324 86 8 9
308 92 7 8
317 89 7 9
297 103 7 7
291 84 7 5
276 75 10 9
265 101 8 9
259 79 7 7
238 83 8 9
251 95 6 8
225 71 8 8
206 71 7 10
194 70 7 6
174 70 7 5
170 89 7 8
176 80 8 7
184 79 7 6
179 89 7 10
139 64 5 9
150 77 7 6
265 113 9 8
839 146 29 43
