843 82 6 7
827 96 7 9
942 99 20 28
827 204 21 26
810 205 15 21
943 272 8 10
821 323 10 13
907 373 7 11
922 376 7 8
935 399 8 11
955 405 7 9
964 385 7 11
635 248 10 13
609 256 9 13
939 515 5 7
916 515 5 7
850 438 8 10
791 427 8 12
379 272 18 22
348 277 16 18
250 84 34 36
65 91 20 26
172 257 8 13
58 369 11 16
196 402 21 33
139 428 18 22
180 530 22 30
88 541 9 12
322 461 43 50
386 439 47 54
590 509 7 8
583 496 7 8
572 515 6 6
551 501 6 6
551 488 7 7
539 494 8 8
672 518 7 8
693 521 8 8
690 534 6 6
652 540 5 6
894 627 8 12
800 544 6 7
785 634 10 12
829 650 8 11
923 655 9 12
332 686 26 27
281 662 27 32
431 646 13 13
456 663 11 11
703 667 12 16
687 681 10 13
656 661 14 16
614 666 11 17
598 672 13 15
574 682 16 18
566 666 14 17
552 687 12 13
538 665 15 18
518 670 13 15
670 720 11 13
637 698 12 15
654 687 12 14
909 806 8 10
789 767 5 6
781 753 4 6
