57 151 22 32
77 223 26 27
80 118 23 21
144 110 21 28
204 89 23 24
278 81 19 21
293 74 16 21
311 69 12 16
246 165 23 27
221 193 31 34
300 175 24 29
309 151 15 23
355 57 13 20
368 57 11 16
380 61 14 24
448 49 14 17
411 54 10 13
491 52 15 20
523 35 21 31
553 43 14 25
559 68 19 19
400 148 20 31
363 158 26 26
465 161 23 34
620 41 13 16
663 29 16 40
692 25 18 26
746 28 15 23
831 25 22 28
894 56 12 22
932 31 40 47
287 236 34 38
359 220 33 44
418 197 26 34
178 242 26 49
35 100 15 21
0 123 15 28
3 222 28 33
253 95 11 16
