315 216 28 39
351 186 23 35
354 155 10 11
369 158 24 34
395 177 25 36
421 166 17 25
439 176 27 40
473 170 20 23
485 187 29 42
533 154 19 22
522 187 23 29
545 178 19 19
526 228 33 41
463 297 38 47
420 266 35 45
350 270 30 41
408 216 34 47
294 180 26 38
319 175 17 22
282 164 24 25
250 169 30 37
209 157 25 29
197 178 32 35
233 177 16 22
146 187 31 36
124 168 23 31
83 162 37 40
153 174 19 26
161 237 37 45
190 216 29 38
222 238 35 36
265 240 42 58
109 212 33 43
63 206 44 58
149 295 45 57
21 195 26 29
556 186 21 36
577 200 32 41
618 169 30 36
653 176 24 28
686 175 28 33
734 178 31 38
771 168 26 33
677 215 34 42
638 246 36 47
552 279 44 55
686 284 48 59
773 269 37 44
769 212 33 42
843 187 33 43
867 169 29 30
877 211 44 61
843 286 61 66
953 224 57 68
921 200 27 38
