962 170 49 58
926 153 17 22
870 195 49 52
770 117 50 59
763 94 12 16
765 65 11 10
743 83 11 13
797 84 12 15
844 58 13 15
838 109 14 17
813 100 14 17
862 86 12 18
894 60 14 13
927 82 13 14
942 55 12 15
1010 79 12 13
985 113 17 15
925 126 13 14
901 107 15 16
870 111 15 14
877 129 18 22
686 63 11 15
722 57 13 13
726 86 13 14
699 88 14 19
671 91 16 17
676 162 49 52
633 170 37 41
573 134 56 68
468 139 53 65
520 142 17 25
523 86 18 16
557 74 16 19
602 58 14 18
577 67 13 15
627 88 14 17
625 65 13 15
641 63 12 14
660 67 15 16
651 15 12 14
558 43 14 16
516 37 16 16
491 52 14 13
501 66 15 19
474 69 17 17
388 87 14 19
411 76 17 17
439 67 17 17
419 51 16 14
397 28 15 15
395 4 11 11
378 36 11 9
371 65 15 16
357 157 66 65
431 150 18 19
444 128 20 18
329 110 22 22
324 76 17 20
303 78 17 20
247 78 52 68
234 103 13 16
219 82 17 15
191 46 17 18
262 2 12 14
290 16 16 18
317 7 14 14
6 94 5 15
204 4 13 14
183 7 9 16
126 32 15 17
198 129 17 22
126 154 60 58
168 121 27 51
122 1 14 18
113 51 17 20
77 30 14 16
77 111 18 18
10 38 11 20
62 166 41 37
151 230 82 99
230 263 66 59
905 252 39 68
229 483 87 85
