233 459 15 21
179 477 17 17
152 447 16 16
100 445 18 21
158 406 17 17
198 420 16 17
228 433 15 15
268 437 17 20
305 416 16 20
350 407 14 20
257 395 16 18
110 395 19 19
305 367 15 18
390 377 15 18
353 358 16 18
399 350 14 17
413 321 13 18
450 351 14 17
447 381 15 21
506 382 17 22
501 340 14 18
469 324 12 16
325 331 15 18
294 312 15 20
264 351 18 19
239 322 15 16
204 326 15 18
222 381 16 19
182 372 15 18
162 346 16 20
172 328 15 16
612 398 15 20
550 397 16 17
556 354 14 19
598 339 17 21
635 311 14 20
663 352 13 20
691 316 16 21
737 324 16 19
723 358 17 22
657 398 15 19
578 305 14 17
533 317 14 17
740 420 17 21
877 369 15 18
925 377 18 19
960 353 17 18
904 332 16 19
917 311 16 18
847 316 16 20
828 337 16 21
822 376 16 18
814 410 19 23
865 420 17 21
924 424 19 19
924 465 18 23
765 367 14 20
790 318 16 22
806 311 13 18
909 246 13 20
886 275 13 17
850 289 14 19
840 259 15 18
854 240 14 15
841 220 13 14
814 233 12 15
773 215 12 15
750 183 14 18
736 220 13 16
733 242 14 18
763 272 14 18
785 253 15 16
811 274 15 18
638 218 13 17
675 185 12 17
715 193 12 17
696 219 11 16
674 254 13 18
698 278 14 18
650 273 15 19
605 271 12 15
562 274 12 15
546 247 13 15
585 220 12 17
583 182 12 14
632 192 11 15
622 169 13 17
560 164 12 15
544 180 12 17
515 169 13 14
534 218 13 15
500 197 11 12
485 162 10 13
490 223 11 16
506 245 13 18
518 283 13 17
485 274 13 15
615 240 13 18
411 257 12 16
443 270 13 18
467 244 13 18
446 301 13 16
400 286 13 16
367 302 14 19
380 242 13 17
372 208 14 17
429 229 13 18
456 206 13 17
474 182 14 16
447 164 10 16
431 179 12 15
416 200 12 17
383 181 11 16
345 194 11 14
320 169 10 15
292 196 14 15
307 224 13 17
332 250 12 15
346 268 17 20
315 277 14 17
284 254 15 18
268 285 16 16
207 301 17 17
202 275 14 17
219 258 14 18
243 262 14 20
263 227 12 16
214 232 13 18
184 222 14 16
211 199 13 16
236 203 13 17
168 265 15 17
178 243 13 16
142 233 15 15
133 253 15 16
116 288 15 17
127 315 16 19
170 297 16 19
85 265 17 18
55 287 16 17
60 308 16 18
67 341 17 17
84 320 17 15
99 336 18 16
125 348 15 20
109 370 20 18
258 182 14 16
