405 326 11 15
388 312 11 9
373 328 10 12
360 307 9 11
376 292 9 12
358 301 10 9
350 287 9 11
339 296 11 10
322 313 9 11
349 350 13 16
310 347 14 14
315 369 16 18
344 403 16 20
381 375 17 22
366 363 15 19
405 357 14 16
427 360 14 19
412 389 18 20
448 372 17 22
464 350 13 13
471 373 18 23
517 367 15 20
477 332 9 12
469 306 9 11
451 292 9 12
429 307 8 11
441 333 12 12
393 286 9 9
418 292 11 11
289 304 10 7
288 329 10 15
261 317 9 11
264 299 10 11
223 295 9 9
223 344 14 17
235 366 19 19
256 365 15 19
267 381 18 23
288 374 18 20
282 353 12 16
497 362 14 18
502 323 9 12
515 339 11 11
533 346 14 15
545 323 10 12
541 307 9 10
632 307 9 12
608 294 11 10
579 299 8 9
594 323 11 13
611 319 12 12
580 335 11 13
611 359 14 15
626 347 11 10
644 329 11 12
664 310 10 11
687 312 10 11
704 340 11 12
664 341 11 12
671 362 12 16
644 390 22 22
627 381 18 20
582 382 19 21
569 392 17 22
716 390 22 22
690 371 17 19
731 334 12 13
762 346 12 13
752 366 15 20
761 387 18 20
783 396 19 21
784 369 15 17
790 343 11 11
817 367 13 22
919 374 16 18
947 396 18 20
885 405 21 19
865 385 18 17
852 363 15 16
838 343 13 13
834 392 19 25
565 360 15 16
193 349 16 17
205 377 18 23
181 369 14 20
150 385 15 18
137 358 13 15
103 374 17 21
27 382 21 23
498 309 9 10
317 293 8 10
311 304 8 11
296 316 8 11
333 330 10 13
336 381 16 16
