747 317 32 47
803 296 16 21
775 290 14 18
721 300 26 36
715 285 15 20
699 310 13 17
661 315 22 26
638 288 10 13
608 326 34 44
583 318 27 32
527 300 12 19
535 290 10 13
549 265 11 11
566 305 11 12
605 300 15 17
620 291 8 11
885 304 17 19
922 292 16 15
943 304 26 28
839 289 11 16
850 293 15 20
864 298 16 18
824 293 12 11
790 287 12 19
1002 294 15 20
355 299 20 27
377 290 14 21
435 242 15 18
415 256 12 12
498 300 16 18
304 333 34 43
314 285 10 13
292 286 11 15
278 296 19 22
257 309 21 24
244 308 12 15
213 324 23 26
202 305 17 23
170 298 18 17
342 299 13 19
122 337 37 41
137 299 16 22
107 301 15 19
58 318 25 27
9 328 30 26
5 357 35 40
38 256 14 16
686 291 13 15
761 298 19 21
