424 123 15 17
384 119 18 19
355 96 9 13
350 121 18 23
151 118 19 22
235 142 25 31
297 129 20 23
261 134 18 25
279 103 12 16
246 106 12 15
230 122 15 14
196 120 14 18
135 71 18 19
87 66 19 22
118 169 31 33
24 128 23 31
11 71 20 23
0 188 16 46
114 254 109 141
905 172 56 64
870 134 34 40
762 193 77 76
831 244 81 120
773 120 17 22
804 120 18 21
1008 167 16 51
928 51 25 45
904 66 10 15
934 107 13 15
749 110 9 13
662 102 8 11
701 103 8 11
615 102 8 12
562 59 10 12
527 66 7 9
555 96 10 13
529 101 10 13
487 105 13 13
491 72 10 11
468 64 9 11
458 70 8 10
443 116 14 17
732 110 7 10
