512 273 7 8
504 268 7 7
522 263 7 9
551 271 7 9
452 263 8 11
465 272 8 9
484 297 8 13
457 296 9 11
437 306 10 12
419 317 11 19
503 316 9 15
467 308 11 17
483 324 15 20
445 338 12 19
482 350 25 31
534 327 12 19
566 312 12 17
566 297 9 9
582 295 9 9
577 297 5 8
602 307 10 12
622 299 8 10
650 295 6 7
648 310 8 11
683 304 9 11
649 324 11 16
618 321 11 21
567 347 12 23
633 350 14 19
678 335 14 21
614 299 7 7
699 308 9 12
691 324 9 14
713 339 15 16
742 334 10 17
741 314 8 11
722 307 7 8
751 305 8 9
741 309 9 8
786 315 8 11
790 321 10 15
816 323 9 8
830 325 11 10
860 334 12 15
894 325 10 12
914 339 11 13
788 362 16 26
815 356 15 21
693 371 21 32
766 376 18 27
969 343 13 13
102 337 22 26
129 311 16 21
164 297 12 16
183 291 12 14
219 301 13 16
243 290 11 17
262 312 11 15
278 297 12 14
298 293 11 12
334 300 12 12
373 317 12 19
395 284 8 13
430 292 11 10
325 369 27 36
293 342 19 25
310 334 12 21
239 337 20 23
20 300 19 23
90 297 14 16
101 299 11 14
136 295 12 12
501 307 11 12
