341 122 27 33
370 101 22 24
396 76 17 24
394 123 29 33
402 127 30 43
252 69 18 21
229 77 18 14
319 67 20 17
302 80 14 22
355 66 16 20
360 71 19 20
413 66 19 24
422 107 21 29
453 92 20 24
457 72 19 19
486 53 15 14
516 67 21 25
481 91 27 31
516 93 19 24
549 98 30 30
554 60 14 18
579 84 20 19
579 104 16 23
633 79 16 24
646 81 21 23
490 145 28 29
473 173 30 41
567 190 47 59
570 163 26 27
233 355 27 29
349 300 52 62
397 230 37 48
351 163 40 51
226 205 48 65
111 178 49 62
11 259 43 52
63 144 33 45
49 117 21 27
1 124 33 43
14 98 20 23
60 98 19 22
98 96 21 24
132 91 22 26
116 115 21 25
142 117 28 35
180 98 18 21
204 79 16 18
227 90 21 24
232 166 38 48
221 121 26 34
293 121 30 37
276 105 24 34
312 82 22 22
642 136 30 37
637 112 28 28
673 150 34 50
728 118 29 36
741 84 22 26
743 72 18 21
807 72 21 25
787 105 28 33
758 147 33 46
844 112 32 42
814 101 18 25
884 84 21 26
902 80 14 27
878 126 26 29
934 129 10 23
970 97 25 26
954 90 17 27
970 204 47 68
896 215 67 80
834 302 68 95
657 102 19 31
591 101 17 22
