173 231 20 18
129 256 24 24
121 237 16 23
78 215 19 20
89 271 22 26
62 282 27 32
52 234 19 26
27 206 22 21
17 251 22 26
1 252 18 27
225 339 44 53
325 216 18 26
321 213 15 14
362 233 20 29
387 233 24 31
399 204 19 22
421 223 20 28
2 405 23 41
188 415 16 38
406 364 18 34
476 215 26 35
463 219 18 24
444 179 17 23
533 168 18 21
547 199 20 24
507 221 30 33
583 228 23 29
658 246 26 29
679 228 22 33
795 207 18 31
842 215 22 28
901 217 27 33
987 244 27 30
924 206 19 30
587 354 33 44
681 278 22 37
529 350 19 37
1001 259 21 56
713 47 41 43
392 558 26 60
248 267 22 34
316 253 26 38
290 205 21 23
247 221 21 22
223 233 21 27
208 213 20 19
183 258 23 21
