950 273 16 20
985 253 8 11
943 266 9 13
903 263 12 16
885 263 12 15
776 267 16 21
770 257 10 14
627 291 29 39
735 321 33 39
687 283 16 22
716 267 15 18
366 248 9 17
348 244 12 12
329 259 14 22
308 255 16 24
221 256 13 16
214 297 30 42
168 265 18 25
159 253 10 11
109 249 16 20
95 263 21 26
113 319 45 58
301 243 11 15
616 261 14 16
583 252 12 15
533 250 11 14
380 272 20 29
528 277 20 27
477 245 12 14
468 244 8 10
433 251 10 16
425 258 10 20
433 355 34 61
810 222 9 12
738 258 7 11
652 263 9 10
603 252 9 14
577 245 6 9
515 238 7 10
194 223 7 9
244 216 8 10
89 244 10 13
70 254 8 13
60 251 9 13
