586 337 18 19
566 331 12 11
548 328 11 15
548 292 9 12
567 291 12 13
528 331 12 10
522 342 14 16
514 326 12 13
496 332 13 13
475 344 16 16
462 327 13 11
475 294 12 11
493 291 11 13
450 304 11 12
520 387 27 40
569 365 23 35
409 384 32 40
449 375 23 33
362 362 20 30
341 359 30 37
357 335 14 14
381 294 10 12
399 298 9 9
351 288 9 14
313 356 16 14
295 402 30 42
275 371 21 25
260 340 14 20
236 345 23 23
246 380 28 37
220 356 16 20
239 284 12 14
296 290 11 15
286 284 10 14
369 296 11 12
423 334 11 12
175 290 15 14
160 286 13 13
130 299 13 14
116 286 13 11
56 293 14 11
27 295 14 13
5 298 13 13
19 341 19 17
50 351 25 23
85 335 18 17
101 354 19 21
147 358 22 23
181 367 26 28
151 396 31 38
85 381 25 26
23 368 28 30
11 350 12 14
184 470 28 35
787 260 26 38
634 383 22 33
658 346 17 18
647 350 12 18
620 337 14 13
616 328 15 11
670 333 17 19
708 330 13 15
722 342 12 15
738 334 18 18
760 345 20 24
861 338 15 18
909 365 29 26
950 330 23 27
964 342 24 26
992 362 23 30
902 358 20 27
711 348 17 20
226 285 12 16
