192 353 19 22
174 356 14 18
179 343 11 14
220 343 12 16
643 349 19 27
656 337 13 10
684 331 16 17
706 343 18 25
715 331 9 8
734 349 11 11
757 372 26 32
801 354 24 28
764 339 17 18
818 338 16 24
911 350 17 20
959 351 28 26
990 327 14 16
243 352 17 20
231 344 11 14
277 343 20 23
306 338 15 18
324 331 14 17
353 332 15 22
331 375 30 43
296 379 37 50
83 463 47 73
56 400 44 62
11 389 39 23
380 337 16 18
395 346 19 22
405 351 26 29
422 391 32 24
453 325 16 19
488 341 20 24
513 325 13 15
524 348 14 19
545 338 15 13
550 332 11 11
539 355 20 25
582 338 18 24
623 339 14 12
593 422 38 58
606 529 51 95
673 393 25 41
774 334 11 14
867 326 13 13
13 356 16 18
108 363 17 20
608 401 32 49
