23 37 16 26
86 1 17 20
149 0 22 17
200 0 20 23
245 2 17 19
55 73 20 28
128 107 21 25
135 44 19 25
193 89 18 21
7 98 15 24
46 189 22 22
120 191 20 26
194 178 19 28
188 218 18 25
117 249 18 25
61 246 20 25
254 238 19 22
0 235 10 23
28 290 22 26
101 292 22 26
172 294 20 23
244 286 22 27
32 349 16 18
104 389 21 25
173 388 20 25
231 392 19 22
246 340 22 23
2 398 19 21
31 459 19 22
34 493 22 24
9 606 21 18
79 557 16 25
132 448 15 20
141 500 21 26
160 444 19 26
160 545 22 30
230 602 20 25
226 535 20 26
222 496 24 26
244 481 16 23
272 566 19 24
65 633 20 20
56 660 19 22
218 673 20 9
283 615 20 24
319 659 18 23
349 670 19 11
348 16 18 18
415 1 20 8
469 1 20 13
333 85 19 23
471 77 20 24
488 59 12 22
460 144 20 23
399 130 19 21
324 151 18 20
327 231 18 22
320 286 22 27
314 336 23 24
324 391 21 24
374 395 22 23
399 343 20 24
406 274 21 25
485 336 21 24
467 229 18 25
508 276 20 24
548 224 18 23
590 287 20 24
568 391 18 25
496 427 20 28
444 437 21 24
319 460 20 24
324 513 13 21
358 552 21 23
373 618 21 22
412 597 19 29
433 554 20 24
505 473 18 28
499 538 20 26
568 499 18 25
561 541 23 27
561 586 20 26
506 641 21 25
422 655 22 18
579 661 20 22
643 666 19 16
771 1 16 20
621 36 20 22
731 41 20 18
825 46 14 20
685 90 18 23
666 105 17 24
665 124 14 20
742 100 14 21
749 136 20 25
543 53 21 24
549 102 17 22
539 142 19 21
567 138 20 22
527 181 21 22
595 160 17 25
672 166 21 25
943 18 15 15
871 39 20 25
888 71 19 24
954 35 19 21
951 117 18 21
997 42 20 23
1007 141 15 22
821 197 15 21
873 192 18 22
891 200 13 22
890 244 17 21
928 238 20 23
738 223 21 18
752 276 21 25
820 290 18 25
866 290 19 23
939 269 12 24
1012 197 11 21
1007 278 16 24
672 265 19 27
663 335 17 18
733 347 19 18
749 381 22 23
652 384 22 24
715 450 14 21
806 327 18 21
796 393 19 23
812 443 20 21
880 332 21 25
910 418 21 24
953 346 16 22
1006 379 16 26
995 424 21 23
642 512 18 23
648 543 21 24
710 549 20 23
671 602 12 21
705 637 21 26
720 618 17 23
779 598 21 27
790 524 21 26
863 660 20 21
917 636 18 27
924 601 20 27
849 591 26 38
939 485 20 24
983 652 23 21
795 193 17 22
757 188 19 26
882 508 17 20
586 435 19 29
361 448 20 22
431 436 18 25
484 394 20 20
569 352 18 23
86 516 20 22
123 623 20 32
622 252 18 25
7 557 21 25
