0 62 30 55
2 143 41 45
92 104 47 71
135 81 45 61
212 93 46 60
213 207 39 60
292 159 45 57
309 243 45 51
138 3 43 49
349 0 31 18
414 0 37 27
602 29 50 52
665 64 40 45
719 99 37 54
595 131 42 49
579 177 43 51
618 196 45 52
432 160 40 48
402 190 34 42
482 165 34 48
493 304 47 43
348 296 56 55
801 9 51 47
981 29 42 49
964 64 51 70
1004 171 20 56
982 256 36 50
972 252 25 38
899 275 39 63
887 256 38 54
894 126 28 39
822 186 36 54
765 182 37 58
681 252 35 51
69 294 51 45
61 365 38 62
104 446 26 59
322 414 28 53
181 270 44 57
885 482 28 52
794 445 40 27
756 385 43 29
692 406 58 44
721 303 28 53
473 548 47 52
382 578 16 33
194 536 32 37
206 566 35 44
