130 0 24 23
148 26 25 37
127 80 27 35
72 134 25 33
137 172 25 39
156 233 27 31
44 229 25 32
91 275 29 35
103 319 24 33
148 288 27 37
187 277 29 35
231 36 25 31
223 102 24 32
220 173 28 37
236 230 25 33
268 306 28 41
296 277 27 41
279 0 27 36
260 80 25 38
304 36 26 35
344 69 25 37
369 46 27 36
370 0 25 28
469 0 25 33
462 36 24 35
405 68 24 36
369 111 25 36
461 115 26 31
483 89 26 31
520 56 20 35
541 0 27 21
573 29 25 40
562 95 25 37
550 186 24 34
328 227 27 36
379 261 27 31
459 300 24 41
466 249 16 33
478 268 25 36
560 240 27 35
555 287 18 36
565 293 17 28
549 331 23 35
498 313 24 31
663 0 28 25
623 50 20 33
654 72 27 41
740 46 26 33
776 67 28 39
846 43 25 39
904 24 25 35
875 55 17 26
827 97 28 36
732 110 25 32
654 165 30 33
613 257 28 36
640 246 21 33
694 276 27 33
678 296 27 37
563 348 27 38
641 356 28 38
744 342 25 39
758 290 28 35
766 145 27 34
798 188 26 41
798 247 30 35
915 99 26 32
870 155 30 39
910 178 10 40
897 245 27 37
881 282 27 41
974 316 27 33
965 57 30 42
997 10 24 32
1010 212 14 34
998 246 24 42
942 363 22 38
947 413 27 36
956 483 26 35
943 619 24 39
883 620 30 41
884 683 26 31
828 620 22 45
751 626 26 39
735 560 28 42
762 547 26 34
793 530 16 39
807 470 30 37
860 434 22 38
847 387 25 40
789 428 14 40
713 467 28 39
662 401 10 29
686 513 22 37
671 557 28 39
682 651 24 45
579 489 28 45
590 434 28 38
18 287 28 32
14 336 22 30
29 354 28 36
34 407 32 35
0 517 18 48
82 477 27 33
106 503 32 36
15 627 24 33
5 653 25 40
73 671 28 34
121 690 29 31
87 613 24 25
129 566 28 38
205 565 29 31
196 633 26 30
195 656 28 41
200 701 27 20
277 662 29 37
291 619 26 36
146 417 27 40
209 460 29 39
220 384 26 33
265 431 26 39
289 372 26 32
403 363 26 38
370 425 29 37
340 479 26 36
364 518 12 44
370 689 30 32
383 665 27 35
411 474 29 34
446 421 24 37
482 365 25 40
479 467 15 41
478 660 32 43
707 705 27 16
26 0 22 24
0 249 22 32
971 494 28 37
