1 0 29 42
84 2 35 41
206 12 25 43
0 41 9 40
40 72 37 38
287 95 32 39
365 73 36 53
267 185 37 47
98 226 42 55
212 246 34 45
378 163 33 46
484 149 38 50
459 240 37 44
525 297 41 51
507 298 35 44
445 316 35 47
344 272 39 51
182 307 35 52
72 305 40 63
37 386 42 47
146 393 38 46
7 481 30 59
241 470 38 56
371 489 40 50
626 319 36 48
648 390 40 57
658 482 33 37
706 95 36 47
818 86 32 46
933 12 39 33
944 81 39 45
913 150 37 47
813 155 33 39
894 298 36 54
980 359 34 44
1002 374 22 52
852 469 42 52
753 395 36 51
732 478 42 54
732 570 40 49
928 558 40 49
0 646 37 36
116 606 40 43
219 590 43 45
353 587 42 51
454 594 41 46
627 577 38 59
276 6 31 34
74 178 31 39
