3 0 16 32
86 0 45 69
62 52 54 66
88 140 58 88
138 93 47 75
165 78 43 65
242 157 52 90
266 73 53 72
326 44 37 77
268 0 52 59
392 98 49 67
436 0 41 68
329 198 54 83
607 46 42 65
762 23 32 59
445 105 40 50
513 145 37 49
584 100 39 54
442 206 51 76
539 195 49 75
589 155 44 61
625 149 37 76
630 226 41 69
835 0 27 33
790 246 46 52
902 2 22 36
978 6 32 48
939 119 42 57
897 212 46 70
834 200 47 73
47 349 62 89
229 376 56 88
243 350 51 78
372 363 58 100
412 400 38 74
674 256 47 67
530 390 48 77
668 370 62 84
794 304 52 81
873 367 54 82
901 318 54 59
