40 162 13 15
108 155 12 11
56 342 16 20
78 326 15 17
42 378 16 21
175 327 15 21
191 337 19 24
153 362 19 20
130 376 19 24
109 346 16 16
58 411 19 21
75 403 20 19
143 400 18 23
235 258 19 21
379 338 24 25
458 288 21 30
548 274 26 29
482 428 19 27
498 420 22 29
341 428 24 29
191 446 19 23
712 69 17 20
564 119 18 22
793 97 20 16
904 153 17 19
773 159 17 20
677 329 22 27
665 320 22 24
834 307 22 23
876 297 26 24
899 297 23 23
976 327 25 24
1005 351 19 23
906 229 14 18
879 363 24 27
886 404 24 32
775 387 22 29
774 532 27 36
685 383 21 27
632 415 24 28
575 456 22 24
583 402 21 24
518 489 23 29
485 459 18 22
439 506 21 25
413 456 22 26
355 472 22 25
328 486 19 26
270 496 24 29
291 464 24 28
225 532 22 29
161 529 20 24
132 552 23 29
106 483 21 28
126 462 18 27
73 463 21 26
37 496 21 22
58 524 21 24
9 556 24 30
2 493 18 23
240 472 18 24
13 395 15 14
714 223 14 17
662 57 13 18
692 234 14 18
