47 107 29 38
63 58 28 28
57 177 29 43
3 255 19 43
64 321 20 43
160 159 28 38
37 471 29 35
453 208 61 148
143 85 21 22
339 94 23 34
434 104 26 41
427 145 23 39
415 105 19 29
315 225 24 32
313 53 22 27
484 103 20 36
516 108 21 27
552 125 24 29
648 58 26 32
764 73 29 38
845 88 27 34
702 214 23 40
888 113 30 34
990 87 32 31
999 44 25 33
111 388 27 41
247 403 24 38
362 309 25 36
175 524 30 38
315 515 32 47
390 269 24 33
446 381 31 29
26 541 33 47
88 619 31 43
141 684 20 45
161 610 24 47
217 627 31 42
201 685 36 40
266 754 27 47
303 839 35 47
33 784 31 51
311 596 34 50
425 564 21 41
462 551 28 43
30 863 27 43
133 879 31 36
3 972 29 43
133 920 31 48
246 959 30 41
272 937 26 34
399 942 33 33
421 993 33 31
453 888 27 36
781 155 21 37
944 213 30 47
960 323 24 35
884 329 30 38
658 275 22 43
766 468 28 38
816 399 35 46
848 518 29 37
847 488 29 19
925 435 19 39
959 384 19 36
868 575 36 45
972 555 28 42
804 628 20 27
794 663 26 48
817 675 31 47
855 660 28 38
918 697 29 42
996 635 27 48
734 674 26 44
882 821 31 41
781 863 30 37
835 920 31 44
870 966 27 41
961 982 35 39
951 935 28 21
1005 759 18 32
983 835 23 39
498 66 30 35
