192 328 25 30
187 352 35 45
278 243 59 87
316 205 32 41
265 195 18 25
230 184 22 33
471 185 64 96
453 138 16 22
508 150 15 25
491 150 12 21
436 321 23 34
411 280 28 39
546 97 15 24
635 122 15 21
630 90 20 21
879 105 25 24
915 177 26 33
694 196 62 88
989 176 33 77
937 222 23 30
874 219 22 30
923 547 90 112
558 570 75 94
463 579 53 93
384 469 49 68
390 387 32 44
174 422 26 35
239 394 28 37
244 340 25 37
163 502 51 48
170 610 61 71
43 550 46 68
149 375 28 41
631 278 24 29
249 151 16 21
4 472 34 45
13 437 28 36
905 300 35 46
954 57 26 35
849 73 29 25
813 95 24 28
836 147 22 26
828 198 29 30
668 110 20 27
601 168 15 21
908 21 22 25
864 35 19 20
436 384 21 24
199 305 22 29
140 235 23 27
159 215 19 24
67 209 17 17
22 142 12 14
63 232 22 33
73 261 38 48
9 386 22 28
0 369 14 32
199 290 19 24
