8 23 8 8
61 69 12 14
103 56 10 12
64 29 10 11
50 25 9 8
36 117 8 12
20 54 10 12
41 54 7 10
37 25 10 10
62 20 10 11
93 11 10 13
127 22 12 15
125 8 11 11
147 10 9 10
157 18 8 11
169 46 10 13
136 42 8 10
140 55 10 14
137 83 11 15
171 92 12 15
137 115 15 15
93 78 12 15
106 104 16 16
92 101 11 13
33 103 13 10
104 42 9 11
170 8 9 9
177 116 13 16
179 72 10 16
182 52 9 17
0 49 10 14
17 21 8 10
25 25 6 10
36 46 7 10
84 106 10 13
73 102 9 15
23 136 14 19
20 155 16 18
66 156 15 17
55 130 12 11
74 136 13 18
84 138 9 12
113 129 12 15
39 175 14 19
31 189 19 19
0 212 11 20
5 203 13 16
89 197 15 19
101 168 18 20
148 160 13 22
169 129 15 18
165 177 16 22
187 183 13 16
189 151 9 11
244 107 14 15
243 128 13 13
224 197 17 22
239 194 11 24
218 149 10 19
207 154 15 23
168 233 20 24
100 243 19 24
123 270 13 15
0 249 10 20
59 240 16 15
63 217 14 15
26 221 14 16
128 194 15 21
200 5 10 14
185 1 7 11
232 45 9 11
219 15 10 9
213 90 13 17
241 81 10 12
257 78 11 15
251 58 12 11
242 28 9 12
255 29 11 15
257 13 8 12
270 10 8 10
286 12 9 12
298 8 7 9
301 24 9 13
311 31 9 12
316 19 7 9
339 11 11 16
358 12 10 13
360 22 10 13
343 41 7 13
352 39 5 15
331 41 5 9
311 47 11 12
282 67 10 15
278 100 12 18
343 94 11 16
363 91 15 20
244 2 8 9
311 114 11 17
331 120 14 15
339 79 10 14
274 47 9 13
377 8 13 15
401 7 11 11
393 24 9 13
399 20 10 12
444 8 10 13
462 28 10 11
368 43 9 10
359 72 10 11
394 102 16 16
385 131 18 19
419 123 14 19
446 54 10 14
447 74 12 16
464 80 18 20
453 95 12 16
466 48 12 15
478 32 10 15
521 24 12 15
515 41 12 21
533 65 13 20
534 107 13 20
517 108 16 22
506 82 15 18
503 75 17 14
465 141 17 14
421 67 11 15
556 26 10 14
551 41 11 15
559 43 15 21
603 38 13 15
597 16 13 17
611 33 10 17
628 17 12 15
640 20 11 14
656 10 13 18
691 23 14 13
707 43 17 20
699 59 16 21
670 66 16 18
650 59 12 19
665 47 13 14
638 37 13 16
588 52 10 13
595 64 12 20
616 83 12 19
561 81 10 14
574 97 13 14
574 128 17 22
621 123 17 18
609 119 14 20
647 102 18 19
658 82 16 22
665 120 14 18
685 123 14 18
706 103 16 21
740 12 10 13
774 10 9 14
757 20 15 18
773 26 14 16
756 40 14 18
750 55 16 19
742 94 18 24
776 72 14 19
789 72 16 23
810 45 16 20
812 25 11 15
845 28 10 13
847 15 10 16
826 19 9 9
833 64 15 20
846 76 19 23
871 54 15 18
881 29 14 28
888 65 14 19
913 66 17 19
921 39 16 18
909 10 15 19
954 51 12 13
984 22 16 21
980 38 14 18
998 36 12 18
970 88 19 26
995 88 17 25
953 70 16 20
825 110 18 22
936 126 15 22
907 145 20 28
725 184 18 17
811 178 18 22
886 190 19 28
952 178 16 25
969 153 17 25
975 187 16 28
1008 141 15 21
19 275 17 24
34 365 18 26
32 392 25 31
66 399 25 29
87 326 23 30
46 308 23 23
128 290 22 29
195 285 16 23
229 298 19 27
146 388 24 30
151 363 20 28
173 418 24 29
220 396 26 30
246 420 24 28
302 423 20 29
295 356 25 31
326 295 21 30
315 274 17 25
777 463 26 36
121 507 29 31
18 578 28 30
21 613 30 35
113 649 23 35
35 700 33 30
86 735 26 33
207 475 26 26
258 499 28 36
361 508 32 38
310 582 28 32
265 659 44 48
412 640 40 35
197 733 30 32
217 633 22 33
141 622 17 25
120 639 19 25
625 5 13 14
829 6 14 22
686 153 17 26
662 196 20 24
843 38 13 19
830 42 12 16
861 39 8 16
873 37 8 16
808 11 10 17
802 7 12 23
292 131 10 18
272 128 11 19
252 156 13 15
228 163 11 19
244 165 10 16
296 170 15 22
308 159 18 21
324 152 12 14
334 141 15 18
355 149 16 21
354 133 10 13
386 169 11 16
398 165 11 19
333 182 18 22
307 208 19 25
281 214 17 20
257 228 17 21
234 230 19 19
352 219 17 23
365 224 10 18
382 239 21 26
420 210 16 23
399 189 17 24
437 187 18 22
457 190 14 18
470 199 15 20
454 211 19 26
427 241 14 19
491 167 12 20
444 294 25 22
397 315 20 21
375 321 14 24
388 330 17 30
411 341 19 19
423 365 24 29
409 401 32 35
357 394 19 27
432 462 31 33
485 413 29 30
491 352 24 23
553 300 25 27
539 265 23 26
616 279 21 27
592 356 25 27
576 379 20 32
477 316 21 26
543 159 14 18
509 174 18 24
559 174 21 23
580 161 17 18
537 204 19 26
517 247 15 20
648 235 24 31
642 206 15 24
722 263 23 27
710 299 16 32
746 299 18 28
799 253 25 32
811 222 12 24
906 209 23 31
928 265 23 24
991 270 19 23
966 293 21 28
923 336 17 35
887 314 20 28
855 345 26 36
760 355 15 33
669 373 21 29
847 394 20 36
882 447 25 32
925 447 27 34
961 382 21 23
981 443 39 43
990 538 32 43
880 497 26 34
883 686 27 42
996 707 28 51
754 597 32 49
447 532 36 37
396 516 25 28
590 554 24 38
635 515 23 40
670 576 21 37
623 626 18 38
585 461 22 33
82 450 26 33
575 721 49 42
