63 31 44 53
27 0 36 16
142 28 41 45
110 77 40 53
108 136 46 62
20 218 49 55
171 0 44 37
237 94 44 62
290 8 41 57
356 112 44 48
417 29 43 46
204 236 47 55
243 238 38 63
324 215 29 51
353 210 44 50
406 219 41 51
397 136 39 39
478 39 47 51
586 10 42 45
595 62 46 49
611 97 44 50
734 8 40 41
784 3 42 45
915 0 39 48
826 108 44 56
805 87 38 46
554 197 44 57
527 183 43 38
678 168 44 47
604 271 50 52
787 199 46 51
952 66 38 55
950 268 49 62
816 289 50 62
668 318 54 51
80 302 39 49
251 352 47 49
395 325 45 58
1 385 35 53
90 395 45 47
113 334 35 45
173 301 30 40
141 397 44 52
203 443 51 62
293 462 42 50
329 528 51 55
214 592 58 37
476 499 41 55
446 398 47 59
448 330 34 50
992 348 32 62
937 431 46 45
940 540 53 51
874 432 48 53
820 408 46 52
588 401 38 62
725 455 54 61
771 513 50 52
679 539 49 55
609 550 33 41
544 576 49 53
982 125 36 43
