477 243 28 37
535 233 25 36
480 164 23 31
548 174 19 34
601 183 23 30
568 236 26 39
588 214 18 34
679 218 20 24
707 198 20 33
735 184 18 28
765 231 23 32
807 279 22 24
800 213 15 21
857 235 17 20
872 240 16 18
921 218 15 23
935 244 12 14
960 269 18 18
979 240 18 28
944 303 20 21
1010 278 13 18
1006 236 15 19
969 228 17 17
538 144 22 32
446 132 19 32
268 82 28 41
701 162 11 17
1 259 33 44
63 201 41 51
82 150 35 43
82 99 37 43
147 2 26 27
159 191 29 28
218 166 25 38
215 130 22 33
265 112 22 35
283 211 38 46
321 193 32 35
326 137 27 30
291 313 39 64
410 238 30 41
