83 296 7 9
92 306 5 9
126 272 6 6
118 279 6 7
146 269 5 6
168 269 4 9
152 279 5 7
118 295 6 8
100 299 6 7
106 309 7 7
96 316 6 8
296 347 10 21
100 340 6 8
88 356 7 9
92 372 8 8
100 392 7 7
127 389 6 8
116 370 7 9
108 355 7 8
73 373 7 8
200 343 15 23
186 355 12 22
255 345 14 24
45 267 5 7
63 269 4 6
64 280 5 7
55 288 6 7
53 296 7 7
43 304 6 8
48 319 6 7
48 329 7 8
50 341 7 9
52 355 6 8
56 374 7 9
40 390 8 11
216 182 18 24
318 138 16 22
430 221 13 17
517 155 15 21
600 239 11 18
677 192 11 17
704 246 10 15
393 353 12 17
468 358 9 15
497 342 10 10
527 339 13 12
137 332 5 8
134 306 5 6
145 316 5 6
163 339 5 8
150 357 5 8
80 269 4 6
77 289 7 7
95 279 4 8
99 269 5 7
63 308 8 10
69 319 7 7
78 328 7 8
123 323 7 6
137 291 5 6
126 356 8 10
125 346 7 8
131 370 5 7
165 353 6 7
173 300 6 8
157 311 6 6
170 320 6 7
153 330 7 6
176 330 6 8
222 331 6 7
225 320 6 8
207 333 6 6
220 309 6 7
221 357 5 6
237 353 5 9
261 322 6 7
277 322 5 6
256 310 5 8
277 305 5 7
181 273 6 7
182 289 5 7
190 322 5 6
253 294 5 6
263 294 4 6
249 275 4 6
282 278 3 5
298 279 4 6
325 279 4 5
293 291 4 4
285 304 4 5
296 298 4 6
320 288 4 5
344 282 4 5
357 282 4 5
355 289 7 6
377 295 5 7
362 296 4 7
368 303 5 6
387 304 5 5
351 310 4 7
340 289 4 4
340 296 4 6
371 312 5 7
386 311 5 5
402 312 4 6
370 290 4 6
353 335 5 6
365 333 6 6
385 340 5 7
391 332 4 4
401 332 5 5
419 346 4 5
399 341 5 5
414 351 4 7
310 299 6 9
321 304 5 7
331 303 4 5
341 315 3 5
360 322 4 9
343 321 4 6
374 323 4 6
391 321 4 5
409 322 4 5
426 333 5 7
429 345 4 4
428 363 5 8
433 359 4 7
418 366 4 6
460 292 4 5
468 288 3 5
476 287 3 4
475 294 3 4
486 289 4 4
488 295 3 5
493 289 3 4
487 304 5 4
509 295 3 6
512 289 2 4
518 292 3 5
539 292 4 5
625 354 10 15
633 362 11 13
708 351 7 12
730 342 10 13
762 386 6 8
771 378 6 6
766 373 3 6
816 394 6 8
831 396 6 6
827 378 4 6
842 379 7 7
855 386 6 6
870 388 7 11
892 392 6 8
912 393 7 10
939 393 8 11
948 392 6 10
978 391 9 9
962 390 7 7
999 386 4 8
932 383 6 9
946 379 6 7
915 379 6 8
894 380 6 8
917 388 5 7
867 381 4 6
883 377 5 6
920 340 5 7
898 341 5 5
880 341 5 6
841 346 5 6
872 343 4 5
821 347 4 7
773 341 5 5
806 338 5 6
573 342 11 10
608 341 4 8
623 333 4 5
622 348 4 4
620 327 3 5
649 330 3 4
641 328 3 4
791 387 6 8
963 379 6 6
936 375 5 8
976 382 8 7
934 363 5 6
946 362 6 5
964 366 5 5
978 365 5 7
998 364 6 9
797 345 4 5
810 344 4 5
836 341 4 5
1014 397 8 9
1015 381 5 7
955 352 5 7
998 342 6 7
995 355 6 8
979 342 5 6
968 332 6 5
958 341 5 6
982 325 5 6
1009 335 6 7
1001 325 4 7
70 394 8 9
80 268 4 8
99 268 5 8
24 267 3 7
27 275 6 9
34 287 7 8
25 293 5 7
24 319 5 9
24 330 6 10
24 344 8 8
24 354 8 9
33 374 10 11
95 278 4 7
77 288 8 9
65 307 6 10
70 318 6 8
77 328 7 9
78 345 8 8
69 357 7 8
77 288 7 9
586 353 8 13
1 267 6 8
20 305 7 8
13 284 7 7
0 337 4 7
109 331 7 9
145 341 8 9
153 301 7 8
158 288 6 7
170 281 6 8
470 349 5 7
579 292 3 5
568 291 3 4
557 290 4 4
571 297 4 5
562 297 3 5
579 299 3 5
584 319 4 5
584 312 5 6
587 299 5 6
590 292 4 3
624 294 4 4
637 313 4 5
649 314 3 4
630 299 4 5
639 296 4 4
646 296 4 4
658 302 3 4
659 315 4 5
636 301 4 4
683 336 4 5
693 338 5 5
690 330 4 5
690 298 4 4
684 303 3 4
679 299 4 4
655 298 3 3
753 323 4 5
722 307 5 4
931 351 5 6
963 322 4 6
984 318 4 5
981 335 5 6
949 332 4 6
1001 320 4 5
1017 342 4 5
974 352 4 5
942 345 4 5
913 363 5 6
1018 367 5 7
857 338 5 8
827 343 4 7
811 379 4 5
789 378 5 7
759 378 5 7
752 377 4 5
750 360 4 7
783 341 4 5
780 335 4 5
737 329 5 6
759 344 5 6
600 321 6 8
570 318 6 8
684 325 5 6
692 309 6 8
700 354 8 12
652 302 3 4
542 300 8 8
508 303 4 5
551 392 5 7
558 365 4 5
567 350 4 6
567 335 4 5
551 343 5 6
555 333 5 7
1008 291 4 6
1016 300 6 6
1008 305 6 7
978 307 5 7
1002 299 6 6
994 293 5 7
1017 274 4 6
1010 285 5 6
999 287 5 6
16 366 8 10
0 325 5 9
