976 134 27 31
987 181 23 37
942 188 35 47
899 98 23 31
942 115 21 25
818 100 22 23
792 252 40 56
717 189 39 51
819 27 13 15
755 29 13 19
708 32 15 19
660 39 14 17
665 111 23 29
609 152 38 42
579 126 29 41
564 94 21 27
540 46 23 24
510 98 24 33
464 91 27 38
479 177 33 39
385 81 24 30
379 50 16 23
352 46 12 15
339 148 37 45
232 58 21 29
179 22 21 24
187 87 27 31
320 133 28 35
280 99 31 36
138 70 26 26
134 100 24 28
105 29 15 22
145 247 70 90
319 280 67 98
163 151 32 33
510 271 84 87
635 310 53 75
864 286 74 95
