110 25 23 24
66 62 83 131
158 126 29 41
237 69 28 37
177 106 26 34
182 197 28 33
307 187 34 40
279 130 87 109
420 178 36 44
132 198 30 32
104 258 34 45
122 241 25 25
65 302 39 48
254 239 22 28
285 294 29 42
171 313 36 45
210 348 40 48
36 352 36 44
251 413 43 46
67 431 40 46
5 553 38 57
10 598 45 63
783 152 27 43
858 104 28 35
389 82 20 25
483 33 28 31
440 84 24 35
268 657 42 26
419 253 34 45
553 320 32 37
602 272 24 40
597 226 35 42
714 321 29 36
455 60 19 20
604 27 27 29
656 156 33 44
637 115 30 38
539 367 40 46
593 408 39 54
688 354 39 51
749 408 39 51
742 534 47 57
956 126 33 44
920 223 41 55
909 386 45 52
865 242 33 49
733 211 38 41
1009 242 15 48
691 11 22 21
707 28 28 28
769 42 21 32
134 631 54 52
1004 462 20 61
351 265 39 41
381 319 33 37
791 0 42 68
414 404 39 56
545 495 45 54
730 92 35 36
701 148 24 30
679 61 28 39
551 62 31 34
506 131 31 36
464 131 28 36
532 182 34 48
414 177 29 41
845 238 36 46
879 219 32 41
988 222 31 41
376 370 39 49
770 521 47 60
0 313 26 35
907 32 31 41
970 59 24 31
407 55 24 29
319 577 38 64
