682 86 15 20
801 74 13 20
825 7 12 15
725 3 12 14
577 30 14 19
628 12 11 17
667 45 12 15
926 120 15 17
377 171 45 63
521 243 63 76
730 150 57 81
160 41 9 12
196 17 13 14
232 16 8 16
167 92 14 14
958 109 15 21
936 161 15 17
901 52 12 14
867 134 18 16
852 117 16 15
926 101 12 14
891 25 13 15
792 141 15 20
832 133 12 20
811 165 13 19
812 34 14 16
263 32 9 14
201 78 11 16
268 77 9 13
299 140 10 16
268 168 11 15
535 10 11 16
549 49 12 18
578 49 12 15
349 147 11 18
395 125 13 20
848 22 11 15
867 16 16 16
532 65 13 18
500 73 12 15
455 125 12 15
514 36 12 17
654 144 13 18
695 155 13 21
683 128 11 16
673 100 13 20
599 68 11 13
620 49 13 18
694 39 16 18
706 128 11 18
577 141 14 17
440 38 11 19
715 50 15 18
768 61 10 17
635 81 15 23
634 118 13 14
644 28 14 20
376 171 46 63
936 37 10 15
961 79 13 18
849 39 9 16
318 20 14 16
349 19 12 12
811 60 12 16
772 85 12 15
805 114 16 21
879 81 16 17
121 192 52 73
122 192 51 73
1007 127 12 15
995 100 12 18
729 84 15 18
774 21 12 17
712 114 14 14
986 164 13 21
925 79 12 18
967 146 21 23
550 90 10 18
98 129 12 17
54 32 12 20
106 32 12 16
4 143 11 15
7 175 13 21
16 160 13 15
29 132 12 14
299 137 10 18
474 142 14 23
490 94 12 15
425 110 11 19
353 99 11 15
409 71 11 14
861 152 11 16
921 278 13 19
961 276 15 19
881 103 14 17
896 117 12 18
244 144 12 20
347 126 13 19
303 165 15 19
302 98 14 19
400 88 13 18
548 164 14 18
612 134 12 21
626 94 12 20
481 23 15 18
440 83 11 17
108 106 16 20
159 124 14 19
196 106 14 19
175 76 15 15
137 107 14 16
276 129 15 14
189 130 14 15
182 39 9 13
120 12 10 14
92 1 10 15
49 170 11 16
88 180 13 15
196 175 14 15
229 171 12 15
40 150 12 19
507 161 15 18
520 177 14 16
523 126 12 18
464 166 13 20
426 176 13 15
420 149 13 17
30 67 10 14
36 20 9 19
68 12 9 17
326 75 13 16
318 45 13 11
381 30 12 16
304 42 12 15
12 78 11 13
10 39 11 13
990 286 20 19
997 19 14 18
908 18 14 15
936 6 8 10
795 8 7 10
1008 67 9 18
547 139 11 12
622 36 11 13
530 32 11 14
465 113 11 15
523 86 10 16
498 146 11 13
415 38 14 17
354 46 8 12
409 20 10 11
299 21 10 12
236 43 13 12
78 153 12 14
140 129 12 14
140 163 13 16
69 67 8 12
166 10 9 13
140 5 9 8
283 64 13 12
