69 0 23 18
61 24 32 44
49 88 23 38
6 160 35 52
98 182 50 75
142 154 43 53
133 75 30 49
181 58 23 33
129 5 28 34
195 3 15 21
254 0 31 27
257 41 37 41
333 55 22 29
298 78 17 22
289 136 31 37
337 190 40 55
310 226 40 38
2 260 60 89
179 268 62 70
37 385 63 89
119 594 83 58
443 200 37 55
347 312 52 72
446 366 68 93
368 1 26 21
528 1 16 19
409 135 38 49
507 163 27 36
555 44 26 41
582 22 19 33
569 17 14 24
606 2 15 24
611 29 28 28
588 127 37 43
574 159 26 40
399 1 17 22
737 27 22 27
719 43 24 26
697 80 24 29
837 77 26 33
818 100 24 34
689 169 39 55
757 181 23 32
859 213 38 54
888 179 35 49
667 240 42 56
540 341 61 63
895 302 47 62
937 391 37 67
586 551 74 98
597 325 44 57
898 98 29 34
933 100 24 34
979 79 19 25
941 41 22 29
987 50 15 20
960 33 18 25
915 23 18 22
909 53 19 28
734 72 27 34
658 24 24 23
489 3 24 29
161 50 27 37
435 125 31 45
554 101 28 35
949 570 65 84
900 479 51 63
1006 430 18 79
