14 0 17 9
131 0 15 9
204 0 15 7
269 0 18 15
336 0 17 11
6 20 19 27
78 16 20 29
147 28 17 26
210 24 20 25
272 30 18 22
331 31 19 22
403 12 19 24
25 72 21 23
89 68 20 28
145 73 20 23
224 71 23 29
301 66 22 29
373 65 20 32
450 63 20 30
425 127 20 25
362 125 22 31
286 121 21 28
212 121 19 29
149 124 20 28
80 119 17 30
106 171 20 25
9 182 21 24
32 239 22 33
95 251 21 28
155 226 22 34
191 191 19 28
272 172 21 34
359 170 25 31
447 173 21 28
363 236 22 30
303 254 25 30
234 245 23 33
173 294 24 29
436 247 23 31
27 320 23 29
96 316 20 30
258 316 28 33
327 314 24 37
413 311 25 41
0 389 19 38
71 387 26 35
161 407 28 27
243 380 31 40
346 391 26 37
417 402 25 38
9 489 28 23
88 475 32 37
192 488 27 24
296 493 29 19
379 496 28 16
460 484 29 28
528 0 10 6
578 0 16 16
627 0 15 18
747 0 17 9
814 0 18 12
892 0 15 11
964 0 16 8
574 30 17 21
503 43 18 20
528 65 20 27
590 74 19 28
635 31 21 22
689 37 17 25
745 28 16 23
802 26 19 23
860 28 20 28
902 17 19 23
973 33 17 23
968 69 20 21
902 80 18 25
861 70 20 29
783 79 20 23
743 85 17 25
671 71 21 30
626 110 21 33
550 131 19 20
487 118 21 32
695 123 23 30
757 118 21 29
828 125 20 27
903 117 21 29
980 127 23 27
969 183 20 24
898 167 21 40
833 174 24 34
762 179 20 29
709 158 21 28
639 179 21 29
576 184 21 26
515 187 21 20
504 254 23 27
573 230 25 33
668 245 27 40
760 246 20 26
839 240 22 32
935 239 25 37
995 248 24 36
942 328 23 30
873 316 25 36
1009 315 15 29
793 326 24 30
732 315 27 36
645 318 25 33
561 314 27 36
493 322 23 33
491 401 28 37
557 408 22 28
634 383 29 37
707 403 28 39
792 392 27 37
880 396 28 41
954 408 25 33
987 488 30 24
910 499 31 13
818 487 28 25
731 491 31 21
647 488 28 24
