14 538 6 11
24 598 14 12
58 593 14 19
22 542 5 9
73 525 6 9
53 561 10 7
52 572 6 9
94 547 7 8
113 504 8 8
115 547 12 12
135 546 7 16
129 543 9 13
145 498 8 12
127 646 39 36
88 593 16 20
174 558 19 21
161 554 13 15
145 542 14 15
216 552 18 25
244 540 18 26
262 552 20 25
284 554 24 32
179 508 8 11
163 493 7 12
219 523 12 14
225 472 11 11
259 413 17 22
324 424 17 22
363 401 13 15
356 410 9 12
373 471 20 23
367 497 22 27
416 491 17 30
447 466 13 16
447 447 13 17
469 446 16 19
470 471 25 25
430 577 48 59
528 464 25 27
594 539 48 53
574 502 31 40
609 456 23 35
553 424 13 19
533 436 21 22
697 443 36 40
775 542 81 72
847 411 39 49
937 370 23 32
946 328 27 36
898 201 24 23
741 417 20 30
667 353 13 12
582 364 16 20
482 512 26 33
964 362 41 45
972 314 26 30
617 401 17 21
567 419 19 22
586 438 19 25
173 525 9 12
