366 181 33 52
831 9 30 39
587 232 37 52
597 50 26 36
622 104 35 38
671 107 35 39
705 287 35 39
740 228 28 35
734 372 37 53
792 348 40 60
794 289 34 51
827 135 34 43
956 245 33 50
919 81 30 44
968 50 25 37
904 29 25 32
471 272 36 49
461 230 33 29
564 301 37 47
0 630 22 72
117 587 50 78
318 630 50 72
389 616 65 92
507 495 53 78
516 688 45 81
678 685 53 79
651 481 54 85
934 588 50 68
623 378 34 45
947 500 44 69
286 310 38 67
505 416 46 61
699 325 36 47
493 102 36 46
864 331 33 51
903 405 40 46
1001 193 23 45
1002 77 22 29
162 216 40 56
73 0 31 35
168 5 25 32
161 104 31 40
218 19 31 45
270 168 36 49
322 45 26 35
3 123 33 45
62 273 39 44
118 196 35 40
142 158 30 31
2 462 33 70
82 353 42 67
125 440 48 60
329 458 62 81
387 377 44 52
417 464 43 57
405 525 32 37
247 8 33 38
407 29 25 45
311 166 23 34
398 127 28 34
526 24 27 33
666 0 35 36
509 0 30 26
75 644 38 43
