14 218 29 33
0 214 10 17
41 235 13 17
85 206 16 20
164 159 23 40
183 209 20 28
234 201 19 40
281 218 19 29
317 218 29 43
411 208 36 43
325 192 11 14
340 205 11 10
263 208 13 23
463 106 8 11
476 99 7 9
552 81 7 10
595 78 8 10
642 57 8 11
661 55 8 9
459 236 21 22
485 241 23 26
517 247 21 20
550 212 31 44
591 247 20 32
576 231 16 20
651 243 25 30
667 279 25 35
692 295 31 38
708 277 22 26
723 266 18 21
744 249 26 30
620 259 18 24
818 233 30 41
797 247 17 23
866 236 11 13
986 226 14 17
903 242 11 18
904 279 17 21
882 241 11 17
842 212 5 8
