13 0 23 21
120 15 16 23
130 116 27 30
101 170 24 32
26 181 24 32
0 228 20 33
1 266 11 31
345 0 18 9
478 1 22 27
52 227 21 26
68 274 22 33
114 225 26 38
273 81 27 33
233 133 23 29
258 174 25 32
145 268 27 35
186 226 28 32
207 289 28 38
308 139 21 27
316 172 27 34
328 225 32 47
285 308 29 32
359 142 25 34
364 93 22 27
433 88 26 31
236 105 18 22
427 121 25 30
480 115 24 32
429 184 27 39
405 234 28 36
388 300 30 35
477 271 24 29
494 311 27 39
520 0 28 23
514 148 21 32
556 179 28 28
580 99 23 35
592 159 25 35
659 148 23 35
658 15 26 30
696 16 27 30
722 95 25 36
742 171 22 27
731 205 28 34
654 235 25 32
625 258 26 37
684 271 31 37
757 267 29 36
800 278 31 33
800 211 28 36
814 172 25 33
797 122 22 31
881 206 24 32
899 135 27 33
835 0 23 17
908 1 29 29
957 3 28 34
999 17 25 31
1000 107 21 32
999 177 24 29
995 235 28 32
935 344 29 34
928 386 28 37
1011 417 13 38
935 535 29 35
773 470 24 35
759 545 32 39
703 478 31 39
673 528 29 37
586 368 27 34
582 333 22 32
604 484 29 34
549 511 32 37
460 527 32 39
515 441 31 40
471 360 31 34
456 408 27 42
399 490 30 38
361 420 25 36
325 352 31 36
313 496 25 38
232 489 29 39
306 647 32 33
229 348 22 30
153 359 26 28
187 410 28 39
120 405 28 36
75 360 26 33
25 403 22 36
0 344 10 32
57 509 21 34
118 502 29 33
176 488 26 37
62 602 30 47
0 657 24 25
922 100 22 30
