567 380 31 40
349 193 15 23
374 230 19 24
409 286 21 28
376 348 26 34
436 340 24 34
487 396 24 39
505 331 22 35
331 191 17 22
637 257 21 26
680 254 22 25
636 193 13 19
581 144 12 17
678 231 15 18
508 252 14 15
0 461 20 51
62 449 42 46
236 537 34 56
325 517 43 51
456 499 33 51
572 499 28 38
169 153 16 22
224 164 17 20
622 134 11 21
668 158 14 19
712 198 12 18
724 237 14 21
753 258 19 27
756 196 13 23
778 226 16 22
792 258 21 23
821 219 14 20
801 196 15 20
699 142 14 15
739 145 12 15
761 161 12 15
783 143 12 17
223 337 27 37
234 282 25 29
238 201 20 24
481 235 18 20
500 165 14 21
540 190 17 18
542 142 14 20
583 254 19 26
564 333 25 29
273 160 16 17
319 158 17 22
341 138 15 21
380 159 17 21
397 190 18 25
439 197 15 22
440 161 16 22
72 221 25 27
64 352 35 45
488 137 15 19
262 228 19 28
323 329 29 37
303 279 22 28
350 289 22 28
129 186 21 24
63 162 21 24
50 180 23 28
114 94 17 24
143 132 14 24
196 134 15 20
0 224 22 28
37 267 29 35
173 290 23 30
327 237 16 24
230 256 17 17
467 268 21 26
618 398 27 33
620 518 29 29
710 389 26 31
710 462 33 47
759 578 42 46
766 465 29 33
738 505 28 26
815 357 27 31
824 450 29 34
958 528 34 44
861 375 26 27
923 354 29 33
985 353 27 32
874 153 15 18
883 183 18 21
843 197 13 17
864 217 17 23
904 216 17 21
975 242 17 24
390 141 16 17
725 324 21 25
767 314 23 29
824 316 22 27
885 304 22 29
992 299 27 30
109 158 18 22
