1 32 8 22
20 63 15 21
34 42 15 19
56 93 15 19
1 89 6 14
10 116 16 19
72 149 17 22
93 122 13 17
76 76 16 19
99 37 15 19
120 87 16 19
130 61 15 20
151 34 14 21
193 41 14 18
188 63 14 18
134 114 16 20
137 147 17 17
200 114 31 36
258 39 18 19
281 42 14 18
263 124 15 14
331 49 12 17
327 72 14 17
301 99 16 16
322 146 17 21
340 130 17 18
380 149 16 22
379 96 14 13
376 67 13 13
403 50 15 15
400 71 15 18
425 100 16 17
438 121 16 18
436 155 17 19
22 209 16 17
85 193 19 24
3 258 16 23
20 295 19 22
64 268 13 20
106 260 18 23
164 252 19 20
94 298 19 18
94 322 20 25
148 298 18 23
148 335 17 23
123 360 20 27
63 364 20 22
3 360 17 25
193 321 19 25
182 368 20 24
219 287 36 41
277 264 18 23
269 295 19 22
294 331 20 24
294 361 19 27
36 399 18 30
93 395 22 27
72 446 22 32
65 508 29 45
126 487 19 28
142 448 20 21
169 436 20 19
207 573 16 41
222 564 18 18
237 572 36 22
306 577 33 40
288 399 18 27
322 411 19 24
354 369 16 24
358 410 17 22
343 450 16 21
388 482 21 24
397 411 19 24
405 376 16 21
430 451 16 21
395 601 25 38
417 565 33 36
423 545 19 28
470 582 35 47
343 326 19 23
354 303 20 26
387 335 19 22
379 230 19 23
420 236 16 23
449 274 16 21
444 372 16 25
473 308 30 40
491 282 18 22
496 256 19 23
598 288 18 24
538 98 31 41
613 103 15 20
622 128 16 21
643 79 15 19
639 162 16 19
533 486 16 23
611 547 20 20
598 580 34 43
692 537 25 36
730 584 23 25
635 20 14 18
645 52 16 20
682 73 12 19
686 118 18 21
699 158 15 21
713 95 17 18
690 44 14 21
736 73 16 19
753 40 15 20
746 104 15 19
752 132 16 18
788 95 15 23
793 66 15 21
804 42 15 20
865 42 14 19
906 67 15 18
917 40 15 20
841 102 30 38
867 128 12 18
922 132 14 19
886 174 16 18
919 91 15 22
980 4 12 20
964 67 15 22
987 94 18 18
1017 90 7 15
978 144 15 17
952 175 14 12
1014 174 9 17
623 289 32 45
649 271 14 21
705 298 19 22
709 327 19 22
702 368 19 19
757 327 16 19
832 286 29 37
760 369 16 20
700 399 19 26
694 432 23 24
885 360 22 24
866 400 14 23
893 436 17 23
915 317 19 24
928 360 17 23
967 358 18 21
926 397 19 25
945 401 19 23
938 435 19 24
901 471 21 27
936 480 21 23
945 514 24 27
970 437 19 26
978 475 21 25
1004 531 19 24
752 440 12 21
755 476 19 26
804 498 19 22
866 483 14 24
873 466 15 22
887 536 20 25
878 566 37 34
781 580 27 35
782 562 30 27
258 158 19 18
382 121 17 17
196 488 24 28
156 566 35 35
20 152 15 20
832 67 15 15
607 470 18 26
