10 290 13 14
13 299 16 21
31 299 12 17
54 303 22 28
103 299 19 26
116 288 10 11
125 280 12 17
148 267 9 12
152 283 10 15
165 299 16 20
168 267 11 18
184 257 11 14
223 233 7 9
228 231 9 12
243 287 15 16
278 246 11 15
222 307 19 19
310 256 13 15
328 248 11 15
309 276 12 16
319 288 17 20
341 273 15 17
365 310 18 21
354 305 17 19
390 249 11 11
400 261 11 15
348 330 25 27
291 331 32 43
256 413 21 24
206 392 31 35
163 387 32 36
51 363 47 48
0 349 34 56
427 245 10 14
407 277 13 14
426 280 14 16
445 264 14 14
457 281 18 17
471 298 20 20
482 274 16 21
470 247 13 16
492 263 15 17
526 274 16 20
519 247 12 15
547 248 12 16
594 232 11 16
568 212 9 9
580 206 8 12
605 205 12 13
630 230 12 15
653 238 13 18
616 258 16 19
622 269 16 20
595 281 16 19
576 311 24 30
622 310 24 36
676 292 22 24
650 276 18 24
671 266 16 20
691 235 13 19
687 200 11 14
666 160 8 14
687 160 9 11
750 158 9 12
729 207 10 12
715 214 12 9
713 221 9 11
727 226 10 14
730 238 15 15
711 260 16 22
701 282 19 23
715 309 27 29
759 273 20 24
753 256 17 23
748 236 16 20
764 219 10 17
777 239 14 17
807 222 12 14
819 229 14 20
843 234 17 19
827 224 9 10
840 223 9 11
815 277 15 20
837 284 20 27
861 274 14 19
855 259 15 18
903 258 17 17
915 223 15 19
937 215 13 14
947 231 15 18
956 220 11 13
986 207 12 15
966 153 12 16
936 257 21 26
926 346 38 42
772 318 16 15
248 309 23 32
137 300 9 13
156 267 6 10
643 268 11 14
