93 17 22 35
3 56 22 35
115 83 17 33
153 50 21 25
197 49 22 33
162 23 23 31
166 85 22 31
111 215 28 34
207 203 25 31
244 229 30 41
308 172 28 36
321 225 25 36
225 146 28 39
50 331 30 41
70 254 26 35
135 282 35 40
138 345 37 44
173 365 26 41
318 302 32 41
266 355 24 45
277 417 30 41
362 421 36 45
382 252 30 39
435 197 26 37
478 204 26 35
6 529 18 43
425 330 29 35
422 412 36 38
80 569 22 34
53 581 28 30
591 461 35 48
431 374 24 29
543 226 28 34
577 392 21 39
238 588 18 36
268 0 24 19
374 75 19 22
384 53 17 25
399 0 21 23
458 12 23 33
485 25 25 24
333 142 20 26
381 141 22 31
634 32 25 17
641 58 19 25
709 22 27 27
728 91 19 28
771 83 26 29
830 43 27 31
947 53 23 29
917 101 23 28
795 118 21 24
759 119 23 30
626 214 29 32
899 203 27 36
689 222 22 42
741 234 25 39
867 33 19 27
807 190 11 31
934 30 22 28
841 1 17 23
995 114 22 30
997 244 26 31
760 256 28 36
659 286 30 38
659 396 29 23
635 368 26 43
761 305 24 44
803 380 36 40
746 400 34 41
866 289 30 36
934 297 29 32
918 333 32 42
945 347 27 34
950 271 23 30
532 108 19 29
531 414 35 38
650 432 12 27
677 436 34 30
783 458 25 40
808 466 24 38
952 435 36 46
939 512 25 38
995 346 28 34
843 499 26 43
867 434 29 42
724 352 21 37
364 242 24 27
203 523 14 39
273 530 13 28
643 100 18 33
0 206 13 40
