14 113 18 30
74 102 25 30
155 123 21 33
6 199 28 42
35 252 25 36
112 262 25 31
167 377 17 40
121 157 19 33
151 173 31 35
199 281 28 34
257 346 33 40
257 278 33 37
251 172 26 34
288 186 25 36
381 155 27 34
434 286 30 32
472 176 27 33
234 93 25 36
296 125 22 36
377 110 24 34
465 105 20 28
532 120 20 26
717 346 30 37
680 263 23 34
728 261 25 30
707 194 23 30
688 129 22 30
758 347 29 40
838 371 26 32
568 162 23 40
607 96 27 32
516 277 29 38
505 362 26 34
319 351 20 26
641 197 24 32
604 292 25 36
625 345 33 41
352 287 29 33
