987 1 14 11
976 47 13 17
938 43 14 23
947 21 18 20
910 26 20 22
873 27 18 18
941 75 23 28
878 91 21 23
884 63 16 25
851 81 17 22
939 196 20 29
894 179 25 29
820 17 18 23
797 33 11 15
782 59 20 22
787 110 18 21
781 130 20 25
820 168 23 29
847 180 27 24
746 4 18 22
731 55 19 21
735 90 17 23
735 111 11 23
713 113 18 23
701 41 18 21
707 17 15 22
660 29 17 22
680 59 18 24
690 109 17 25
668 103 14 23
655 116 18 20
649 146 20 24
670 178 23 27
739 163 20 30
634 195 27 27
639 117 17 21
604 133 18 24
605 117 25 23
610 2 24 14
574 73 17 23
582 109 18 23
540 43 20 25
508 5 17 21
507 61 15 24
509 116 16 20
531 127 14 23
455 121 20 25
449 55 17 24
422 13 13 19
431 147 22 28
509 165 17 22
354 4 16 10
385 117 18 22
450 204 19 27
453 185 17 22
367 218 17 22
360 236 23 22
243 9 14 18
272 17 16 20
247 25 18 21
232 48 14 17
263 80 16 22
312 92 12 19
238 102 15 20
374 142 17 20
361 161 18 24
236 179 19 23
241 196 19 21
272 157 13 18
124 29 14 19
159 55 13 15
135 75 18 20
128 68 12 16
112 85 15 22
78 52 13 20
62 47 11 16
6 45 12 16
1 68 12 20
23 77 14 18
55 81 21 22
77 88 13 25
44 118 16 20
11 121 17 13
58 158 15 23
71 164 12 21
22 206 16 19
32 232 23 21
110 230 19 21
153 225 17 22
204 206 17 25
155 184 13 18
127 170 15 18
147 214 14 22
13 285 15 21
51 290 18 20
39 306 12 22
20 314 17 31
114 301 20 27
160 288 17 19
102 388 21 23
137 380 23 25
204 250 16 21
235 291 18 26
316 285 13 23
279 347 25 25
232 388 18 23
252 385 18 25
183 394 16 23
160 422 17 25
217 449 25 30
247 448 24 31
244 429 19 27
282 450 17 23
3 403 14 27
29 480 20 26
0 519 10 28
94 571 22 35
122 568 25 38
148 466 21 25
117 565 18 33
461 275 21 26
435 284 22 24
378 297 22 26
332 315 20 28
387 282 22 27
349 350 16 28
382 353 15 24
418 369 21 29
499 384 22 33
524 329 21 27
402 403 23 28
340 406 22 28
784 284 23 35
786 339 23 32
725 365 25 26
724 340 25 32
800 422 23 30
743 398 22 31
789 459 20 31
738 444 26 33
647 407 27 37
730 512 26 32
718 498 23 39
626 496 24 35
634 476 23 34
554 453 24 30
567 520 23 32
572 312 15 31
550 411 22 30
604 399 27 34
624 358 29 24
756 333 25 24
906 219 19 26
829 241 20 25
968 329 24 38
863 348 22 29
837 427 21 32
929 459 25 31
810 210 20 26
47 620 28 29
123 627 30 36
175 671 28 16
231 569 26 32
210 477 21 26
310 482 19 28
285 515 21 32
265 511 31 26
374 596 26 39
353 618 23 38
309 627 28 43
752 567 26 42
807 559 29 44
842 492 29 40
830 339 22 25
706 434 16 29
835 299 22 24
787 87 23 24
338 430 24 28
410 444 27 27
432 418 22 17
437 432 21 26
478 481 26 31
381 473 19 32
473 536 22 34
463 588 33 37
391 517 26 35
415 597 26 38
130 276 16 21
218 24 14 15
404 193 20 26
983 32 16 21
1002 61 17 22
641 283 26 27
0 613 15 33
419 664 32 25
575 650 30 32
636 564 34 37
652 554 21 31
693 600 27 23
755 638 29 39
992 314 26 41
994 454 28 32
991 370 29 33
978 650 38 37
264 271 17 23
