773 77 7 12
439 99 10 11
17 60 8 10
40 47 7 9
148 11 11 15
78 29 9 12
22 89 8 11
75 105 9 10
52 108 9 11
100 120 9 11
87 107 8 9
89 18 9 9
31 56 6 12
16 45 9 11
142 134 22 14
269 101 7 9
292 79 7 11
246 163 11 13
226 101 9 11
234 83 8 12
391 105 9 9
334 95 8 12
403 79 8 10
373 83 7 11
565 96 9 9
57 92 8 10
74 90 8 9
53 79 7 9
40 93 6 10
25 9 8 9
46 7 8 9
65 11 7 6
70 22 7 9
98 8 6 9
102 50 10 11
97 35 7 9
132 7 9 9
129 19 9 11
163 5 9 11
181 11 7 7
199 8 6 8
164 18 7 10
193 32 7 9
199 23 7 9
215 22 7 9
219 8 6 8
115 7 6 9
119 32 7 9
109 22 8 9
93 75 7 10
90 87 7 12
117 90 8 9
76 75 9 10
8 98 8 11
48 120 7 11
67 123 9 9
82 121 8 11
59 141 8 10
194 74 9 12
188 59 8 10
204 50 8 12
215 43 7 10
245 9 7 9
230 8 5 9
229 24 8 9
228 37 8 9
244 57 7 9
241 72 9 10
228 72 9 9
181 49 8 9
248 22 7 9
241 32 8 9
248 45 8 8
255 58 8 9
264 46 7 8
275 29 6 10
266 20 7 12
290 30 6 9
306 31 10 8
296 41 6 8
280 46 8 10
285 62 6 8
269 57 8 11
260 74 10 10
260 86 8 9
272 85 9 9
279 71 8 8
245 99 8 10
238 108 11 10
293 107 7 9
310 83 7 8
311 55 10 10
300 68 7 10
312 68 7 8
333 59 8 9
329 68 8 8
343 39 9 9
327 41 8 11
314 44 6 7
345 53 8 10
342 73 9 7
342 84 8 10
328 82 8 10
318 97 7 7
315 111 7 10
328 108 7 11
241 121 9 12
363 41 7 10
366 58 7 7
361 67 6 9
377 54 7 9
375 67 10 8
391 67 8 10
409 66 8 8
368 97 8 8
356 85 9 9
351 97 7 8
345 108 6 7
351 110 10 10
377 110 7 10
361 107 8 10
429 83 7 9
449 88 7 10
463 89 7 9
473 101 8 8
457 100 8 9
429 97 6 8
425 106 6 8
409 105 7 7
412 93 8 8
391 83 7 8
487 102 7 10
542 94 7 8
516 92 8 8
3 47 7 11
4 0 6 6
20 0 6 5
65 1 6 6
45 1 5 4
88 1 8 7
82 10 7 10
134 101 9 12
133 90 8 12
3 126 6 11
4 114 8 7
984 17 9 10
768 71 7 9
0 65 5 9
204 62 6 7
