661 303 18 24
718 303 19 22
763 298 17 23
806 307 16 19
815 234 16 24
694 226 18 22
644 223 16 24
591 225 18 20
854 294 18 25
775 387 19 25
826 428 17 25
722 410 18 23
674 432 19 19
617 421 18 24
540 419 18 24
753 213 18 22
179 295 16 18
232 300 17 21
270 292 16 20
306 304 15 19
348 302 17 23
385 299 15 21
417 300 15 20
459 291 18 19
196 399 20 24
261 413 19 25
333 412 18 26
415 412 18 24
468 384 16 23
89 239 18 18
132 247 15 18
173 240 15 15
212 234 14 21
262 212 19 26
321 220 16 21
368 224 17 20
429 230 15 18
497 238 16 19
536 222 18 23
569 298 18 24
618 308 15 19
942 331 19 17
907 403 19 24
859 398 18 24
123 428 21 23
516 301 18 19
