18 106 14 23
46 90 17 29
26 138 26 33
63 155 23 24
53 233 23 24
93 217 20 22
107 129 24 29
90 158 11 14
83 152 9 12
167 152 20 28
203 99 32 70
228 126 20 24
262 128 24 26
295 84 26 32
291 129 36 60
660 73 24 44
881 93 20 32
967 68 23 38
742 71 14 24
563 92 24 30
743 124 22 27
766 91 20 27
801 116 22 26
330 79 39 43
370 93 17 23
334 127 23 26
614 108 21 28
677 119 19 21
691 103 18 31
780 139 12 19
362 145 19 25
400 116 22 27
450 74 23 38
462 104 19 24
509 143 20 27
511 112 20 22
579 126 18 25
717 190 25 29
718 88 13 19
599 98 17 25
