11 632 11 16
43 631 9 12
51 631 10 12
122 616 8 12
158 627 9 10
199 604 10 10
237 607 8 8
338 572 9 11
431 622 9 15
445 634 14 17
490 619 13 18
476 611 10 13
565 619 9 15
561 618 9 16
615 581 8 10
610 583 5 8
635 588 7 9
654 577 8 10
655 563 6 9
669 555 8 12
688 529 7 7
708 517 7 8
731 537 5 9
750 540 6 7
744 535 7 9
738 565 8 7
762 535 6 10
473 546 5 8
462 554 4 6
495 551 5 9
499 549 4 6
519 549 6 6
532 549 4 6
536 543 5 9
448 564 5 7
440 544 5 10
448 544 7 9
445 534 5 8
462 532 4 5
469 532 4 6
479 577 5 7
936 616 10 13
887 317 8 11
846 307 7 10
834 305 7 9
844 412 7 9
835 412 7 10
393 618 14 17
313 615 11 14
357 564 7 10
602 601 11 14
607 556 8 10
644 575 7 8
