202 506 26 40
119 482 32 25
37 402 26 29
113 368 21 27
20 331 19 22
75 315 16 18
37 313 13 16
192 416 23 32
251 395 19 30
305 360 20 26
348 368 18 20
403 414 18 26
434 403 20 23
196 326 17 21
137 328 16 23
127 308 16 18
314 295 13 16
388 311 13 17
421 302 13 17
445 293 13 15
472 294 9 10
502 314 14 18
537 302 11 13
346 288 14 16
374 285 11 13
287 285 10 10
258 287 10 10
200 285 11 11
75 295 16 14
25 287 12 13
562 301 12 12
579 288 11 17
603 286 8 13
924 244 10 11
932 209 7 11
878 211 8 10
818 200 7 9
785 197 6 9
739 196 7 9
717 190 6 8
679 190 7 9
603 173 6 9
888 251 7 9
884 251 6 10
850 258 9 12
837 239 9 11
822 240 9 12
797 245 9 10
809 242 7 11
794 234 8 9
781 249 8 11
783 240 5 8
778 231 6 8
759 239 7 9
749 232 7 8
752 222 7 7
743 243 5 9
732 248 7 10
710 237 7 10
722 226 7 9
722 219 5 6
706 227 6 8
683 239 8 10
702 263 7 9
669 269 8 12
630 281 11 12
615 278 11 14
626 259 10 12
641 256 9 11
652 252 8 11
608 264 10 11
636 235 6 9
645 222 7 10
635 218 5 6
659 219 5 7
663 218 5 7
648 218 6 7
598 248 7 10
620 247 7 9
592 268 7 10
584 254 8 11
574 267 7 11
579 267 5 10
552 277 11 13
534 273 9 14
519 276 9 12
486 266 11 14
490 291 10 13
553 242 6 9
558 226 6 9
570 203 5 7
575 210 4 7
574 221 5 8
577 217 5 9
589 229 7 9
598 226 5 9
603 223 7 10
624 231 7 5
573 182 5 7
546 171 5 7
514 171 4 6
497 171 4 5
474 186 5 6
450 182 5 6
455 196 5 7
464 217 6 8
468 208 5 6
501 213 4 6
526 211 5 8
421 275 12 14
447 273 11 14
463 270 12 11
545 261 8 11
529 257 9 11
519 247 8 11
539 244 7 11
508 236 9 9
527 236 6 9
502 247 8 13
490 248 6 10
476 240 9 10
452 240 7 10
486 212 7 9
465 255 9 11
451 258 8 10
418 258 8 11
411 248 9 9
428 240 9 11
429 226 7 10
410 234 7 8
406 219 8 9
402 227 8 10
390 231 7 11
376 235 7 10
389 252 8 10
400 275 13 15
386 266 10 13
372 271 9 11
367 254 9 13
340 262 11 15
346 255 8 12
317 271 12 15
318 261 10 10
297 256 10 14
351 241 7 11
354 226 6 7
365 229 6 10
374 219 6 6
382 219 6 8
317 237 7 10
290 231 7 8
314 217 7 9
291 203 7 8
273 207 8 8
270 227 8 10
263 220 8 7
272 262 8 12
281 252 7 10
375 203 7 7
343 209 6 9
337 215 5 8
344 233 6 8
540 229 7 7
551 215 8 9
543 199 7 6
519 220 6 9
469 202 4 7
473 199 6 8
437 202 5 6
405 199 7 8
353 199 5 6
388 201 6 7
366 197 9 4
574 239 8 10
570 253 9 10
655 232 9 9
672 221 9 8
696 240 8 9
693 229 8 9
671 258 9 8
665 234 7 9
499 226 8 8
482 229 10 9
465 232 8 10
450 211 6 7
450 203 8 7
446 187 7 8
470 192 5 7
531 196 6 6
603 209 5 6
642 188 6 10
980 212 10 11
907 205 10 9
845 213 8 7
883 241 6 7
872 240 6 6
419 141 7 7
324 130 6 6
310 127 4 5
409 179 5 6
398 176 5 4
396 182 4 4
385 176 5 4
383 188 4 5
389 189 5 5
431 185 5 7
435 184 5 5
419 184 5 5
410 193 6 5
370 174 4 5
355 186 6 5
348 188 5 6
332 192 6 7
353 170 5 6
336 175 6 6
299 181 6 6
290 188 5 5
286 148 6 9
274 148 5 6
296 168 5 6
318 163 4 4
306 188 4 6
263 199 5 6
251 221 7 6
240 219 6 8
225 217 7 8
226 232 8 6
247 232 7 10
256 239 8 9
254 253 9 11
291 219 8 10
223 256 10 10
240 264 13 15
211 257 8 9
212 247 7 8
263 186 4 4
258 196 5 6
232 206 8 9
223 199 8 9
218 194 6 8
228 187 6 8
206 181 6 7
194 189 6 7
201 162 5 7
195 154 6 5
208 136 4 5
214 163 6 6
214 156 6 7
227 154 6 8
242 157 5 5
253 140 4 4
222 138 4 7
229 121 4 4
278 167 6 6
120 253 9 12
156 249 10 11
171 247 12 14
175 239 10 9
182 224 9 12
187 215 9 10
188 206 5 8
156 225 9 10
149 239 7 10
161 217 7 9
167 209 7 7
169 200 8 8
169 188 7 6
185 185 7 9
168 178 5 5
164 165 6 6
180 151 6 6
161 145 7 8
164 137 8 7
174 133 6 7
163 120 5 5
148 119 5 5
146 132 7 7
147 144 6 7
134 209 7 6
132 229 9 10
104 229 10 12
108 219 9 10
118 209 9 10
93 213 9 7
100 207 10 9
119 191 9 9
110 195 9 8
146 186 5 6
135 196 7 7
133 186 6 8
104 185 7 7
85 187 8 7
92 181 7 7
82 168 6 9
71 191 7 7
64 183 6 6
119 157 5 6
104 170 6 7
85 153 9 9
69 163 7 7
98 130 5 8
105 114 7 6
84 117 4 5
241 176 6 6
244 121 5 6
293 122 6 7
129 131 4 5
73 113 5 5
54 112 6 7
82 245 10 14
67 236 8 11
82 226 10 6
50 223 11 12
45 239 9 12
49 207 8 9
50 192 10 9
49 178 8 10
69 180 8 5
63 171 6 5
44 153 6 6
26 178 7 9
19 190 6 8
29 211 8 10
17 219 7 10
32 113 4 6
39 110 4 5
19 109 4 6
18 137 6 5
30 145 5 5
11 146 5 6
14 162 5 7
7 159 5 7
23 155 4 7
215 367 15 21
264 338 14 22
321 291 11 17
675 326 11 12
38 366 17 22
0 427 13 28
862 249 6 10
866 249 6 9
1 195 8 12
17 200 8 9
