82 296 36 41
128 288 26 31
186 308 26 31
207 292 20 27
245 309 25 26
270 304 21 27
307 284 20 27
313 318 23 32
352 292 23 29
404 300 23 32
416 287 19 24
445 307 19 24
488 306 18 24
526 297 19 22
529 324 19 26
556 314 18 26
558 379 21 27
479 376 23 29
399 385 23 29
298 373 23 30
313 419 19 22
208 368 26 35
93 397 27 34
938 395 23 32
882 312 24 29
862 296 20 26
795 312 20 24
817 322 23 28
833 386 23 32
719 291 20 26
762 337 19 21
721 323 20 26
759 391 23 24
678 395 20 24
673 328 20 30
678 308 18 22
653 311 16 26
634 301 18 25
617 320 16 23
580 307 20 21
608 384 20 26
