0 334 39 54
40 326 35 41
11 299 40 43
48 243 38 45
135 93 26 36
110 127 23 30
196 48 28 35
280 62 30 33
232 161 112 128
359 108 109 121
433 166 95 131
667 212 25 32
732 310 37 52
676 284 33 44
779 272 28 36
759 244 28 37
691 239 23 30
718 191 27 34
792 235 29 33
794 213 21 28
829 193 25 29
867 210 25 30
824 271 38 48
862 258 28 43
839 255 26 40
909 236 30 38
947 263 26 33
965 303 33 39
997 228 21 31
993 196 21 27
929 204 24 30
970 231 24 34
908 405 94 132
872 363 44 57
812 348 35 45
875 313 33 40
918 283 31 41
625 274 25 37
620 215 27 35
