131 638 9 9
59 639 10 8
50 631 10 10
29 627 9 10
68 621 12 12
100 591 10 12
88 597 8 10
57 564 9 11
264 615 8 10
128 492 6 8
85 475 6 8
56 482 9 12
239 573 6 6
253 511 7 9
203 516 6 7
248 540 6 7
133 432 7 11
187 384 8 8
202 361 6 8
153 405 7 7
327 477 7 10
313 423 7 7
201 327 6 7
99 322 6 7
132 316 4 6
146 315 4 5
299 314 4 6
285 314 3 5
270 298 3 4
269 307 5 8
260 299 4 5
317 315 3 5
327 304 4 5
209 290 4 4
225 306 5 6
211 302 4 4
168 312 4 5
153 307 4 4
157 331 7 8
182 279 6 7
212 266 4 4
233 285 6 8
235 271 5 5
169 255 6 7
149 257 4 5
509 603 10 14
493 605 8 11
494 556 7 10
626 636 6 7
592 552 9 10
515 500 9 10
424 478 7 10
365 235 5 5
385 246 4 5
389 223 4 5
361 212 3 3
341 247 3 4
342 211 5 5
314 233 3 4
290 240 5 5
297 211 4 5
187 207 4 5
194 203 5 7
176 196 5 8
148 220 5 7
165 189 4 5
185 185 5 7
669 589 7 9
549 558 6 8
838 546 8 11
791 547 7 7
905 476 7 9
