23 605 10 11
92 592 10 12
171 571 11 13
175 544 11 11
220 534 12 13
239 487 9 11
251 486 8 7
198 501 8 7
174 487 8 10
167 484 9 11
294 451 8 12
27 466 11 9
11 469 7 7
282 395 11 11
286 355 8 11
244 314 7 9
225 439 8 9
176 444 8 8
174 374 9 11
228 377 7 10
100 337 8 9
55 336 8 10
152 357 8 9
129 322 7 7
138 322 5 7
170 320 7 8
182 288 7 9
189 287 6 7
136 291 7 7
211 261 7 8
4 255 6 8
12 230 6 7
90 250 6 7
148 252 6 8
111 260 6 7
184 208 6 8
143 227 6 9
142 192 7 8
108 177 5 5
92 158 5 6
85 193 6 7
56 197 4 5
82 213 5 6
55 135 4 6
59 120 4 6
60 115 4 6
47 159 5 6
15 164 5 7
4 162 5 4
30 145 5 6
394 575 10 8
279 622 12 11
330 601 9 12
283 554 8 10
562 612 7 9
468 519 11 11
445 515 10 8
498 501 9 11
380 457 9 9
424 454 7 9
433 406 6 7
470 399 7 8
371 342 6 7
326 348 9 8
329 292 7 8
346 270 8 9
378 272 6 6
366 252 6 7
321 256 7 8
261 263 5 7
322 222 6 9
259 210 5 6
270 211 4 6
238 212 4 5
229 149 4 6
266 142 5 6
201 132 5 6
207 182 5 4
179 181 5 7
140 163 4 7
279 121 6 4
118 152 5 5
237 102 4 4
231 93 3 4
215 96 4 4
212 102 3 3
217 120 3 5
237 140 4 6
127 111 5 4
108 74 3 3
86 107 3 4
788 557 12 13
722 565 10 12
719 492 11 10
654 493 11 12
761 461 11 12
824 439 8 11
860 456 10 13
877 440 8 8
866 422 10 11
761 401 11 12
720 341 9 11
605 441 8 11
658 431 7 7
634 435 7 9
543 375 9 10
608 369 6 8
506 325 7 9
555 325 8 10
563 326 4 7
497 280 6 8
455 282 7 8
520 242 6 8
484 228 6 7
437 277 5 7
426 183 7 8
416 178 4 4
366 232 4 7
399 229 5 6
407 198 6 8
289 179 5 6
273 176 7 7
993 611 11 13
975 424 11 14
991 411 8 8
919 427 10 12
937 350 8 11
853 346 7 9
910 261 7 8
888 324 8 8
929 320 7 9
906 397 8 10
798 357 10 10
677 282 8 9
727 324 9 10
602 197 6 6
614 256 5 7
586 261 6 8
557 229 6 7
492 212 5 6
908 251 6 8
874 254 6 8
759 267 6 7
775 264 6 7
852 273 6 7
727 239 8 8
713 191 5 7
852 195 4 8
915 211 5 5
1008 227 7 7
994 194 5 4
982 183 6 7
970 185 5 6
960 180 6 7
1003 168 6 7
862 165 4 5
781 170 7 7
788 169 6 7
761 174 6 6
769 184 4 4
845 222 6 6
934 181 7 6
946 175 5 6
957 171 5 6
695 217 5 6
660 222 6 6
935 151 6 6
897 158 5 7
919 103 3 3
970 102 4 5
976 112 4 5
866 118 5 6
869 114 4 5
843 133 5 5
835 139 5 5
903 99 3 3
847 85 3 5
938 70 3 5
967 78 3 3
964 64 4 5
1005 57 5 6
965 55 5 5
978 55 4 4
593 183 5 5
571 189 5 7
532 172 5 5
538 141 5 7
477 137 4 4
492 138 3 5
461 139 5 6
485 182 4 6
375 140 4 4
351 103 5 7
376 155 4 5
410 153 5 6
325 136 6 5
354 130 4 7
281 75 4 5
303 122 4 5
332 133 3 4
326 74 3 4
307 78 4 4
234 67 4 7
242 64 3 3
290 110 4 3
264 109 5 5
130 65 4 4
53 65 5 4
68 59 2 3
510 117 4 6
457 103 5 4
488 111 5 5
606 153 5 5
597 123 4 4
634 124 4 5
599 109 3 4
741 185 5 6
649 169 5 6
677 137 5 5
701 151 4 6
762 135 5 6
721 146 4 6
758 129 4 4
771 133 5 7
662 108 3 4
742 83 4 4
732 83 4 4
764 104 4 5
729 49 3 3
675 52 2 4
654 44 3 4
670 25 3 4
708 28 3 3
692 24 2 4
683 20 3 2
96 45 4 3
111 41 3 3
67 51 4 4
67 26 3 4
71 22 3 2
74 26 3 4
78 24 2 3
129 22 2 3
160 17 4 4
114 27 3 3
51 34 3 3
286 56 3 5
244 44 5 5
216 38 4 4
294 29 4 4
304 20 4 5
615 21 4 4
599 23 3 3
627 22 4 4
623 19 4 5
642 28 3 4
727 132 6 9
549 88 5 7
498 85 6 6
569 366 8 11
