916 1077 25 28
920 891 22 21
262 1214 32 31
125 1213 25 31
365 966 25 28
430 802 20 25
894 786 20 22
932 687 19 21
948 598 17 20
503 690 21 23
599 584 15 19
67 672 20 17
153 593 16 21
231 583 16 17
0 428 12 15
68 375 15 14
60 310 11 12
125 307 10 11
11 376 13 13
271 498 17 16
314 419 17 15
213 434 10 16
278 413 11 15
334 429 8 8
275 435 9 13
388 369 13 15
609 493 15 16
607 438 15 15
673 435 15 13
978 310 13 14
969 268 13 13
933 230 11 13
885 234 12 13
693 368 13 14
716 327 12 10
655 332 15 13
703 280 12 12
439 305 13 13
380 317 8 10
398 307 7 10
432 277 11 11
382 283 8 8
85 271 10 9
119 277 8 8
182 225 8 9
185 141 9 10
420 255 6 5
375 257 7 6
383 227 6 8
406 200 6 8
329 176 6 7
821 187 8 8
771 193 10 9
730 166 7 7
659 254 8 8
629 209 9 8
586 216 8 10
593 221 5 6
687 142 6 6
610 114 6 7
584 113 7 7
554 174 6 7
491 107 5 5
485 157 7 7
453 137 6 7
454 121 6 6
442 122 7 8
374 128 7 8
339 159 6 6
318 103 4 5
335 102 5 7
276 79 5 5
263 131 7 8
275 133 6 9
240 80 8 7
176 39 5 7
94 37 4 5
73 41 5 5
48 85 6 5
19 83 3 6
411 63 6 7
