377 1453 15 14
274 1446 14 18
312 1441 9 12
788 1218 24 30
1019 1148 5 10
491 1124 17 20
207 1240 20 23
77 1097 16 21
361 977 14 14
515 903 13 14
781 976 12 16
684 979 21 21
716 973 6 6
931 926 12 14
840 931 11 13
892 924 5 6
200 838 11 10
589 843 14 15
526 833 10 16
600 786 12 11
687 731 8 11
328 761 12 11
969 845 18 18
974 766 12 15
986 711 12 12
980 677 10 10
924 682 9 9
938 682 5 8
987 644 10 11
934 651 11 8
925 643 6 8
664 671 8 10
615 672 7 8
695 628 7 9
688 565 10 10
640 510 7 8
710 548 10 10
597 512 6 7
428 659 8 9
365 668 11 11
436 581 10 10
421 527 9 9
366 535 9 11
376 450 10 11
327 453 7 8
368 455 6 7
198 551 9 8
618 479 8 8
570 480 8 8
585 479 5 6
560 455 7 8
536 410 9 8
520 412 5 6
528 409 5 6
488 412 7 8
506 385 6 7
481 381 5 6
464 379 6 6
468 389 5 6
504 381 3 4
931 560 9 12
887 565 9 13
874 474 8 9
955 388 7 9
964 389 5 5
895 357 6 7
885 352 6 7
779 413 8 8
741 416 9 9
707 379 8 8
678 382 8 9
659 348 4 4
666 345 6 9
623 352 7 9
794 313 5 6
704 273 7 8
569 309 7 8
529 311 7 7
497 265 6 8
438 334 7 8
398 341 6 10
383 297 7 9
417 248 6 8
230 392 9 10
245 376 6 7
186 393 7 11
230 341 8 9
183 345 7 5
86 299 5 5
81 295 6 5
38 295 6 5
295 260 8 9
250 241 6 7
185 212 5 6
98 183 7 8
579 214 6 7
562 220 5 6
506 197 7 8
451 181 6 7
423 184 6 9
381 228 4 5
377 147 7 7
347 147 8 8
325 172 4 5
218 152 6 7
185 157 6 6
205 125 5 5
137 128 6 7
156 100 4 5
115 101 5 6
64 95 5 4
70 98 5 4
63 119 6 5
16 166 6 4
