48 574 8 9
14 217 6 7
50 203 7 8
107 240 5 7
121 242 5 6
128 246 6 8
146 251 6 7
155 251 6 6
163 228 6 6
0 325 5 9
26 320 7 8
159 201 4 5
222 155 4 5
226 156 3 4
131 237 3 4
175 238 4 5
107 161 3 5
101 155 3 4
243 151 4 5
235 144 6 5
302 162 5 7
285 112 4 5
276 108 5 5
310 115 3 5
314 114 3 4
305 112 3 5
309 100 3 4
316 98 3 4
265 86 5 5
244 97 4 5
521 208 2 3
476 184 5 6
457 186 5 6
489 208 6 6
484 310 7 10
522 302 5 7
449 280 5 7
336 328 6 6
325 336 5 5
283 326 5 6
350 324 4 7
516 702 12 12
561 640 10 9
444 647 8 11
477 638 8 10
423 646 8 6
681 674 10 11
704 745 10 12
739 735 12 10
700 651 9 10
670 644 9 11
720 634 7 9
739 592 9 9
703 577 8 9
724 560 9 8
941 736 7 9
962 722 6 11
921 717 6 9
920 702 6 7
801 743 9 11
837 681 11 11
923 676 7 7
913 644 10 12
957 592 7 9
977 625 7 6
1001 624 4 7
938 616 5 7
876 585 6 9
912 561 7 11
923 524 4 7
868 538 9 10
744 539 9 10
762 543 5 8
726 539 10 8
758 511 8 10
765 516 9 7
808 506 8 10
559 484 7 9
629 507 8 9
648 462 8 9
551 465 9 10
687 437 6 8
610 415 6 7
573 419 5 8
671 389 6 7
697 393 5 7
688 415 8 10
760 446 8 7
870 418 4 6
865 440 5 8
763 403 7 7
792 393 8 10
916 384 7 8
914 378 6 7
963 400 6 6
873 372 6 7
850 381 7 7
800 352 7 8
794 346 6 7
760 344 8 9
831 381 6 7
865 353 7 7
853 358 7 7
877 309 4 5
735 296 5 7
813 279 7 9
860 290 7 9
899 304 7 9
871 255 7 8
808 271 5 7
806 261 6 6
773 252 7 6
787 245 7 7
756 302 4 5
780 300 5 7
757 209 6 7
772 207 6 7
799 233 6 8
797 223 6 6
836 253 4 5
857 236 5 6
848 233 5 5
841 236 5 6
873 202 6 6
881 220 6 8
879 207 4 6
852 208 3 6
837 199 6 7
866 189 6 7
877 191 4 6
850 187 4 6
920 239 5 6
950 243 5 6
965 238 5 7
910 223 5 7
903 211 5 6
914 208 4 6
952 207 4 5
973 212 4 5
997 231 5 5
1000 265 6 5
974 202 4 4
906 326 5 5
952 317 5 6
856 151 4 5
834 149 5 6
840 142 5 7
885 124 3 5
769 56 4 5
775 38 4 4
831 91 4 5
849 71 4 4
851 65 3 4
847 80 3 4
383 80 3 4
411 89 5 7
401 87 3 4
408 82 3 5
369 111 4 4
395 63 3 4
387 82 2 3
476 54 3 5
467 61 4 4
459 71 2 3
429 66 3 3
344 59 3 5
596 166 5 7
563 159 4 6
197 230 5 9
184 233 5 6
907 185 6 7
