669 431 7 10
308 396 19 28
364 412 13 28
334 473 30 49
181 552 55 77
387 525 38 56
489 495 17 29
449 429 9 20
420 415 15 24
393 405 16 22
524 491 13 19
569 450 11 19
724 557 19 34
660 533 12 21
749 609 26 44
888 491 7 9
528 644 38 53
639 709 35 58
28 348 24 22
31 380 32 43
106 357 24 18
216 392 15 28
1007 617 9 18
723 508 13 18
764 531 12 13
790 563 12 19
747 556 14 16
854 586 10 16
879 567 9 13
818 540 7 10
254 416 24 30
78 327 10 12
3 349 7 19
3 322 6 14
2 288 5 12
62 336 12 15
200 347 14 17
265 362 8 12
250 355 10 11
478 426 11 13
500 437 11 12
524 446 9 19
534 490 13 21
616 481 17 19
674 500 13 15
796 570 17 25
