49 28 10 10
95 38 17 17
89 24 12 12
156 16 13 14
151 35 11 18
84 118 10 15
88 82 15 19
294 73 16 19
304 24 7 17
314 24 8 16
356 1 18 12
374 29 13 14
353 86 11 15
413 53 15 16
433 30 12 18
424 16 16 18
460 0 11 14
498 32 13 17
517 28 12 17
554 29 14 22
613 44 13 14
566 65 11 14
495 61 19 17
594 98 10 10
634 66 13 22
663 89 13 15
706 68 11 13
718 84 13 17
702 0 15 10
782 9 11 11
809 55 11 13
837 75 11 14
929 53 12 13
957 9 11 14
997 14 12 16
1016 65 8 23
199 179 20 22
226 19 10 18
756 115 13 12
438 83 15 19
482 82 16 18
773 27 11 16
