381 132 8 11
349 260 8 14
572 229 10 13
624 227 10 13
696 267 10 14
705 173 10 15
649 154 12 14
617 186 10 14
588 192 10 13
608 215 7 11
660 207 9 11
648 188 7 7
632 172 8 8
676 223 10 9
641 260 10 8
652 291 11 16
735 351 10 15
589 304 11 13
593 270 7 10
672 332 13 11
715 251 9 9
779 185 7 11
445 122 13 12
493 151 14 15
465 180 10 10
432 220 10 13
406 255 9 13
342 562 10 14
327 638 10 13
298 627 13 12
293 660 12 16
270 658 10 11
422 687 14 16
402 671 10 16
426 669 10 14
313 525 14 15
346 691 10 18
376 678 9 17
791 434 13 15
575 436 12 15
562 451 10 15
556 476 12 18
587 456 11 16
585 473 15 17
628 480 13 17
378 245 10 13
377 221 11 12
337 213 12 13
405 139 9 12
383 113 13 13
558 660 14 18
539 618 15 17
490 649 11 17
506 591 10 21
497 683 16 20
480 712 13 12
512 768 11 14
535 746 15 15
528 723 15 19
574 732 12 17
631 764 11 15
670 743 14 13
667 709 12 16
647 660 12 17
735 651 15 12
702 699 12 15
710 741 8 13
708 715 12 15
625 640 12 23
775 555 10 19
468 723 8 18
462 629 10 19
317 286 12 12
657 485 11 16
677 469 12 14
715 527 12 12
679 518 11 17
647 528 16 20
610 505 15 17
611 711 15 19
691 649 15 21
604 636 14 21
685 798 13 15
574 732 14 21
403 495 11 16
496 619 11 15
421 283 11 14
735 203 6 8
705 194 7 8
752 267 6 7
735 312 10 13
518 205 9 12
499 226 9 10
446 241 11 12
433 266 10 13
483 246 11 12
473 268 9 12
499 265 9 13
406 302 10 13
390 281 11 11
367 303 11 10
384 262 10 11
317 507 14 14
272 555 10 19
281 576 12 12
259 596 13 17
231 685 13 15
315 611 11 12
579 496 12 15
535 495 10 17
539 518 10 18
580 543 11 19
597 528 12 15
551 540 10 17
577 571 13 18
615 548 15 21
645 584 12 12
674 602 14 15
720 595 14 15
751 577 12 11
719 550 14 15
551 633 10 20
590 616 13 16
605 591 12 16
686 671 14 17
302 277 9 19
722 340 13 15
658 265 12 12
765 234 13 15
628 203 11 12
631 785 15 17
601 779 15 15
434 431 13 14
449 415 9 13
482 423 10 12
509 429 14 10
487 449 11 15
512 473 8 10
521 456 9 11
441 526 10 16
467 519 10 12
437 485 12 15
503 518 6 16
419 559 15 17
400 555 13 17
454 586 11 15
407 602 10 12
355 606 18 13
391 626 14 13
440 652 16 17
361 658 14 15
317 681 12 15
304 708 12 15
344 722 14 16
391 719 12 15
418 586 13 13
726 463 15 15
771 507 9 12
780 487 15 13
737 501 14 15
444 295 8 10
408 173 10 8
423 157 7 9
473 142 6 11
597 238 10 13
559 261 10 11
787 218 9 12
315 440 10 12
357 424 13 12
333 421 13 10
380 405 11 15
399 410 12 15
401 436 11 12
360 448 12 15
365 469 13 18
319 461 10 15
309 488 11 13
566 682 13 18
588 657 10 17
619 683 11 17
532 699 17 19
517 650 12 16
752 173 9 8
631 328 9 11
365 279 10 10
367 194 10 10
343 188 9 11
366 152 7 13
444 141 8 12
496 187 10 12
686 774 14 15
696 567 12 15
393 455 11 14
349 517 12 14
401 520 11 12
312 562 10 12
291 543 12 14
280 525 9 15
736 238 10 12
615 144 10 11
