656 407 31 48
791 256 38 62
899 130 34 61
749 126 27 51
653 177 25 38
878 157 20 27
917 89 21 24
969 70 23 29
579 112 27 37
517 140 27 30
684 111 17 22
813 35 20 24
776 61 16 19
795 39 13 18
637 123 16 23
458 79 13 17
544 81 13 13
585 61 13 15
479 138 14 18
207 263 35 40
354 226 33 36
278 210 24 24
186 229 21 23
422 198 13 18
7 356 21 38
61 301 20 22
76 264 15 18
148 250 17 24
420 162 11 14
413 144 11 15
353 169 20 21
371 108 12 16
325 127 13 13
295 172 13 15
260 137 12 13
237 184 19 22
239 163 14 13
242 139 9 12
196 160 11 13
204 201 12 14
165 233 16 16
160 185 9 11
222 126 11 11
210 130 8 12
176 144 9 10
156 157 11 16
139 157 11 17
117 233 15 18
73 180 9 12
58 180 9 13
27 236 13 16
52 208 19 22
11 199 14 12
26 271 16 19
3 241 13 16
692 162 34 43
487 195 26 34
460 188 23 22
120 194 16 19
95 197 16 23
121 269 25 23
33 358 31 45
