688 191 11 16
723 191 13 18
767 202 11 14
814 215 10 12
888 216 12 17
933 227 12 17
973 240 12 16
1009 195 11 14
991 177 11 16
960 169 11 13
929 167 11 14
888 174 13 15
865 156 11 15
830 155 10 14
792 150 12 14
745 145 12 13
705 131 12 18
677 129 11 15
694 63 10 14
721 56 12 16
752 93 12 15
791 92 12 19
824 100 11 17
851 107 13 15
916 119 12 17
954 123 12 14
1011 138 10 15
944 40 9 12
910 36 11 14
878 54 10 11
839 25 11 13
804 19 10 12
824 1 11 13
336 118 10 12
2 67 12 16
355 0 12 8
648 191 11 15
446 75 11 13
788 0 11 10
751 14 11 15
776 32 12 13
794 31 11 12
730 11 11 13
514 162 13 16
471 165 12 12
505 86 12 16
613 23 10 8
454 51 12 14
418 67 10 13
414 40 10 12
387 13 10 14
384 66 8 12
362 91 10 14
407 131 9 13
378 121 10 14
1009 48 8 13
966 80 6 9
985 129 9 12
886 114 10 12
640 24 8 11
617 178 10 12
544 164 10 13
567 85 9 13
345 100 7 12
236 98 9 12
252 106 9 12
320 80 7 10
314 38 6 9
288 39 6 9
259 21 8 9
231 12 11 12
249 45 6 8
261 100 10 12
296 125 10 13
59 13 8 12
29 24 8 14
30 66 10 15
141 50 9 12
129 84 9 11
142 99 9 12
180 102 9 11
196 99 9 11
182 56 9 10
194 17 8 10
162 15 8 13
694 562 10 12
733 544 7 12
206 467 12 15
477 73 9 12
507 43 9 9
535 30 10 10
489 52 6 11
609 72 9 12
582 177 12 12
