401 60 53 85
584 222 29 54
447 227 52 63
757 205 47 64
934 323 43 55
121 491 16 21
73 488 14 21
130 471 18 25
177 501 16 19
229 474 14 16
262 483 15 20
260 456 13 18
225 453 13 19
182 438 14 18
229 436 12 17
261 446 13 17
245 421 9 15
222 384 12 15
140 439 12 15
44 445 11 13
30 473 10 15
64 407 11 15
59 391 12 14
17 384 9 12
17 448 9 14
136 393 9 14
117 394 11 15
81 379 10 14
70 465 12 16
89 484 13 17
154 416 13 18
152 379 11 15
211 402 11 13
177 403 10 14
97 429 13 15
268 423 12 17
304 482 16 20
296 468 13 17
310 455 14 20
190 358 9 14
28 492 13 17
133 427 11 16
139 352 10 15
109 359 10 14
172 453 15 20
39 350 11 14
70 352 10 15
87 306 11 13
206 346 8 12
105 414 13 18
249 390 11 13
287 412 10 13
307 405 8 13
181 386 8 11
