42 517 98 111
704 755 119 118
641 653 63 94
914 926 110 173
831 596 110 115
967 729 57 105
948 483 73 105
843 416 58 76
96 468 74 89
205 340 62 79
329 272 170 197
713 355 69 96
790 266 66 81
942 278 58 74
989 199 35 73
956 117 43 53
549 192 50 67
745 159 48 57
191 148 42 50
540 61 37 43
584 335 47 56
649 151 33 45
687 56 39 45
851 69 36 41
920 97 34 44
158 101 35 34
231 43 31 40
504 123 26 41
447 118 21 28
138 287 36 44
744 42 33 34
964 45 37 49
259 112 28 44
144 46 47 45
299 44 33 32
352 55 28 32
0 883 21 152
