691 174 77 86
822 21 12 16
905 129 48 68
860 64 12 12
886 94 13 15
934 76 12 15
942 101 13 15
817 180 25 29
870 170 13 18
970 112 27 33
978 92 9 13
851 168 14 17
375 487 48 62
517 493 49 68
521 544 86 93
0 525 41 64
111 626 171 121
776 733 146 198
783 207 19 22
96 528 56 75
588 214 21 25
0 366 15 22
12 292 17 18
62 337 20 30
95 291 20 20
105 321 21 26
133 306 22 32
169 310 21 28
159 304 8 13
171 332 24 36
220 342 24 32
194 299 22 27
281 288 20 27
296 278 22 30
246 288 10 12
340 269 14 23
350 269 25 30
409 262 18 24
450 276 30 41
480 273 12 22
467 254 15 25
504 272 27 36
520 239 20 27
532 180 22 42
661 227 21 33
683 203 20 29
