212 25 11 15
359 107 11 18
149 30 9 10
455 22 9 13
439 123 13 25
277 88 10 13
249 177 20 23
89 377 17 25
194 375 17 29
283 371 24 36
198 323 22 28
204 304 11 14
327 339 18 26
403 247 18 26
485 268 15 23
488 370 21 27
467 326 19 27
420 298 15 26
568 405 21 27
554 300 20 24
510 238 17 21
407 287 9 18
920 488 30 36
773 479 18 31
549 529 23 33
826 370 18 28
881 367 21 33
949 330 25 26
752 336 28 33
692 349 22 31
633 361 24 34
618 319 25 32
678 295 25 37
397 152 11 18
503 99 16 16
527 99 13 16
629 102 13 14
726 134 12 23
731 86 13 16
651 228 14 22
615 162 11 17
740 160 16 22
806 211 20 23
773 256 20 31
807 144 11 17
586 230 12 21
571 271 11 22
587 250 13 19
531 240 10 17
730 281 19 27
926 238 20 26
1007 329 14 23
405 182 14 23
830 29 16 21
986 101 17 18
937 81 13 19
896 172 17 25
886 153 14 18
935 126 14 21
754 141 15 19
812 164 19 21
822 145 14 23
700 114 10 14
433 33 9 13
275 29 10 15
751 61 11 16
126 101 21 25
879 284 18 26
993 262 15 24
835 2 11 15
745 26 13 17
879 35 17 27
971 8 9 14
572 44 8 16
574 15 7 12
583 37 9 18
391 46 14 26
254 216 18 27
413 231 19 27
647 141 16 24
717 206 11 17
244 143 19 27
294 165 15 21
541 38 10 12
419 362 16 27
902 208 23 26
755 179 20 21
408 66 15 27
