140 1173 56 82
90 1016 68 84
92 916 66 77
45 793 62 68
310 1052 60 79
458 1087 76 93
667 1124 58 82
917 1174 66 69
827 1028 66 74
546 965 72 84
710 856 75 84
0 1243 12 66
342 983 69 76
478 963 67 82
940 896 57 77
223 752 66 84
468 736 66 81
658 632 67 74
905 662 56 70
449 656 61 52
284 600 60 66
235 476 47 86
105 382 64 77
688 457 71 75
810 368 66 74
999 37 25 63
825 42 53 64
907 175 55 69
814 265 62 63
575 310 57 68
595 223 66 78
625 64 52 64
388 324 55 78
405 254 63 77
436 56 53 69
378 76 43 64
378 173 59 73
80 62 56 66
117 164 61 76
165 222 69 74
