198 449 46 53
428 585 30 35
489 587 24 30
402 589 22 27
557 595 26 26
799 584 27 33
832 607 30 34
860 616 24 26
894 611 28 34
940 587 27 35
1001 618 23 28
7 558 27 32
884 320 14 17
847 335 18 20
785 314 13 18
790 294 17 18
809 273 14 17
755 303 17 19
871 281 14 17
902 256 16 17
1009 237 14 19
975 383 17 20
822 210 17 17
837 140 14 19
876 151 15 14
896 192 19 20
915 174 18 19
921 146 17 19
889 114 13 15
861 92 19 21
930 128 13 15
736 335 17 20
479 212 13 15
418 158 17 19
442 144 17 23
494 127 18 18
513 144 18 20
535 143 16 16
557 165 13 17
545 179 14 14
545 199 16 18
505 203 10 15
574 134 16 17
596 156 14 13
525 342 16 23
472 377 18 22
407 281 17 20
433 264 16 22
452 275 15 15
302 311 13 15
317 293 15 15
341 264 16 19
290 279 18 18
272 333 14 15
246 366 15 19
215 352 15 16
216 328 15 18
212 282 18 17
218 303 13 14
253 288 14 16
268 306 12 13
280 260 12 14
310 264 16 18
355 229 16 13
297 222 17 16
296 242 17 19
259 239 14 15
272 222 17 16
179 307 19 18
142 341 20 22
133 364 17 19
419 336 16 20
426 362 16 19
189 255 18 23
228 216 16 19
386 235 18 19
321 199 16 19
42 295 13 16
79 383 20 22
54 373 17 18
92 358 19 21
82 332 16 20
0 337 14 17
32 274 17 19
77 290 13 14
94 280 15 18
168 273 15 19
165 253 11 14
82 258 21 20
96 240 14 16
120 260 13 14
139 298 16 20
139 272 16 17
5 198 17 22
41 202 14 17
88 195 13 13
116 201 13 18
143 205 11 15
13 232 12 17
127 120 21 25
180 202 17 17
359 137 18 23
400 142 18 21
980 169 21 21
742 62 13 16
756 45 15 17
826 41 16 14
815 62 13 18
784 65 15 16
865 23 15 17
868 61 14 21
940 61 11 14
940 85 12 15
977 60 14 17
946 46 17 16
981 25 14 18
991 42 12 15
34 87 14 19
108 83 10 15
4 80 9 16
763 143 17 21
397 171 19 19
129 582 28 35
786 405 21 22
830 411 18 21
866 407 18 25
858 394 20 20
918 390 18 22
942 387 22 25
971 406 19 20
929 362 20 24
973 352 16 18
923 337 19 23
886 348 14 17
827 383 20 20
856 368 15 18
807 374 14 16
801 341 18 20
762 343 14 17
926 420 13 16
969 302 17 20
1015 326 9 13
1005 354 13 15
928 298 20 19
941 281 17 21
960 155 14 16
960 125 17 21
982 100 16 18
991 154 15 16
750 193 16 18
779 241 14 15
809 230 15 17
707 232 15 19
698 210 17 17
661 228 15 16
606 227 13 16
636 162 15 21
655 142 17 21
798 95 13 17
832 101 13 15
817 120 13 15
786 125 30 34
644 99 15 17
662 113 17 18
600 121 15 18
626 116 16 17
601 90 19 21
717 132 16 17
750 99 17 17
448 228 16 18
492 247 16 18
523 247 18 17
537 222 17 20
523 171 15 16
477 176 16 17
449 176 13 16
96 564 28 30
