77 427 18 24
105 427 17 23
139 421 15 24
159 439 18 23
198 416 18 26
235 423 20 23
156 403 13 18
120 373 14 16
146 371 14 17
170 365 13 18
170 343 12 17
226 399 14 17
251 401 13 13
0 321 12 21
40 324 11 12
205 342 13 15
184 390 11 13
251 318 9 12
270 284 12 15
364 145 41 45
526 312 20 30
455 433 20 24
455 403 18 22
492 396 16 25
505 404 16 22
600 390 18 23
605 425 17 22
652 409 18 23
673 356 15 20
649 327 17 20
601 297 12 15
482 351 15 19
480 333 11 13
516 328 8 11
490 300 12 17
594 379 13 18
698 293 15 22
704 415 18 21
485 281 15 13
454 285 11 14
530 284 11 15
569 310 10 12
431 193 11 15
476 248 11 13
529 249 11 14
554 273 13 20
598 250 11 19
623 274 14 15
597 186 11 15
671 233 10 16
675 185 10 13
679 213 14 15
720 175 12 15
578 324 16 19
634 233 11 15
659 223 10 14
572 215 10 12
611 211 10 11
576 257 11 15
619 312 12 16
895 416 21 28
885 395 18 22
877 385 14 18
885 365 15 16
921 368 19 21
944 365 18 25
951 406 24 29
999 393 22 27
987 373 16 21
975 367 18 26
948 327 16 20
915 317 16 20
885 303 16 22
964 299 17 21
891 250 14 18
894 220 13 18
937 212 13 17
967 229 15 14
967 192 14 18
906 191 14 18
49 441 16 19
268 332 19 29
22 486 12 15
50 423 16 22
34 435 11 16
929 240 14 20
1004 331 12 20
