61 103 107 161
381 88 126 135
618 59 112 169
893 216 101 139
207 607 49 53
181 539 30 45
200 492 33 46
305 353 27 39
268 177 24 33
331 215 23 34
239 213 23 30
178 181 24 30
230 144 23 30
252 83 27 34
302 156 21 34
312 83 23 32
506 129 25 36
547 84 22 32
280 107 22 33
166 91 22 25
150 17 21 29
108 68 29 37
70 15 22 24
264 38 19 27
192 22 24 29
137 51 24 31
0 32 18 37
55 49 31 40
2 184 31 39
94 39 26 36
231 45 24 36
202 329 37 46
915 609 53 66
857 592 42 54
881 514 35 53
955 512 35 56
984 599 38 52
1006 476 18 44
993 372 27 39
925 160 33 48
889 180 31 51
844 151 26 38
887 144 32 39
823 232 32 53
1002 190 22 38
887 81 25 33
933 57 20 29
951 85 23 30
938 135 20 25
822 35 22 26
799 73 20 24
821 120 20 23
729 21 17 23
769 6 19 23
563 0 26 33
506 7 27 31
587 30 25 33
757 108 23 32
779 36 27 31
921 12 19 29
891 62 24 28
874 0 18 16
981 9 19 21
960 45 19 24
975 26 16 24
200 452 33 46
14 0 32 22
748 45 22 28
719 74 24 39
828 80 24 30
