181 244 41 57
678 468 28 27
786 444 31 38
887 441 26 43
899 443 20 45
950 437 28 37
1003 446 20 41
997 357 20 31
639 446 23 32
676 375 17 26
744 349 21 28
703 328 20 31
779 336 22 28
825 306 22 30
251 466 14 22
281 369 19 25
269 470 17 21
299 476 16 23
317 468 17 21
357 470 15 21
372 453 18 29
408 466 15 22
469 371 15 19
478 458 15 20
501 458 20 32
538 456 18 22
561 454 17 27
615 357 24 27
585 320 18 22
864 238 20 24
967 195 16 20
994 166 15 25
820 161 17 19
903 315 23 32
663 290 21 32
1005 286 12 17
675 267 23 27
93 469 15 23
67 474 15 24
179 588 24 23
107 449 15 24
125 442 10 16
