63 203 30 39
634 85 17 17
896 201 22 33
928 177 16 28
951 159 19 28
1001 154 17 25
971 174 29 38
937 142 24 26
1001 107 19 24
975 82 16 22
918 94 15 21
899 61 15 19
103 155 33 48
390 173 36 46
473 147 35 52
848 168 36 53
804 217 36 53
442 180 18 28
532 177 18 26
559 179 18 27
574 215 21 28
585 161 17 25
605 182 18 26
638 191 23 34
635 171 20 25
654 100 15 20
663 216 23 30
708 202 17 32
691 178 21 28
695 153 15 25
708 152 18 28
773 144 20 27
716 108 15 21
756 222 23 35
762 101 17 23
767 81 17 24
815 77 20 27
854 80 16 22
869 106 15 19
895 160 19 27
586 102 18 24
