209 369 22 28
165 364 17 27
144 363 16 32
507 381 9 25
401 432 21 29
658 555 16 48
2 270 10 15
0 252 7 16
31 248 8 13
46 250 9 14
65 273 12 16
27 300 13 16
63 340 12 16
98 347 10 14
85 267 11 14
71 246 7 10
125 261 10 16
153 259 10 13
168 255 8 13
385 358 14 23
678 347 12 18
625 355 15 17
547 315 10 15
605 312 10 16
583 300 14 21
178 328 8 15
188 341 9 15
170 348 10 16
209 348 11 14
224 333 14 19
244 337 8 12
189 269 10 15
206 260 10 13
227 266 8 11
251 254 8 13
253 274 10 15
262 265 10 12
295 260 10 16
328 279 9 13
339 262 9 13
352 267 8 13
578 268 11 14
715 270 8 14
737 274 8 11
748 281 8 11
757 266 8 13
762 276 10 11
745 314 9 12
765 319 12 15
794 315 10 12
808 319 13 14
803 279 11 15
831 364 16 23
842 313 11 16
858 276 11 15
894 276 10 15
883 317 10 15
919 310 12 15
935 366 11 13
946 381 9 12
946 316 10 11
942 301 10 13
961 311 11 13
961 329 10 13
940 276 9 12
985 264 10 13
990 316 9 14
985 352 12 18
