111 173 29 37
183 186 27 37
54 285 29 41
125 287 26 37
80 369 27 41
81 461 29 40
163 467 29 40
240 186 25 37
280 187 29 36
319 187 29 38
204 285 31 36
285 279 32 36
355 284 28 35
166 379 32 39
250 376 31 37
252 469 28 37
377 193 27 30
439 191 29 37
518 194 26 35
409 285 25 34
463 287 28 41
519 288 28 37
341 377 29 41
421 382 27 34
492 378 27 41
335 473 28 40
410 472 30 40
489 480 30 41
589 195 24 39
656 195 23 36
587 284 25 39
674 292 27 36
726 207 29 37
800 201 25 36
880 194 25 38
748 295 29 37
837 290 26 39
909 307 30 35
723 372 29 39
812 377 29 38
898 397 30 35
949 397 30 35
565 379 27 36
646 376 29 40
567 472 30 38
660 470 29 37
747 473 29 39
843 493 28 40
