514 392 10 12
219 341 41 56
347 318 6 11
316 339 7 8
321 358 27 34
352 367 16 25
385 376 14 23
434 381 17 22
452 368 12 24
423 340 6 11
500 395 16 17
416 373 12 18
526 384 11 15
539 383 9 10
551 383 12 15
579 376 11 13
488 386 9 13
569 395 10 11
646 384 8 9
969 377 6 11
971 390 7 10
1012 381 5 9
991 370 4 9
3 378 29 46
87 388 28 40
64 358 12 21
158 293 13 17
187 330 8 11
199 370 19 25
595 390 6 9
614 381 5 8
739 385 8 6
766 389 7 7
715 385 6 6
701 386 8 9
903 387 4 7
868 384 5 6
825 383 5 5
680 387 6 7
629 388 5 7
723 404 8 9
