198,214,34,81
196,214,34,81
195,216,34,81
194,216,34,81
192,218,34,81
190,220,34,81
188,223,33,80
187,227,33,79
187,225,32,78
188,226,32,77
190,227,32,76
194,227,31,75
196,227,31,74
199,226,31,74
201,225,30,73
204,224,30,73
205,223,30,73
198,220,30,72
207,221,30,72
209,220,30,72
214,220,29,71
215,221,29,70
218,222,29,69
222,224,29,69
224,228,28,68
227,231,28,67
231,233,28,67
235,235,28,66
241,235,27,66
245,235,27,66
250,234,27,66
254,232,27,65
258,231,27,65
262,230,27,65
266,229,27,65
270,229,27,65
273,230,27,65
277,231,27,65
281,234,27,66
284,236,27,66
288,239,27,66
291,241,27,66
294,242,27,66
295,242,27,66
295,241,27,66
295,240,27,66
295,239,27,66
294,238,27,66
293,238,27,66
292,238,27,66
290,237,27,66
288,236,27,66
286,234,27,66
284,233,28,66
282,233,28,66
281,232,28,67
279,233,28,67
278,234,28,67
276,236,28,67
274,238,28,68
271,240,28,68
267,239,28,68
263,239,28,67
259,239,28,67
256,240,27,66
252,240,27,65
249,240,27,64
245,240,26,64
241,240,26,63
237,240,26,62
233,239,26,62
227,237,26,61
222,242,25,61
215,244,25,60
208,243,25,60
200,244,25,59
193,245,24,59
188,244,24,59
185,246,24,58
180,246,24,58
175,246,24,58
170,245,24,57
164,243,24,57
157,241,24,57
152,239,24,57
147,238,24,57
143,237,24,57
139,238,24,57
137,239,24,57
134,240,24,57
131,240,24,57
128,239,24,57
126,236,24,57
124,233,24,57
123,229,24,57
122,227,24,57
122,227,23,57
121,227,24,57
121,228,24,57
121,229,24,57
124,228,24,58
125,227,24,58
126,224,24,58
127,221,24,58
128,218,24,58
130,216,24,58
132,215,24,58
134,215,24,58
137,216,24,58
141,216,24,59
145,216,24,59
149,215,24,59
153,212,24,59
156,209,24,59
159,205,24,59
163,203,24,59
166,202,24,59
170,201,24,59
173,202,25,59
177,203,25,60
181,203,25,60
185,202,25,60
189,200,25,61
191,197,25,61
192,195,26,62
194,192,26,62
197,190,26,62
199,190,26,61
203,190,25,61
206,192,25,61
209,194,25,61
212,193,25,61
215,191,25,61
216,189,25,61
218,186,25,61
218,183,26,61
219,181,26,61
220,180,26,62
221,180,26,62
222,180,26,62
223,181,26,62
224,182,26,62
225,181,26,62
227,179,26,62
228,177,26,62
230,174,26,62
232,173,25,61
234,172,25,61
235,172,25,61
237,174,25,60
240,175,25,60
242,177,25,59
245,178,24,59
247,178,24,59
249,177,24,58
251,175,24,58
253,173,24,58
255,172,24,58
257,172,24,58
258,172,24,57
259,172,24,57
261,172,24,58
262,171,24,58
264,169,24,58
265,168,24,58
268,166,24,58
270,165,24,58
273,164,24,58
275,165,24,58
278,166,24,58
280,168,24,58
283,169,24,58
286,169,24,58
288,169,24,58
289,169,24,58
289,167,24,58
289,166,24,58
289,165,24,58
288,165,24,57
287,166,24,57
285,167,24,57
284,166,24,57
283,165,24,57
284,163,23,57
284,162,23,56
283,161,23,56
283,160,23,56
283,160,23,56
283,161,23,55
282,162,23,55
282,165,23,54
282,167,22,54
282,169,22,54
282,170,22,53
284,169,22,53
282,171,22,52
280,170,22,52
280,170,21,52
280,170,21,51
281,170,21,51
281,170,21,50
282,170,21,50
282,170,21,50
283,170,20,49
283,171,20,49
283,172,20,49
282,172,20,49
282,174,20,49
282,177,20,48
282,178,20,48
282,179,20,48
282,179,19,47
281,180,19,47
280,181,19,46
279,181,19,46
278,180,19,46
278,179,19,46
278,179,19,46
277,179,19,46
276,180,19,46
276,182,19,46
276,185,19,46
275,188,19,46
273,190,19,46
271,191,19,45
270,191,19,45
269,192,18,45
268,194,18,44
266,195,18,44
265,195,18,44
263,194,18,44
261,193,18,44
258,190,18,45
256,190,19,45
253,190,19,45
251,191,19,45
249,193,19,45
247,195,19,46
245,198,19,46
243,201,19,46
240,204,19,46
237,204,19,46
234,204,19,46
230,203,19,47
227,202,19,47
224,201,19,47
218,202,20,47
216,200,20,48
214,198,20,48
211,196,20,48
209,194,20,49
207,193,20,49
205,194,21,50
204,195,21,50
202,196,21,51
201,198,21,51
199,200,21,51
196,202,22,52
193,202,22,52
191,201,22,53
189,200,22,53
187,200,22,53
184,201,22,54
182,201,22,54
180,200,23,55
179,198,23,55
178,196,23,55
178,194,23,55
178,191,23,55
178,190,23,55
177,190,23,55
177,190,23,55
177,192,23,56
177,194,23,56
177,196,23,56
177,201,23,56
179,198,23,56
177,194,23,56
176,200,23,56
176,199,23,56
176,198,23,55
174,198,23,55
173,197,23,55
169,195,23,54
168,200,22,54
169,200,22,54
170,199,22,54
171,199,22,54
172,198,23,54
173,196,23,55
173,195,23,55
173,194,23,55
173,194,23,56
173,195,23,56
173,195,23,56
173,196,23,56
171,197,24,57
171,197,24,57
171,197,24,57
169,198,24,58
165,197,24,58
163,199,24,58
161,201,24,58
160,203,24,58
159,205,24,58
158,206,24,58
156,206,24,58
155,206,24,58
153,206,24,58
152,206,24,58
150,207,24,57
149,207,24,57
148,208,24,57
147,208,24,57
146,209,23,57
145,210,23,56
144,210,23,56
143,211,23,56
142,211,23,56
141,212,23,56
140,213,23,55
138,213,23,55
137,214,23,55
136,214,23,55
135,214,23,55
134,214,23,55
134,215,23,54
134,215,22,54
134,215,23,54
134,215,23,55
135,215,23,55
135,216,23,55
136,217,23,55
137,218,23,55
138,219,23,55
140,219,23,55
141,219,23,56
142,219,23,56
143,220,23,56
144,220,23,56
145,220,23,56
146,219,23,57
145,219,24,57
146,219,24,57
147,220,24,57
147,220,24,57
147,220,24,57
146,220,24,57
146,220,24,58
146,221,24,58
145,221,24,58
144,221,24,58
143,221,24,58
143,221,24,58
142,220,24,58
141,220,24,58
141,220,24,58
141,220,24,58
141,220,24,58
141,219,24,57
141,219,24,57
141,219,24,57
141,219,24,57
142,219,24,57
143,219,23,57
143,220,23,56
144,221,23,56
144,221,23,56
145,221,23,56
145,222,23,56
146,222,23,56
146,222,23,56
147,223,23,56
147,223,23,56
148,222,23,57
148,223,24,57
148,223,24,57
149,224,24,57
150,224,24,58
150,224,24,58
151,225,24,58
151,225,24,58
152,225,24,59
153,225,24,59
153,226,24,59
154,226,24,59
154,227,24,59
155,227,25,59
155,227,25,59
155,228,25,59
156,228,25,59
156,228,25,59
156,229,25,59
156,229,24,59
156,230,24,59
156,230,24,59
155,230,24,59
155,231,24,59
154,231,24,59
154,232,24,58
154,232,24,58
154,231,24,58
155,230,24,58
156,230,24,58
156,229,24,58
157,228,24,58
158,228,24,58
159,228,24,57
160,228,24,57
161,228,24,57
162,228,24,57
163,228,24,57
164,228,24,57
164,228,24,57
165,228,24,57
166,228,24,57
167,228,23,57
168,228,23,57
168,229,23,56
169,228,23,57
169,228,23,57
168,228,24,57
169,228,24,57
169,228,24,57
170,228,24,57
171,228,24,57
172,228,24,57
173,228,24,57
174,229,24,57
175,229,24,57
177,229,24,57
179,229,24,57
180,229,24,57
182,229,24,57
183,229,24,57
185,229,24,57
187,229,24,57
188,229,24,57
190,229,24,57
191,229,24,57
193,230,24,57
195,230,24,57
197,230,24,57
198,230,24,57
200,230,24,57
202,230,24,57
203,229,24,57
205,228,24,57
207,228,24,57
210,228,23,56
212,227,23,56
215,227,23,56
217,227,23,56
219,228,23,55
222,229,23,55
225,231,23,55
228,232,23,55
231,234,23,55
234,236,23,55
238,237,23,55
242,237,23,55
248,236,23,55
254,235,23,55
260,234,23,55
266,233,23,55
272,233,23,55
278,233,23,55
284,233,23,55
290,233,22,54
297,232,22,54
304,231,22,53
310,230,22,53
315,230,22,53
321,231,22,52
327,232,21,52
333,233,21,52
339,234,21,52
344,235,21,52
350,235,21,52
357,234,21,51
364,232,21,51
370,231,21,51
379,229,21,50
387,232,21,50
394,234,20,49
393,236,20,48
394,238,20,47
394,238,19,47
393,240,19,46
391,241,19,45
388,241,18,45
384,244,18,44
378,246,18,43
372,248,18,43
366,251,17,42
357,253,17,41
350,254,17,41
343,258,17,41
334,259,17,40
323,260,16,40
312,262,16,40
300,262,16,39
289,262,16,39
278,262,16,39
267,262,16,39
255,264,16,39
242,271,16,40
231,272,16,40
221,271,17,40
210,272,17,40
203,264,17,41
194,264,17,41
185,266,17,41
176,267,17,42
157,284,17,42
149,285,17,42
139,285,18,42
131,284,17,42
122,285,17,42
114,284,17,41
108,284,17,41
101,284,17,41
95,285,17,40
88,286,17,40
80,286,16,40
74,286,16,40
68,286,16,39
62,286,16,39
56,287,16,39
50,287,16,39
45,287,16,38
39,287,16,38
31,286,16,38
22,286,16,38
13,287,16,38
4,288,15,37
-7,289,15,37
-3,292,15,37
-9,288,15,37
-13,286,15,37
-14,286,15,37
-15,286,15,37
-16,286,15,37
-17,286,15,37
-5,284,15,37
-12,282,15,37
-14,282,15,37
-15,281,15,37
-16,281,15,37
-16,280,15,37
-17,280,15,37
-17,279,15,37
-17,279,15,37
-17,279,15,36
-17,278,15,36
-17,278,14,35
-17,278,14,34
-17,277,14,34
-17,276,14,33
-17,275,14,34
-16,273,14,35
-15,272,15,36
-13,269,15,37
-11,266,16,38
-9,264,16,39
-6,269,16,40
-18,270,16,40
-18,269,16,40
-18,269,16,40
-18,268,16,40
-25,251,16,40
-25,237,16,40
-22,220,16,40
-18,222,16,40
-14,242,16,40
-6,245,16,40
-6,256,16,40
1,251,17,40
8,251,17,40
0,259,17,40
-12,248,16,40
-15,230,16,40
-17,237,16,40
-16,244,16,40
-13,245,16,39
-15,242,16,39
0,244,16,39
16,247,16,39
33,250,16,39
46,246,16,39
56,244,16,38
65,244,16,38
72,243,16,38
82,244,16,38
93,244,16,38
100,242,16,39
108,243,16,39
114,243,16,39
119,242,16,39
126,242,16,40
133,242,17,40
139,242,17,40
145,244,17,40
152,246,17,40
159,249,17,40
167,251,17,40
174,251,17,41
180,251,17,41
185,251,17,41
190,253,17,40
194,253,17,40
197,253,17,40
198,248,17,40
199,247,16,40
201,247,16,40
201,248,16,40
201,250,16,40
199,257,16,40
192,258,16,40
185,257,16,40
183,258,16,40
182,258,16,40
183,259,16,40
184,260,16,40
185,261,16,40
186,262,17,40
188,262,17,40
189,262,17,40
191,263,17,40
191,263,17,40
189,263,17,40
188,261,17,41
186,260,17,41
182,259,17,41
174,256,17,41
157,230,17,41
154,242,17,41
149,244,17,41
142,231,17,41
138,229,17,41
135,229,17,42
135,229,17,42
136,230,17,42
140,231,17,42
144,232,18,42
146,232,18,43
148,234,18,43
151,236,18,43
155,238,18,44
158,239,18,44
162,243,18,44
165,245,19,45
168,247,19,45
171,250,19,46
174,253,19,46
177,255,19,47
180,259,19,47
182,262,20,47
185,265,20,48
189,269,20,48
194,271,20,49
200,275,20,49
205,278,21,50
209,281,21,50
213,284,21,50
218,286,21,50
222,288,21,50
226,289,21,50
229,290,21,50
232,291,21,50
236,292,21,50
238,291,21,50
238,290,21,51
239,290,21,51
239,290,21,51
239,290,21,51
238,290,21,51
233,290,21,52
233,290,21,51
234,290,21,51
237,290,21,51
239,290,21,51
241,291,21,50
243,291,21,50
245,291,21,50
247,291,21,50
249,291,21,50
250,291,21,50
252,291,21,50
253,291,21,50
255,291,21,50
256,291,21,50
258,291,21,50
259,292,21,50
260,292,21,50
261,293,21,50
262,293,20,49
263,293,20,49
264,294,20,49
265,294,20,49
267,295,20,49
268,295,20,49
270,297,20,48
271,297,20,48
273,297,20,48
274,298,20,48
275,298,20,48
277,298,20,48
278,299,20,48
280,299,20,48
281,299,20,48
282,300,20,48
284,300,20,48
285,300,20,48
286,299,20,49
287,299,20,49
288,299,20,49
289,300,20,49
289,300,20,49
290,300,20,49
290,300,20,49
290,300,20,49
290,300,20,49
290,300,20,49
290,300,21,50
