46 377 10 12
91 403 9 11
56 411 9 11
118 387 11 13
169 389 11 14
152 380 8 10
210 381 9 14
32 364 11 13
70 347 10 11
115 324 10 11
155 321 11 15
188 328 10 11
216 360 11 13
208 338 9 11
232 339 9 11
284 335 10 11
63 322 10 11
47 324 9 10
20 331 8 11
7 295 8 9
46 310 10 9
33 310 8 9
62 312 10 11
75 312 11 10
103 302 11 14
123 305 8 11
134 303 9 12
96 240 5 8
29 234 5 6
206 313 8 10
192 313 8 9
153 311 8 7
222 308 9 10
228 321 7 9
217 330 8 9
269 299 8 12
59 147 10 9
36 328 6 10
22 327 7 8
0 333 8 12
364 321 7 10
443 298 9 7
358 299 10 10
351 300 5 8
215 312 8 11
490 302 11 16
371 323 6 8
672 351 14 20
573 372 8 11
561 310 8 9
533 298 8 10
561 292 6 8
601 302 7 10
589 317 8 9
601 319 7 11
545 317 7 7
558 357 8 10
536 374 7 10
498 311 8 10
682 272 11 18
744 326 8 9
608 303 9 8
663 575 17 30
853 561 19 23
983 296 7 9
936 331 7 8
957 297 6 7
969 300 5 6
932 365 7 8
905 370 8 10
874 356 8 10
1011 364 10 10
1004 337 6 8
970 362 6 7
960 338 9 9
965 314 7 8
974 316 6 9
940 312 7 7
999 367 6 8
353 377 8 8
