0 106 18 24
177 68 28 36
214 42 24 32
90 131 27 32
196 153 26 28
290 54 28 32
284 139 29 30
46 197 29 34
142 214 30 33
250 208 24 29
202 270 26 33
0 402 16 30
64 365 29 34
0 297 20 33
168 311 32 41
198 388 29 38
94 387 29 34
6 484 28 38
78 531 26 35
128 478 27 37
256 453 29 37
174 557 32 41
14 622 38 39
227 628 31 38
323 545 31 47
383 475 30 40
357 77 25 30
493 131 28 35
383 119 28 34
359 157 29 41
526 34 24 30
451 30 26 33
472 190 24 31
570 197 26 39
517 254 29 35
425 248 27 33
290 340 28 33
333 258 29 34
398 318 26 31
408 394 29 37
322 396 26 36
526 385 27 36
633 400 30 37
412 622 30 33
446 549 31 40
534 508 29 34
566 529 34 43
637 488 33 40
567 632 32 32
703 556 31 37
744 616 34 38
861 598 30 32
749 488 35 36
842 504 29 35
777 380 30 34
669 313 32 34
615 269 35 36
711 242 31 39
671 192 30 40
807 252 31 31
797 337 30 38
898 392 31 34
912 316 32 41
902 168 34 39
769 157 34 44
915 268 35 31
624 111 28 33
728 61 28 30
741 121 26 31
871 66 26 30
899 134 28 32
92 253 27 32
116 33 27 31
