155 76 10 14
187 76 11 16
218 82 11 14
252 81 11 14
284 78 12 15
282 109 10 14
245 110 12 16
211 111 12 15
178 109 12 17
144 110 11 14
308 140 11 15
276 142 11 14
239 139 11 15
208 141 9 13
175 140 9 14
136 141 11 15
131 169 12 16
169 172 10 15
201 171 11 17
237 172 10 15
271 173 11 16
307 171 11 16
320 79 12 16
360 76 12 16
397 78 12 16
434 77 11 16
430 108 11 16
393 109 11 15
354 109 10 16
317 109 11 15
348 138 11 16
387 137 13 15
424 137 11 16
460 138 11 15
460 171 11 15
423 170 12 15
381 169 12 17
343 168 11 16
472 76 12 16
511 74 10 14
549 75 10 15
586 74 11 16
625 71 12 16
620 103 12 18
584 107 11 15
547 103 10 15
505 103 10 16
468 106 11 15
501 139 10 15
540 135 12 16
580 135 11 16
619 129 11 18
613 166 11 16
577 166 11 17
538 168 12 16
497 168 11 18
662 72 12 15
700 69 11 16
741 68 12 16
783 66 12 16
822 65 13 17
862 61 12 17
859 94 13 18
820 98 11 15
781 99 12 16
742 101 12 15
699 101 12 16
659 102 12 15
819 131 11 16
780 129 13 16
742 132 11 16
694 133 13 17
656 134 12 17
652 166 12 15
694 169 10 15
738 165 12 17
779 165 13 17
819 163 11 15
820 198 11 17
777 199 12 16
734 200 12 17
694 200 12 16
649 200 13 16
899 57 12 14
900 96 12 14
904 128 13 16
860 134 12 15
859 163 12 15
910 163 11 16
860 200 13 15
907 196 12 16
971 259 14 18
956 245 13 17
942 267 13 16
905 232 12 16
911 271 12 16
886 278 12 18
865 268 12 17
871 307 13 15
842 281 14 18
818 310 15 17
818 272 13 16
862 232 12 16
820 232 13 17
899 356 13 15
812 357 13 15
793 331 14 16
757 304 13 16
716 350 14 18
705 306 14 18
773 270 13 18
775 231 14 19
729 275 13 17
689 273 12 16
733 236 13 16
688 236 14 15
55 261 13 16
73 271 11 15
97 273 10 13
109 279 13 15
137 275 12 14
110 236 12 15
146 240 11 14
181 236 11 14
217 237 10 14
257 238 11 15
251 272 10 14
206 272 11 15
170 273 11 15
229 307 12 15
173 308 13 14
184 335 13 17
142 322 14 16
125 305 12 15
77 299 14 17
97 344 14 16
43 339 15 17
258 304 13 14
285 324 13 13
315 352 13 16
377 330 15 16
344 309 12 17
328 307 14 16
450 328 11 16
415 309 12 15
447 276 11 16
407 274 10 14
367 270 12 14
328 275 11 14
287 274 11 16
634 326 12 15
669 310 13 14
587 356 13 14
571 313 13 15
599 310 12 15
647 275 12 15
605 272 11 14
564 275 10 15
528 278 9 15
488 280 11 12
523 332 12 16
506 318 12 15
478 332 12 15
469 307 12 16
127 203 10 13
160 203 12 14
195 203 10 14
230 206 10 13
265 204 11 14
294 235 10 14
333 238 10 13
373 237 9 14
378 203 10 16
340 203 11 14
301 203 10 15
645 237 12 14
607 232 11 15
608 200 12 16
570 202 12 14
567 234 11 16
526 238 11 15
532 201 11 15
492 203 12 17
488 235 11 16
451 234 11 14
456 201 11 15
418 202 12 18
413 236 12 16
