26 275 27 28
86 275 23 25
114 282 19 24
148 267 21 24
134 303 22 21
172 287 23 25
218 282 18 20
244 284 17 19
241 313 19 19
267 303 12 20
286 296 15 18
271 277 16 17
294 277 16 19
299 307 18 25
333 286 19 22
319 281 11 14
331 269 13 15
356 282 10 20
378 289 15 19
404 286 14 19
394 260 15 15
431 281 16 18
349 371 21 23
320 392 21 24
284 395 20 24
252 373 18 20
222 397 20 24
465 293 15 16
466 274 15 14
484 287 20 23
518 279 15 22
514 266 13 18
540 285 17 19
569 274 13 15
586 271 15 17
599 288 14 16
616 270 16 20
606 271 13 15
630 286 17 18
655 278 14 15
674 262 16 19
705 280 19 19
690 320 21 25
646 316 19 22
600 312 18 23
619 347 18 22
638 392 15 23
583 393 17 22
566 377 17 18
529 393 18 21
478 393 17 23
708 393 19 23
726 371 21 23
769 358 19 21
808 400 20 24
818 367 24 22
782 293 20 22
742 290 19 21
737 277 16 17
768 257 18 21
808 291 18 17
842 270 23 23
897 281 20 25
869 363 23 26
