11 1014 16 20
33 997 15 24
24 984 15 16
65 974 13 20
87 985 11 13
103 1003 14 16
110 975 11 13
137 997 11 16
157 994 12 20
133 963 12 13
20 945 16 16
4 953 11 15
197 957 10 11
169 979 11 13
185 996 19 28
230 986 13 19
259 994 12 16
270 1014 8 14
288 1006 9 16
313 1027 7 11
320 1047 10 17
279 1038 7 11
234 1021 8 15
311 998 6 7
296 999 3 4
331 999 6 8
345 1004 8 8
362 1010 5 8
370 1008 8 9
382 1013 7 9
411 1017 7 8
430 1011 7 8
459 1018 7 8
453 1007 7 10
405 1009 5 7
383 1001 6 7
509 1012 10 13
535 1024 8 10
551 1020 5 9
564 1013 5 10
581 1012 5 9
595 1016 3 9
612 1023 6 10
636 1018 7 7
657 1027 3 5
705 1031 7 10
713 1026 6 8
749 1032 5 8
790 1044 11 21
817 1049 10 16
817 1027 9 12
840 1036 9 10
885 1060 10 10
888 1045 7 9
862 1043 6 10
946 1047 8 10
917 1048 6 5
931 1057 7 6
915 1039 7 8
864 1032 6 7
848 1028 5 7
962 1051 3 4
938 1041 5 4
675 1022 7 12
766 1035 6 9
997 1049 6 10
1005 1060 4 6
1018 1051 5 8
215 996 10 23
