837 435 58 73
914 347 38 50
963 328 34 35
874 344 33 31
872 318 22 31
796 391 31 41
698 395 53 74
622 423 34 44
616 377 28 35
803 321 16 25
936 300 16 19
1001 262 9 11
988 263 10 13
968 255 10 12
902 267 7 9
841 273 10 14
865 263 10 13
886 248 8 12
828 275 10 14
810 286 12 17
827 297 13 15
858 302 12 16
757 307 19 28
773 305 13 22
794 294 16 14
783 283 11 17
756 277 14 18
776 263 12 14
795 262 9 14
700 296 14 19
703 271 13 20
677 303 15 20
747 248 8 9
734 252 7 10
685 240 7 9
701 262 8 13
836 249 8 10
851 254 9 9
863 237 8 8
892 230 5 7
804 231 5 7
811 230 5 5
773 244 7 9
755 233 6 9
726 223 6 7
739 222 6 7
867 222 5 6
690 221 7 8
611 242 9 12
619 250 9 12
642 226 6 9
627 220 5 7
572 234 8 8
586 229 6 8
573 293 18 25
601 266 12 16
516 295 15 20
491 287 17 19
501 250 10 13
516 252 9 14
503 239 8 12
633 258 11 12
444 210 5 7
470 222 6 7
487 223 5 7
481 224 4 5
500 227 5 7
495 234 6 7
496 220 4 7
483 257 9 12
460 247 7 11
447 235 7 11
438 235 7 9
429 235 7 8
433 214 6 7
417 220 4 7
427 227 6 8
399 249 10 16
427 271 12 10
437 299 17 21
464 289 21 23
397 311 21 24
411 293 18 23
344 279 19 23
331 280 16 21
346 238 11 12
361 229 6 7
374 229 9 10
404 228 6 8
381 224 7 8
446 226 8 9
412 208 5 8
526 264 8 12
319 327 21 24
242 243 12 16
303 251 12 16
280 263 10 13
236 267 13 16
209 264 11 15
175 251 11 16
197 229 6 9
167 220 8 12
158 274 12 15
106 285 19 23
240 313 23 31
281 299 18 24
144 298 14 23
128 245 11 15
80 237 14 15
51 254 12 17
47 220 9 13
0 279 20 27
65 281 18 25
12 340 29 29
89 346 37 42
167 385 23 31
148 434 37 43
129 266 10 18
371 341 27 31
455 350 28 40
421 449 65 109
293 544 106 138
721 588 76 98
1 515 46 85
0 436 19 39
548 285 11 17
608 228 8 10
646 235 6 9
789 221 6 7
783 224 4 6
583 367 32 44
396 86 16 20
69 349 26 34
107 249 10 15
173 230 10 16
