257 307 5 6
275 310 4 5
296 313 4 5
314 314 4 6
334 314 5 7
352 315 5 5
373 316 4 5
375 329 3 6
394 315 4 7
398 330 3 6
394 346 5 10
381 346 4 7
365 345 3 6
350 330 3 5
329 333 5 6
307 330 5 6
287 331 3 5
259 355 5 6
280 355 4 6
294 349 5 7
310 348 5 8
329 348 4 6
345 346 5 7
317 355 4 7
298 357 5 6
336 356 4 5
356 355 3 6
260 372 6 7
265 384 5 8
284 376 4 5
307 375 7 8
290 381 7 9
279 384 6 7
334 378 5 9
356 378 4 7
173 370 8 10
200 369 7 10
236 382 3 5
216 400 6 7
234 403 4 6
251 404 4 6
263 405 6 7
282 403 5 9
280 431 7 9
264 431 5 8
242 432 5 8
220 430 7 9
200 432 8 10
179 433 7 9
168 438 5 10
180 453 8 11
257 442 8 10
225 453 5 8
214 443 5 7
269 454 8 11
129 438 6 10
305 445 6 8
299 430 6 7
319 429 6 9
342 430 6 8
360 428 5 9
377 430 7 7
317 456 6 10
349 446 5 8
390 443 7 10
365 459 5 8
411 460 7 8
423 504 10 11
449 454 7 9
474 452 6 11
469 511 8 11
397 428 6 8
418 429 6 7
439 429 6 8
457 425 6 8
479 426 6 8
319 385 5 7
342 384 7 8
380 354 4 7
400 355 5 8
413 315 4 8
432 314 4 8
454 315 4 6
420 330 4 7
445 329 4 7
467 333 4 6
413 345 4 5
429 343 5 7
445 345 4 7
462 345 4 5
424 354 3 5
442 353 4 7
462 354 3 6
395 378 5 8
416 372 5 8
443 374 5 7
468 374 7 7
452 386 4 8
375 375 5 8
366 387 4 7
397 389 3 6
423 386 6 7
323 406 6 8
346 405 5 8
365 406 6 6
383 406 7 8
403 407 5 7
423 407 5 9
445 408 5 8
465 410 4 7
516 509 9 13
567 509 9 12
527 454 5 8
554 455 5 9
489 333 4 7
510 334 5 7
531 333 3 6
512 319 5 5
533 314 4 6
553 316 5 7
574 319 5 6
529 343 5 7
481 353 6 7
499 352 5 8
519 353 6 7
539 354 4 6
547 344 5 8
556 354 4 7
576 354 5 7
491 373 6 8
515 375 5 7
537 373 5 7
561 378 4 6
582 377 6 7
477 388 5 8
502 387 5 6
528 386 6 8
577 389 6 9
555 391 4 9
483 409 7 8
507 409 5 9
528 408 5 10
548 410 5 8
568 411 4 8
586 412 6 9
498 425 7 9
521 428 5 7
541 429 5 8
563 426 5 8
583 428 6 9
551 337 4 5
601 318 4 6
626 319 3 6
648 320 6 6
673 319 3 6
694 317 3 5
570 337 3 4
591 333 4 6
565 344 3 4
584 343 4 5
617 342 5 5
642 332 2 6
621 336 4 5
669 331 4 6
688 331 4 7
635 343 2 5
652 343 5 6
671 343 3 5
687 341 4 5
704 339 4 6
720 338 4 6
737 338 3 5
603 345 2 5
596 355 3 5
618 356 3 6
636 355 3 5
659 356 3 6
678 356 3 5
699 356 4 6
717 356 5 7
736 355 5 8
619 367 3 7
640 368 3 6
661 371 5 7
684 375 5 5
705 373 4 7
724 375 6 7
599 388 7 8
602 378 4 7
624 390 5 9
650 392 5 6
674 392 4 8
699 391 4 8
744 375 5 9
755 394 3 7
728 393 4 8
604 411 5 7
622 413 5 8
640 411 5 8
661 412 5 8
680 413 4 8
697 411 5 8
721 413 5 8
739 413 4 6
758 414 6 8
781 414 4 6
810 373 7 8
595 443 7 9
604 428 6 9
627 431 5 9
648 429 8 10
670 430 6 10
692 431 5 8
713 429 6 9
735 433 6 8
754 431 5 9
774 433 7 8
793 433 5 8
817 432 7 8
631 442 5 8
622 459 6 8
653 457 8 11
663 443 7 10
692 456 6 10
705 443 7 10
739 455 6 10
747 442 6 12
788 441 6 10
778 456 6 9
832 439 7 11
824 453 6 10
680 461 6 9
646 468 6 10
303 405 5 9
474 317 1 4
492 317 4 8
858 453 7 11
867 439 8 10
