897 392 13 22
763 420 13 17
659 431 11 19
901 313 12 11
810 300 9 13
799 282 8 9
844 271 9 10
920 267 12 15
925 257 9 9
948 211 9 9
1006 237 10 9
861 216 6 7
883 199 7 8
973 178 7 11
421 308 16 16
362 421 14 19
244 399 14 17
33 288 9 9
143 277 10 11
231 269 11 9
281 266 8 9
231 252 7 9
288 255 6 7
169 251 9 8
69 251 7 9
593 152 6 8
249 169 5 6
211 167 6 6
194 174 4 4
167 182 4 5
149 183 4 6
282 162 6 8
341 164 4 4
409 155 4 5
468 152 4 6
679 202 8 10
645 202 7 8
619 160 6 6
664 144 6 8
508 166 4 6
575 167 5 6
577 145 5 4
690 150 4 5
773 209 8 9
716 171 8 8
764 154 5 6
822 151 5 7
835 150 5 7
801 152 5 5
725 147 5 6
