808 236 41 55
928 219 40 53
1001 221 13 20
579 114 54 62
650 54 28 35
453 97 47 62
339 101 44 52
298 102 41 46
273 94 35 40
425 62 23 29
381 60 17 21
314 50 25 22
114 65 26 32
864 54 24 28
807 50 26 43
710 66 24 41
781 4 23 22
147 418 61 83
67 355 57 72
204 333 40 51
344 375 48 73
393 468 38 46
399 369 29 38
228 325 28 42
538 364 28 35
644 370 19 25
669 332 18 21
606 355 15 15
501 343 14 18
532 339 15 18
700 476 13 19
725 493 23 38
793 486 24 37
874 468 29 37
831 440 26 31
810 460 15 26
803 455 14 25
725 447 14 26
794 435 9 11
849 289 15 15
964 460 19 29
953 463 15 24
965 434 19 23
764 461 8 12
999 0 20 18
243 70 18 19
392 51 18 16
237 52 10 22
