873 111 12 13
804 97 19 23
780 107 11 18
761 90 13 10
791 84 9 9
788 96 11 16
853 77 8 14
835 105 12 14
934 113 15 22
770 49 5 6
790 53 5 6
802 53 5 7
836 61 6 7
865 44 7 6
888 53 7 6
920 66 6 11
942 75 8 9
980 69 7 7
1000 46 5 9
991 84 6 9
934 101 10 10
839 80 7 9
891 118 6 8
800 67 5 9
900 95 6 9
863 72 5 9
817 54 5 7
820 75 6 9
47 27 7 8
25 26 6 8
7 55 7 10
32 66 8 10
78 31 5 6
74 76 6 7
648 42 6 9
485 119 36 52
281 127 39 51
672 362 44 45
884 373 50 47
551 497 59 65
419 466 66 68
510 367 49 56
231 385 47 51
417 354 51 57
721 112 32 38
547 135 30 31
364 143 34 33
65 109 31 35
160 94 22 28
119 95 17 19
215 88 18 21
182 100 18 19
249 84 21 23
297 100 20 20
333 107 19 17
319 131 23 29
377 99 20 17
403 117 19 19
457 109 22 22
464 73 22 26
543 79 19 20
528 123 18 19
594 117 21 22
153 53 7 9
100 28 5 7
105 54 7 8
177 62 7 8
144 89 7 10
292 75 7 7
320 56 6 10
366 51 7 8
410 67 6 7
444 73 6 9
427 104 8 8
648 69 8 9
685 73 14 18
702 101 16 16
578 34 6 7
479 40 5 7
524 48 5 6
726 79 10 11
734 47 5 8
743 52 5 6
740 76 8 9
707 78 6 8
524 59 8 8
956 123 19 25
995 113 11 15
