268 406 12 17
300 410 13 13
340 407 10 13
175 389 11 11
130 446 12 14
181 441 10 14
280 321 8 11
317 351 9 11
86 345 10 10
98 375 10 12
18 349 9 10
284 362 11 13
231 371 8 10
229 319 8 10
211 282 6 9
235 273 6 9
180 316 8 9
344 331 8 12
457 322 10 13
398 329 9 11
382 321 9 12
369 312 10 11
364 310 9 12
360 311 7 10
525 320 10 12
498 312 9 11
563 311 7 10
575 311 8 10
554 301 8 11
547 306 9 9
527 291 7 9
610 321 9 12
598 315 8 12
691 308 11 11
658 303 10 11
646 300 9 11
633 296 8 11
614 295 6 8
606 287 8 9
598 285 8 9
590 284 6 7
622 292 7 9
788 299 11 12
835 291 9 12
822 289 8 12
804 285 8 11
742 297 10 12
731 294 8 12
717 287 9 10
708 288 9 10
700 286 8 8
678 280 7 8
668 277 7 9
691 283 6 8
792 287 8 10
779 284 7 10
921 332 11 14
962 300 12 13
936 300 9 10
905 290 10 12
881 302 10 11
888 291 9 12
874 282 9 11
857 275 10 10
846 277 10 12
835 274 9 11
972 284 9 11
992 285 7 11
1016 276 8 12
1004 280 9 11
988 270 8 10
950 294 8 9
959 282 9 12
926 273 9 10
912 274 10 11
895 276 9 11
937 229 8 9
853 240 5 7
764 233 9 9
947 215 6 8
974 217 6 7
986 224 5 6
1008 220 6 7
222 336 10 12
189 328 9 12
765 287 10 8
754 287 9 8
456 294 6 6
465 301 6 7
518 290 7 7
