476 802 12 18
247 797 13 20
204 769 18 27
783 383 12 16
755 359 14 13
789 355 12 16
844 362 12 12
809 368 11 12
956 394 8 9
975 350 14 15
926 328 11 16
990 352 9 15
977 313 12 17
944 301 13 14
998 315 11 13
1011 313 7 13
825 346 13 15
780 334 12 15
765 342 11 12
847 312 12 15
822 331 9 14
883 259 10 12
995 273 12 17
796 290 9 9
816 269 10 11
854 248 11 15
746 286 11 11
596 301 14 20
620 298 18 20
294 305 15 20
335 309 15 17
439 303 11 14
472 293 11 15
472 263 8 9
530 331 13 13
459 322 11 12
261 273 9 12
146 327 10 12
10 359 10 14
5 320 8 14
26 312 9 10
3 293 9 12
