2 134 19 33
24 133 25 34
106 151 35 49
163 164 30 33
206 159 20 22
259 171 32 40
324 158 31 34
298 186 21 22
491 196 22 24
407 189 9 13
394 195 7 10
439 197 9 12
534 177 46 59
641 190 35 47
698 196 21 24
680 206 14 17
737 199 17 23
786 239 13 19
801 242 14 16
828 214 25 32
862 207 31 40
883 159 28 33
821 190 20 21
804 197 14 18
750 190 14 16
729 171 10 15
974 199 18 23
963 249 10 17
986 247 15 17
953 185 13 17
958 161 13 16
755 256 10 14
764 242 14 20
473 189 8 12
1013 193 11 20
1007 259 15 18
1006 319 14 20
978 316 14 21
1009 158 9 16
652 172 10 17
669 181 9 13
764 180 12 16
929 187 16 18
420 181 7 9
