880 302 13 18
856 305 7 9
839 294 9 9
934 279 20 29
873 217 10 10
847 220 7 8
815 278 6 10
922 259 8 11
734 277 18 22
664 308 12 13
676 298 12 16
643 279 6 10
698 261 6 8
682 262 9 6
688 275 8 10
654 244 4 7
758 240 10 14
545 296 10 11
530 287 10 12
500 283 14 19
483 286 9 11
518 264 6 9
440 263 26 29
377 273 23 23
561 263 8 10
508 234 6 8
302 305 18 18
239 289 19 23
294 285 10 14
281 285 13 14
270 289 10 11
256 288 13 15
206 281 15 15
194 290 13 13
176 289 15 16
162 276 13 16
124 282 14 15
98 298 17 17
68 297 17 21
439 231 8 7
537 232 8 10
584 236 8 10
576 271 6 9
601 304 14 15
548 237 8 11
772 247 10 13
798 252 7 10
811 229 6 8
829 324 7 10
806 329 9 10
769 325 7 8
