9 260 18 23
61 248 24 29
56 315 26 32
91 318 22 29
120 283 27 34
139 314 29 30
192 290 25 34
231 303 29 38
90 258 12 18
100 269 17 22
126 259 20 23
160 236 22 29
194 230 23 32
231 234 21 29
1 359 12 29
306 236 28 30
303 247 17 22
341 285 30 39
377 330 20 30
415 210 30 41
471 202 28 36
498 231 26 37
509 271 28 37
521 230 23 25
679 260 37 47
728 215 38 42
717 361 36 42
764 229 22 31
783 202 28 35
823 250 25 28
537 268 26 43
844 200 33 51
911 155 41 53
820 376 35 44
905 342 32 44
959 363 33 49
999 197 25 51
548 228 15 22
179 239 17 25
659 307 14 18
