48 74 14 18
92 75 11 13
140 62 14 18
179 86 8 13
201 71 10 15
222 93 17 21
286 84 15 18
275 76 13 13
227 74 6 7
319 84 8 12
340 81 6 8
372 65 15 20
394 78 13 16
420 73 7 6
425 124 6 7
442 113 6 7
472 73 6 8
462 69 4 7
490 81 14 16
511 84 10 14
509 65 7 8
534 74 7 8
558 77 6 9
574 80 5 7
566 118 7 11
544 118 7 9
467 112 6 9
604 80 13 17
700 87 11 14
739 98 13 26
754 63 5 9
778 65 8 9
803 64 6 8
819 80 7 9
774 112 7 10
809 114 6 12
752 129 9 13
791 132 8 13
845 96 20 27
841 77 7 8
854 68 9 10
891 63 7 9
918 69 5 10
923 116 11 15
871 150 9 10
960 103 12 20
969 119 9 15
1011 141 8 14
617 89 8 12
899 82 11 11
907 88 6 8
153 72 7 10
