161 354 18 19
233 346 19 22
316 347 17 19
191 287 14 20
234 313 15 22
302 305 15 19
351 330 15 20
362 268 13 17
318 248 14 16
262 258 15 20
211 238 15 18
216 203 12 14
264 198 13 16
284 214 13 18
224 166 11 16
269 160 13 15
343 155 13 17
387 174 13 14
334 202 13 16
372 220 14 16
425 214 12 14
423 144 13 16
413 251 13 15
505 354 17 21
400 369 16 22
454 327 15 17
406 293 15 21
458 273 13 18
508 293 16 21
562 326 15 18
556 280 15 20
608 299 14 18
460 229 13 16
505 240 13 17
552 226 13 16
466 193 10 14
504 191 12 15
509 152 12 16
547 182 13 16
573 159 12 15
592 189 11 15
625 180 13 14
657 158 11 16
601 241 14 18
642 232 13 17
655 272 13 16
675 198 13 15
711 190 13 15
724 161 11 15
777 169 11 15
820 175 12 15
830 196 13 17
774 242 14 18
728 220 14 16
753 197 13 14
689 248 15 17
748 270 15 19
855 242 13 17
732 342 18 25
782 330 16 19
839 342 19 22
814 303 14 18
714 297 16 20
669 331 15 18
620 351 15 19
925 339 17 22
879 297 16 18
