51 209 19 25
125 234 17 21
183 241 17 21
239 229 16 21
258 282 15 26
182 280 16 24
154 324 24 23
65 311 21 25
225 382 20 24
154 495 26 41
292 506 27 34
423 480 23 31
294 224 16 20
360 230 16 18
426 233 13 22
331 277 16 23
280 315 19 20
408 289 17 22
377 331 20 25
450 324 18 27
299 370 19 25
339 396 20 29
401 372 19 26
413 397 19 24
493 219 15 19
559 209 18 22
483 298 19 23
558 291 16 22
623 290 17 22
598 334 19 25
524 331 17 24
481 367 20 26
554 373 19 26
623 376 21 29
495 419 22 28
579 494 25 32
585 394 20 29
635 214 15 22
705 251 15 19
774 264 17 20
747 298 16 24
691 297 14 20
682 331 19 24
776 382 22 28
698 391 18 24
663 404 22 28
728 502 30 37
844 255 16 18
914 260 16 19
968 243 15 22
824 294 19 22
856 327 21 27
930 339 20 26
871 518 31 39
