55 556 86 124
307 591 90 92
312 432 43 75
237 411 41 44
400 358 34 36
539 362 41 56
522 347 32 48
594 305 26 33
637 336 20 28
665 383 36 38
686 440 44 44
685 505 45 62
621 527 53 85
780 578 65 82
787 368 35 36
744 349 22 39
312 357 26 39
138 347 33 35
207 262 16 20
231 228 15 19
323 252 20 20
359 274 23 27
463 274 14 16
514 248 18 23
272 317 25 22
431 231 16 17
506 234 12 14
464 430 48 63
406 411 40 49
869 415 56 73
934 362 45 52
826 285 25 29
860 269 26 27
887 260 22 23
941 251 23 23
935 280 26 31
819 254 20 24
797 248 18 21
850 219 10 12
865 226 14 16
973 225 15 13
1003 223 16 17
791 212 13 14
674 277 21 23
738 279 15 17
737 233 12 16
772 275 20 21
752 303 21 20
734 214 12 11
667 230 17 19
651 225 13 13
586 262 19 19
577 252 18 27
608 222 14 19
630 217 9 10
947 229 12 13
308 245 13 14
512 279 16 22
485 273 13 17
152 280 16 19
139 232 14 13
165 240 13 18
