48 586 36 53
61 499 21 29
48 432 11 14
4 414 13 19
163 438 13 17
222 481 23 33
265 489 16 24
292 442 15 21
309 526 23 27
355 488 16 21
380 558 26 40
470 458 13 18
460 437 11 17
512 458 14 20
479 506 18 23
527 502 14 19
562 522 20 29
614 505 14 22
605 462 16 17
681 592 29 40
708 460 13 19
730 480 12 17
762 514 13 20
820 569 23 35
904 582 19 29
903 523 19 24
810 495 15 23
996 559 25 32
921 645 34 38
934 444 10 15
870 449 13 16
969 471 14 16
176 537 17 20
673 526 18 23
710 499 15 21
461 651 30 32
23 479 21 19
