431 568 15 19
406 567 18 21
373 585 17 26
401 558 12 12
358 589 15 19
324 616 19 25
345 570 12 16
351 534 13 14
304 542 12 17
325 539 11 16
311 535 9 11
19 459 5 5
46 460 6 5
30 469 7 7
19 470 6 6
55 453 6 7
74 452 6 7
88 451 7 6
97 460 6 5
120 456 6 7
116 466 6 5
141 460 8 7
73 482 7 7
43 484 7 9
57 495 9 10
52 503 10 11
15 515 10 12
11 503 7 10
42 522 13 14
58 524 13 17
76 506 10 8
82 511 9 10
90 518 11 13
100 516 9 11
21 547 12 12
27 548 14 13
24 562 15 18
59 566 17 16
88 560 14 18
103 564 19 17
140 518 11 12
140 504 11 11
145 493 11 12
155 492 8 12
146 473 10 10
161 475 7 10
171 480 8 9
191 489 8 11
183 505 13 14
150 541 13 16
137 556 12 18
187 548 17 20
203 494 10 14
203 526 10 12
214 486 8 9
220 497 9 10
246 496 11 12
252 507 13 15
264 509 9 10
276 505 11 17
267 515 13 15
234 548 16 20
245 544 11 16
223 524 13 14
221 511 11 10
293 525 9 11
301 528 11 13
222 545 10 13
180 531 10 15
276 585 15 21
286 589 13 17
295 608 17 19
267 623 19 24
227 637 18 23
228 620 19 19
178 638 21 25
178 596 19 25
215 589 20 24
232 577 13 20
166 582 18 21
265 566 18 19
105 582 19 20
97 608 19 24
124 657 19 21
50 668 26 14
35 640 18 23
53 600 16 21
36 595 14 16
33 620 18 21
129 636 15 16
145 439 6 4
155 438 5 5
183 431 4 5
188 435 5 5
167 443 4 6
202 439 6 7
201 450 5 5
207 455 6 7
191 442 6 8
219 451 5 5
229 450 5 7
214 420 5 6
207 428 5 5
229 429 4 5
251 422 5 5
247 425 4 4
265 417 3 4
238 456 7 7
242 460 6 7
257 467 6 6
249 467 7 7
271 466 8 8
284 459 7 7
659 530 9 16
680 534 10 16
671 520 12 14
706 525 8 12
714 525 8 13
733 517 13 13
757 510 13 14
615 531 13 17
591 528 13 15
565 531 11 16
543 529 11 15
584 515 11 15
613 519 11 12
619 514 10 13
655 510 10 12
685 505 13 18
705 504 10 15
643 501 10 13
670 495 11 12
548 508 11 17
568 510 8 10
596 502 11 12
614 497 8 12
633 490 9 11
577 492 7 11
590 494 7 8
537 506 10 12
523 516 7 14
520 501 10 14
494 512 10 12
477 506 11 14
500 495 9 14
460 501 10 14
460 489 10 12
469 479 9 12
507 489 7 10
527 491 7 9
536 497 8 12
556 494 8 12
566 491 8 9
568 479 7 9
570 467 8 10
547 476 8 10
540 480 8 11
527 474 7 9
522 473 5 8
522 481 7 10
495 477 9 11
485 477 7 10
456 464 9 10
440 500 8 11
438 484 8 12
445 473 8 10
432 479 8 9
419 481 9 13
397 491 9 12
386 496 8 10
379 486 8 12
378 471 6 9
429 463 6 7
436 462 5 8
470 452 6 9
478 455 5 7
489 446 6 7
499 464 6 8
366 483 7 11
346 483 7 8
329 481 9 11
323 458 7 9
341 466 7 9
348 462 7 9
313 474 5 7
317 469 7 7
312 455 6 7
295 446 7 7
300 438 6 7
311 445 5 5
308 440 4 6
323 440 6 7
320 438 4 5
324 435 5 5
346 446 5 5
356 438 6 6
368 436 5 6
369 442 5 7
393 439 5 6
373 453 6 8
424 440 5 7
381 444 7 7
282 414 6 5
301 418 5 5
294 421 6 5
326 417 4 4
366 428 4 6
384 418 5 5
375 411 5 5
359 413 4 4
731 499 10 13
742 491 10 11
775 502 10 10
778 490 10 12
786 482 8 10
766 483 11 12
685 484 11 12
659 484 9 12
667 485 8 11
651 480 8 9
653 474 9 11
683 469 9 11
624 459 9 11
633 458 8 7
627 448 7 8
605 450 7 9
599 467 7 8
639 446 6 8
658 453 7 9
801 501 9 14
816 507 8 10
830 491 9 13
851 494 10 11
859 493 8 11
898 497 11 12
894 480 8 11
921 459 9 12
936 468 8 10
906 453 10 10
886 471 9 11
858 477 9 12
845 467 9 9
819 481 9 12
795 481 12 11
798 465 7 8
772 466 9 10
788 452 7 9
795 446 6 9
818 451 10 10
824 464 7 10
881 450 7 9
933 436 6 8
921 449 8 8
945 465 9 8
963 431 5 7
906 435 8 8
825 432 5 7
764 448 7 9
885 428 6 7
872 428 6 8
846 416 5 6
796 418 6 7
792 427 8 5
810 420 7 8
776 413 5 6
768 432 5 6
758 439 7 8
753 444 6 5
747 461 10 13
736 463 8 11
744 448 5 6
742 441 7 8
725 446 7 8
720 457 6 7
705 436 7 6
689 436 5 8
698 442 7 8
779 434 7 4
724 434 7 7
718 408 4 5
703 421 5 5
679 439 6 8
675 452 8 8
649 467 8 9
615 430 4 6
594 424 5 6
550 443 6 6
540 450 6 6
551 450 5 5
611 462 7 7
430 440 5 6
454 428 6 6
475 426 5 5
442 434 4 4
419 424 5 5
425 425 4 4
399 429 5 6
446 415 4 5
519 456 8 10
532 456 5 8
500 439 5 6
506 434 4 6
535 425 6 5
548 421 4 6
552 425 6 5
529 434 5 6
468 441 6 8
650 495 10 10
689 465 9 12
905 479 13 14
974 463 7 9
997 456 8 12
921 415 4 6
916 408 4 5
907 400 4 5
893 404 5 6
892 451 6 8
850 451 6 8
849 425 5 8
835 429 6 7
753 422 8 7
680 425 6 6
686 416 5 6
757 464 8 11
703 471 10 11
515 490 7 11
449 440 5 6
338 478 6 8
110 455 5 7
178 494 5 10
170 504 6 8
1 494 7 9
1 528 8 13
0 629 10 18
303 562 13 15
326 583 13 17
387 558 10 15
2 474 9 11
