507 604 85 78
288 594 85 89
708 620 103 63
685 465 76 92
846 522 78 78
854 489 62 49
251 456 49 63
3 493 82 133
111 488 50 60
2 297 56 57
96 274 32 41
18 275 36 56
191 231 28 24
244 283 32 43
266 221 24 32
286 321 43 56
360 293 26 35
443 318 26 40
307 200 14 17
330 209 15 16
375 238 17 17
441 243 22 25
463 225 16 15
531 231 16 19
519 225 16 13
382 203 12 16
418 214 11 13
465 299 17 22
535 345 44 53
596 348 54 73
642 284 21 27
676 290 24 23
588 274 16 21
1001 491 22 55
343 220 19 20
783 243 15 18
40 208 20 24
968 257 18 18
573 236 12 16
559 255 13 18
639 240 16 18
735 261 13 17
711 278 26 29
699 249 11 15
735 306 31 38
766 269 18 23
796 274 20 25
805 256 17 19
844 286 21 22
804 312 26 28
891 289 25 23
828 324 32 32
954 286 19 19
922 326 34 32
863 356 38 32
895 393 39 35
773 354 34 32
857 412 48 43
725 346 37 47
657 319 29 35
686 399 38 38
476 482 53 81
929 265 15 20
848 264 16 19
59 243 18 19
1010 352 13 25
996 250 10 13
676 237 19 21
484 308 21 28
593 215 11 12
637 221 12 12
