73 521 14 22
114 535 15 23
156 443 14 19
181 457 15 24
125 447 10 16
228 445 13 20
421 514 17 30
50 425 10 11
60 405 9 11
93 397 9 9
66 385 8 9
86 383 6 8
22 396 5 6
142 406 11 12
189 405 10 14
204 388 6 11
240 410 11 18
272 397 8 11
292 419 9 13
324 425 13 13
361 431 13 22
383 412 11 19
391 442 14 23
413 408 9 15
437 412 12 18
449 450 12 16
318 393 7 12
250 379 5 9
414 382 5 10
407 374 5 7
162 375 6 10
288 453 11 16
484 458 15 17
495 436 15 15
476 420 13 17
469 403 9 11
507 408 12 15
507 397 9 9
542 395 10 14
541 434 15 15
573 441 15 21
582 410 12 12
608 377 8 9
624 400 9 14
634 378 8 11
638 416 9 13
628 434 11 16
623 456 17 25
666 453 16 25
720 481 17 23
744 436 16 26
724 431 12 16
784 436 12 11
788 408 10 14
773 390 8 9
740 384 8 9
781 374 7 8
755 377 7 9
741 370 7 9
727 377 8 9
714 384 8 9
688 378 9 10
714 369 6 9
704 372 7 10
697 365 7 7
676 365 6 8
666 368 6 9
634 366 7 8
626 374 7 7
680 344 5 8
713 355 5 6
670 404 10 15
740 418 10 9
753 360 6 10
776 364 7 8
783 356 5 8
807 385 8 11
813 375 7 10
817 455 17 18
828 489 18 24
910 492 21 27
882 416 11 15
824 355 5 7
838 372 8 9
839 392 9 10
867 381 8 12
893 375 8 9
899 365 6 8
893 363 5 7
901 389 8 11
920 366 6 9
932 369 10 11
939 390 11 14
961 416 13 17
972 433 16 18
905 449 14 18
889 450 15 20
857 352 4 5
913 361 5 6
895 356 5 5
848 361 6 7
0 468 8 18
831 356 5 7
811 361 5 7
831 224 43 57
