19 528 10 16
22 523 9 13
90 524 10 14
115 514 11 16
129 513 12 14
123 439 7 12
91 437 8 14
36 456 9 15
22 435 9 14
45 418 8 11
53 422 8 11
65 439 9 14
81 408 7 12
132 422 8 11
71 443 9 13
98 410 8 9
173 444 12 13
164 425 7 9
152 416 6 8
196 420 6 11
211 461 8 12
228 433 6 12
230 456 6 12
241 451 8 13
245 421 8 10
262 456 8 12
259 424 6 9
259 435 7 12
293 437 7 9
324 435 9 12
334 421 19 25
469 443 12 17
562 123 16 16
622 70 15 19
676 97 14 16
715 286 16 14
820 425 18 22
878 421 20 22
873 431 9 13
792 434 9 10
804 432 8 11
