832 88 44 58
992 53 16 17
990 148 19 26
904 132 22 29
879 194 20 30
953 109 10 17
933 56 15 11
777 73 11 16
752 109 23 33
716 144 28 37
729 31 13 21
684 89 23 29
664 137 27 31
641 167 27 33
641 69 16 19
562 14 20 25
582 96 22 30
536 135 31 34
536 121 14 16
519 93 28 33
495 158 14 28
449 156 18 24
433 129 21 25
388 157 22 28
587 335 28 27
423 169 15 21
433 180 16 16
355 57 22 22
302 102 56 64
289 143 19 34
236 147 18 32
189 118 48 57
273 131 15 17
131 114 18 22
128 144 25 37
58 129 16 20
9 109 17 21
