30 670 22 31
78 623 19 24
48 604 18 22
31 584 15 20
48 576 22 23
60 558 16 18
44 536 17 21
43 513 14 16
43 494 13 14
68 484 13 15
82 500 13 15
85 514 15 14
92 531 15 18
86 551 15 18
106 606 13 20
122 641 23 31
147 638 21 33
126 597 19 27
125 508 12 14
120 460 14 17
141 464 14 14
154 511 10 12
143 532 13 21
156 551 13 14
181 591 18 23
194 617 21 25
195 642 24 22
253 667 23 24
235 610 22 31
219 594 17 21
202 555 16 22
190 526 13 19
175 518 11 16
173 491 11 15
166 471 9 14
160 453 8 13
182 444 9 13
171 453 10 11
198 455 10 12
189 472 10 11
195 495 12 14
211 477 13 15
215 521 13 16
229 538 15 21
244 554 18 18
261 600 19 21
104 518 11 13
23 520 9 17
67 518 12 13
30 476 10 11
50 470 10 12
70 465 9 12
87 473 13 13
88 457 9 10
22 440 10 12
15 467 10 14
51 444 11 12
64 436 8 11
48 431 9 9
65 421 7 9
47 422 9 6
90 434 8 10
128 424 8 11
115 451 10 10
132 454 12 12
111 444 6 8
122 412 7 8
155 411 8 8
137 405 7 10
154 436 10 10
158 446 9 10
221 460 10 12
191 436 9 12
195 420 6 10
178 416 6 8
172 429 8 8
199 397 9 9
180 401 6 8
213 408 9 8
213 439 10 13
224 443 9 10
240 457 10 12
232 493 13 18
237 517 14 17
256 535 14 12
260 502 9 16
263 471 9 13
265 441 7 11
237 419 8 10
239 407 7 6
257 410 7 10
253 441 8 8
255 452 9 12
110 395 9 11
270 560 16 24
275 531 13 14
290 522 12 16
293 502 13 19
310 607 20 33
314 587 20 24
317 565 18 23
323 545 17 24
307 533 14 16
327 528 11 17
315 503 12 17
337 502 13 16
338 485 13 12
340 468 10 16
296 467 12 12
311 444 9 10
334 429 10 12
360 442 10 10
362 472 10 10
366 482 9 10
375 478 12 16
387 489 12 16
365 496 12 17
356 534 15 19
369 547 18 19
372 569 16 25
385 560 16 23
351 614 18 24
310 658 18 29
353 649 28 34
398 654 19 26
407 631 15 22
431 611 19 21
426 595 18 21
425 573 21 19
407 526 14 19
427 497 13 21
431 484 9 14
411 446 9 12
289 546 16 21
389 489 13 19
494 603 23 23
355 509 12 11
431 430 7 10
454 442 10 16
461 481 11 16
476 463 13 17
471 505 14 16
476 485 11 14
460 540 13 17
440 531 16 21
477 586 17 26
491 567 14 15
490 538 13 16
453 642 20 25
419 673 26 35
479 639 20 27
513 644 24 34
523 670 22 38
527 707 27 34
556 706 27 39
555 637 24 35
559 598 20 26
522 531 16 19
527 562 15 19
390 718 27 34
418 743 28 25
467 711 20 28
486 694 21 22
484 731 26 35
576 629 19 30
618 642 20 22
483 443 10 15
501 440 10 13
506 452 12 16
522 446 10 11
510 479 12 15
522 481 14 15
548 497 15 15
559 476 13 17
566 461 12 17
552 460 12 15
568 511 15 15
581 533 18 15
593 470 11 15
604 468 13 15
604 436 10 11
618 448 9 14
636 451 10 11
642 464 12 16
633 489 12 16
649 486 9 12
618 512 12 15
607 532 14 17
642 521 20 22
556 430 12 11
590 555 15 23
620 553 18 27
651 558 17 21
621 596 19 20
661 601 19 22
665 621 18 24
678 660 25 33
690 617 22 33
622 705 20 30
700 695 22 25
686 732 27 30
665 433 10 13
682 458 13 13
698 474 12 14
706 456 11 14
700 426 10 12
726 440 12 12
729 472 12 18
742 464 11 16
692 500 15 17
657 512 12 17
698 513 18 21
717 490 15 18
737 496 12 20
754 484 11 15
759 496 14 17
756 514 14 23
672 546 18 24
711 544 15 23
744 543 17 17
772 549 18 20
721 598 17 23
784 575 21 29
762 609 21 34
731 643 25 30
680 422 7 9
657 414 8 9
841 382 8 9
857 385 6 9
876 388 7 10
782 420 8 11
772 448 12 14
788 413 9 10
812 405 8 9
795 453 10 12
817 447 12 14
769 487 13 16
787 486 13 18
841 436 11 16
867 441 14 17
822 493 12 18
870 494 16 20
901 479 13 16
835 521 16 19
880 528 14 19
825 548 23 26
813 616 19 24
818 643 25 29
862 622 21 30
912 638 24 34
874 670 30 26
808 662 25 30
827 740 37 28
752 736 29 31
766 701 24 40
831 700 28 31
869 715 27 33
862 423 8 14
886 417 8 13
909 395 6 10
919 409 8 11
938 407 8 9
939 468 14 21
959 479 16 17
975 471 11 18
957 427 8 11
970 408 9 10
977 400 9 14
971 511 13 17
956 527 17 23
934 524 15 20
933 561 19 22
935 598 20 29
941 677 32 40
969 659 28 37
927 439 14 17
929 455 13 17
985 730 33 38
930 729 34 35
884 580 20 25
900 495 16 22
578 584 10 20
691 583 20 20
295 436 7 8
155 602 18 23
166 653 15 17
275 454 14 14
1003 438 14 18
6 495 11 16
5 450 9 11
