45 184 22 28
106 231 12 14
118 234 20 18
136 201 15 15
170 63 41 51
246 240 20 27
225 188 19 25
267 213 24 25
307 174 13 24
327 193 26 27
365 164 23 32
382 148 13 23
386 188 21 32
429 159 24 35
465 162 12 14
517 146 13 22
500 190 22 28
526 165 23 30
541 205 18 31
591 174 29 36
585 156 24 27
618 150 23 27
540 132 14 15
593 112 14 22
640 102 19 21
714 99 16 15
720 145 28 31
740 167 30 34
801 158 28 33
760 146 23 23
774 123 19 22
794 54 19 27
844 100 23 27
881 73 19 21
866 141 29 39
978 122 29 44
938 82 25 34
969 50 22 26
