5 409 11 12
31 415 10 14
43 408 11 12
61 420 10 11
69 409 10 14
84 420 9 11
103 416 12 14
119 408 7 11
93 411 6 9
130 412 8 12
139 412 10 13
162 412 11 14
705 407 8 10
701 417 9 11
716 418 9 11
468 400 11 13
424 406 10 11
871 397 10 12
882 401 10 11
891 406 10 10
905 404 10 12
903 396 8 9
920 392 9 11
928 403 9 10
933 393 7 9
987 396 11 13
1005 395 8 8
950 402 9 12
407 408 10 12
195 408 10 12
187 421 9 9
211 402 10 13
243 400 11 13
264 410 7 9
227 413 8 7
276 407 9 9
774 182 40 43
321 413 11 12
363 405 10 13
341 404 8 12
384 403 8 13
415 411 8 13
457 436 7 9
455 416 9 11
483 397 10 11
516 401 11 13
540 396 10 12
575 399 9 10
597 399 10 10
616 402 8 10
633 401 8 11
652 401 8 12
662 404 11 13
669 400 9 12
690 395 11 12
684 410 9 10
686 419 8 12
