667 596 65 85
503 590 48 65
15 500 44 50
31 439 29 40
59 455 20 18
64 415 17 21
37 418 13 15
78 416 10 12
104 416 9 9
121 439 14 16
104 443 11 17
116 466 31 38
146 446 41 46
140 429 21 20
126 415 9 9
148 420 8 8
169 429 8 9
197 461 22 24
198 437 16 18
192 554 56 65
312 520 35 39
277 469 32 37
336 469 25 33
306 454 17 19
268 434 18 24
293 440 18 19
372 441 17 25
388 443 13 16
275 417 8 9
303 416 5 7
442 481 36 51
416 446 19 26
392 422 6 7
341 421 9 9
351 419 6 7
431 531 17 32
536 520 35 33
506 489 32 34
531 470 18 22
561 487 22 25
554 439 10 14
570 427 8 9
480 435 11 15
618 459 17 25
637 491 28 40
599 498 23 31
678 497 18 32
691 453 12 20
756 524 24 30
699 572 26 31
732 480 23 23
805 443 17 27
760 466 17 15
770 434 10 12
732 431 9 11
921 585 67 55
964 434 7 7
811 486 23 28
881 507 22 27
905 494 23 26
990 509 25 36
961 481 22 24
853 468 19 24
986 429 7 7
997 426 6 7
