14 399 17 17
35 420 18 24
66 490 23 33
82 418 17 23
26 364 20 23
17 336 20 23
46 348 15 15
60 320 18 19
78 317 14 14
72 342 15 18
61 378 17 26
101 383 17 17
86 339 14 20
113 337 8 11
120 332 14 20
139 351 14 19
146 326 14 15
172 334 15 20
189 323 12 19
199 333 14 16
213 324 12 14
232 335 16 19
240 310 10 10
255 328 13 19
168 380 17 18
174 410 15 21
155 440 15 20
148 466 22 26
165 502 24 32
216 393 15 21
231 421 15 19
285 387 15 20
279 429 15 15
300 411 18 19
305 458 18 27
321 432 18 18
304 301 15 17
311 322 13 20
326 316 13 18
331 342 15 18
366 313 14 23
381 304 12 21
402 342 14 20
411 326 17 18
373 381 18 24
385 414 20 20
415 387 14 20
434 404 16 21
380 458 20 23
361 513 27 34
414 461 18 24
440 537 22 26
481 457 22 26
469 408 18 22
457 377 17 18
450 343 14 18
462 335 15 17
448 312 14 19
493 333 15 22
505 312 14 19
524 310 18 20
533 332 15 19
554 323 14 21
521 364 16 18
513 382 17 29
543 437 17 24
559 482 24 30
572 327 13 19
577 305 13 14
567 376 15 19
568 421 14 17
598 423 18 19
610 332 17 20
657 327 13 17
680 309 14 17
707 323 17 20
666 344 14 19
687 342 13 18
618 366 19 21
682 407 18 23
624 471 23 30
655 475 27 25
674 444 18 24
709 442 20 26
727 425 15 20
690 376 18 21
743 338 17 20
766 318 14 19
765 345 17 21
772 375 17 18
750 395 15 19
795 409 19 19
757 447 17 26
798 494 26 27
823 444 20 26
887 488 22 31
923 482 21 21
965 442 22 29
880 440 21 28
836 383 19 23
884 399 19 24
857 365 19 28
959 342 18 25
934 350 18 21
896 344 18 22
915 328 18 22
951 310 17 23
983 306 19 24
808 317 14 20
801 344 20 20
831 323 19 25
0 355 7 16
0 305 7 20
589 329 11 18
