13 472 9 14
69 420 10 12
88 463 11 13
82 472 11 14
362 536 10 11
325 455 12 18
416 448 12 13
466 406 18 20
505 409 9 8
502 425 11 13
516 445 13 13
536 437 11 13
529 432 10 10
737 426 11 10
755 435 11 12
763 452 12 14
767 429 9 12
776 434 11 12
783 412 13 13
801 428 12 12
791 452 8 10
799 448 12 15
811 447 13 14
822 413 12 14
826 388 8 10
838 428 11 12
852 443 14 19
861 433 10 9
888 417 11 14
903 439 14 15
869 450 13 13
920 424 11 13
907 419 11 11
916 410 10 11
938 422 9 10
960 445 9 12
973 429 10 11
978 454 10 12
950 411 10 10
966 410 8 8
999 434 11 11
