154 305 11 9
175 318 9 10
237 320 11 11
251 304 9 11
256 318 12 18
378 308 10 11
415 343 10 9
485 345 8 10
528 326 9 11
575 370 8 7
618 364 7 11
644 363 8 10
732 334 7 7
859 349 9 9
919 397 6 6
936 397 5 8
953 400 6 7
639 477 13 22
695 493 18 26
736 477 13 26
753 479 12 22
760 470 12 16
832 471 9 12
871 462 9 13
880 463 7 9
10 464 18 30
74 513 17 35
86 472 17 23
101 474 10 19
207 494 24 41
278 494 16 24
425 481 14 24
502 480 15 21
531 466 16 25
145 474 12 17
451 473 11 20
243 468 14 27
45 445 6 7
62 448 5 6
73 442 6 7
39 454 5 7
43 454 7 7
1012 460 8 13
