192 176 41 51
995 565 25 31
965 552 22 27
922 589 20 28
905 586 13 14
1016 517 7 26
870 543 19 25
842 534 17 22
921 500 21 28
901 466 20 22
834 470 18 24
978 437 14 17
1016 404 8 17
889 416 16 21
953 401 14 15
914 360 19 22
865 358 11 12
838 408 14 16
814 408 11 11
835 388 13 14
851 373 9 13
812 334 12 10
834 328 10 11
863 343 9 8
889 332 9 10
946 344 11 14
937 362 8 12
942 333 7 8
920 335 9 10
932 317 11 12
905 324 8 11
894 320 7 8
891 308 6 9
991 316 9 10
1007 321 8 9
980 325 6 7
914 331 9 11
1008 267 5 6
944 300 8 8
957 299 8 6
923 294 6 7
917 296 5 9
875 294 8 10
866 304 9 10
862 324 10 12
878 345 7 8
831 299 6 8
844 310 9 9
837 304 6 8
825 449 13 15
791 437 13 14
778 403 10 11
759 389 12 13
755 368 10 12
776 386 10 13
835 371 11 13
822 439 14 16
786 326 11 14
808 321 8 9
805 330 8 8
826 302 7 9
772 315 8 13
767 348 9 11
755 347 8 12
758 326 10 13
805 299 8 9
816 297 6 10
799 304 6 11
770 296 6 9
767 331 7 9
765 293 5 6
740 324 10 13
745 350 8 12
721 346 8 12
728 329 9 13
733 291 7 8
734 398 14 13
719 404 12 13
671 464 14 16
667 452 10 14
658 436 15 17
681 408 17 20
694 397 14 14
656 374 13 15
633 363 11 13
696 387 9 10
695 355 9 8
850 511 19 20
796 467 16 27
767 480 18 20
857 451 14 19
665 517 18 22
685 444 12 17
619 442 12 18
657 470 9 14
819 374 7 10
928 408 14 14
773 445 14 19
666 413 12 14
601 366 14 15
617 397 15 17
615 425 13 15
633 493 16 15
621 483 8 16
548 467 15 30
562 423 15 16
589 394 12 15
570 384 9 11
554 395 12 17
502 400 15 17
534 428 13 15
695 337 9 7
682 335 10 11
667 333 11 11
693 318 9 9
695 307 6 7
719 300 6 7
679 300 7 8
670 313 9 10
649 322 11 9
638 330 8 10
623 324 10 11
606 327 13 12
582 333 12 14
575 328 9 9
599 321 8 10
592 304 7 10
557 330 9 11
545 331 10 11
564 314 9 7
576 312 8 7
590 299 6 7
619 309 8 10
668 300 5 10
551 302 7 10
542 305 8 10
537 331 8 10
526 329 11 13
527 302 5 8
497 278 9 13
515 314 9 11
507 325 9 13
497 329 11 14
478 324 10 9
445 337 10 12
449 330 9 9
536 316 10 9
458 308 7 7
416 299 5 8
432 327 7 8
426 339 10 11
413 328 9 11
393 331 8 12
404 338 7 8
505 421 8 10
493 428 15 16
471 461 14 12
460 448 12 17
466 425 17 18
484 400 11 19
443 427 16 19
431 415 13 16
453 412 10 12
464 412 16 15
414 368 10 13
490 334 8 12
383 321 8 9
401 319 5 7
371 313 9 12
353 304 8 10
371 332 10 13
361 335 10 12
405 324 9 9
631 341 9 12
645 304 9 9
370 409 8 9
353 380 8 12
327 342 10 17
564 400 9 12
312 385 9 11
285 391 10 11
323 325 7 7
290 339 10 14
302 328 9 12
309 326 9 13
311 292 5 8
273 266 7 8
181 331 11 12
153 356 12 14
136 339 9 14
142 332 10 12
136 317 12 13
121 325 12 14
154 302 7 7
115 318 8 8
108 332 9 10
101 340 11 15
152 313 10 11
91 301 7 10
80 327 10 12
76 361 15 18
88 358 11 14
77 348 11 12
47 340 9 9
48 318 10 8
36 317 5 7
0 294 5 10
0 328 8 9
9 331 9 10
8 356 14 18
33 374 13 14
0 368 9 16
107 312 10 10
688 287 6 8
729 317 9 10
752 313 9 9
740 311 9 10
1009 437 15 21
779 376 10 11
358 366 9 12
334 346 6 7
306 304 6 9
297 306 8 11
297 317 9 10
333 307 9 10
170 388 6 11
114 381 8 9
136 391 7 9
797 508 13 18
712 325 7 11
706 306 8 10
927 446 14 17
438 308 8 13
460 331 9 11
515 394 9 14
372 420 19 19
485 334 9 14
