1 422 15 23
34 433 14 18
59 417 24 24
93 371 24 27
93 371 25 27
156 408 21 25
213 380 25 27
244 392 23 24
287 310 30 33
351 342 22 28
395 364 21 28
429 398 22 30
474 375 20 26
515 411 21 27
550 406 20 22
598 404 22 24
632 422 21 25
698 387 21 24
208 466 26 27
98 547 33 36
146 547 35 45
117 603 51 56
254 548 41 50
266 613 31 33
373 620 174 233
548 554 216 250
828 542 17 23
847 637 26 30
883 641 30 33
930 661 41 40
983 594 31 39
866 603 27 33
883 538 24 30
958 551 24 30
778 388 21 24
739 434 16 21
817 424 19 24
898 432 19 23
952 401 24 23
