43 38 22 29
97 48 19 21
121 55 17 19
284 65 20 24
201 49 19 29
448 46 13 13
533 77 32 38
600 6 82 131
578 27 30 26
696 36 6 7
706 37 21 26
812 47 25 31
62 207 24 24
169 210 7 11
171 257 9 13
193 263 10 12
227 261 10 14
252 261 9 12
276 262 10 11
298 269 11 12
373 203 11 20
324 203 6 10
310 218 11 11
321 218 10 16
288 215 9 11
265 217 9 9
255 216 10 9
233 216 10 12
205 218 10 9
406 216 12 14
440 221 13 10
466 206 10 17
501 204 10 20
555 260 79 80
752 215 71 92
930 223 73 113
380 352 20 31
466 359 12 18
574 352 15 24
736 372 38 53
929 394 21 31
909 360 16 17
927 545 34 40
852 591 22 27
731 549 30 44
563 547 8 8
645 557 8 7
423 556 10 12
466 605 8 8
498 604 6 8
403 606 9 10
363 612 10 8
378 618 7 8
346 612 6 7
271 534 15 19
88 526 14 18
24 725 22 31
112 714 24 33
147 738 19 17
245 719 15 17
424 701 21 24
492 721 18 22
340 699 12 20
906 889 9 12
979 940 7 8
859 919 9 10
534 866 7 9
430 887 18 14
175 907 9 8
