28 616 20 22
61 369 7 9
48 402 10 16
36 424 11 14
77 419 10 16
105 400 9 13
120 360 7 11
134 379 8 10
121 421 11 14
116 442 11 16
63 460 13 19
44 499 13 15
72 533 13 19
74 555 15 20
84 476 14 20
120 492 11 20
110 515 19 24
155 490 15 19
190 477 12 20
136 552 21 22
100 584 19 22
224 578 23 26
279 528 19 21
329 584 23 33
379 684 22 17
464 606 27 32
450 527 24 26
411 527 15 21
387 499 15 22
346 530 17 18
345 478 14 19
368 451 15 19
378 428 14 16
403 412 10 13
416 441 14 15
431 440 10 14
486 465 14 18
537 440 12 18
541 405 12 14
513 410 11 10
503 412 12 10
408 388 11 11
451 370 7 10
515 393 9 12
540 375 10 11
477 381 9 13
529 497 19 21
231 450 11 16
238 430 11 13
265 402 13 11
183 419 13 19
153 412 11 16
182 451 12 13
161 385 10 13
435 579 19 24
553 540 16 24
571 504 16 23
596 466 15 19
638 445 13 20
635 560 16 22
644 655 25 25
344 427 13 10
297 419 11 13
329 378 12 14
283 363 9 13
243 377 9 13
218 403 11 12
563 414 12 18
614 395 9 16
631 405 9 16
657 520 19 25
656 588 22 28
701 559 19 22
749 568 25 30
758 531 17 23
707 499 17 21
725 462 17 24
665 454 17 22
677 430 11 14
682 387 10 7
718 392 9 14
807 453 11 14
758 414 15 16
737 392 7 11
741 358 8 9
816 398 10 14
845 451 12 12
817 495 17 22
921 466 15 17
884 500 11 18
975 439 8 14
869 433 7 17
932 407 9 14
881 417 11 13
153 359 7 8
82 387 9 10
306 396 8 10
238 393 10 13
567 377 11 11
607 363 7 7
658 377 7 7
655 391 8 10
656 406 8 9
643 419 11 11
322 423 10 14
334 411 10 12
371 398 11 14
24 406 8 14
512 607 20 13
7 569 13 22
0 429 7 13
143 470 9 16
991 500 17 21
