35 294 15 20
89 344 16 21
128 322 16 20
125 306 16 16
178 354 16 19
187 304 19 24
137 291 8 7
210 329 16 17
266 303 18 23
267 235 16 16
297 376 21 21
251 200 15 16
273 207 13 16
290 218 15 18
289 204 12 11
320 203 15 19
330 193 13 17
350 208 16 17
325 301 16 17
335 269 15 19
375 368 17 22
413 389 16 21
489 356 17 21
550 364 18 21
597 368 22 24
634 376 22 24
637 284 15 19
570 315 17 22
515 310 17 25
490 315 16 14
455 322 14 17
422 302 14 18
394 263 16 23
363 273 14 21
488 277 15 15
525 269 14 19
559 251 16 18
607 254 16 19
683 276 19 27
707 298 18 25
802 293 20 25
353 189 13 17
382 198 14 18
389 186 14 21
431 190 9 12
438 180 14 18
469 237 14 20
482 152 12 19
488 146 12 20
508 162 12 16
521 154 12 14
565 155 12 19
574 159 14 15
590 161 13 19
608 149 15 18
633 149 11 17
631 214 13 18
596 223 13 17
550 217 14 21
518 206 15 20
502 234 14 20
637 229 17 22
660 161 15 19
681 160 12 20
656 218 15 19
704 205 15 21
697 147 16 19
717 162 13 19
744 170 11 17
750 169 12 18
807 159 14 14
844 126 16 20
845 214 17 20
796 207 16 20
749 202 15 21
878 134 13 18
889 120 15 22
911 121 17 20
962 188 12 18
980 189 13 17
1017 284 7 10
