833 601 58 65
490 282 7 9
885 541 49 46
325 548 36 36
241 505 61 84
106 300 12 12
150 322 8 8
4 303 11 10
42 314 11 12
56 299 11 8
389 304 12 13
360 303 18 12
312 307 12 12
417 308 14 12
480 296 10 15
543 300 12 21
604 297 11 11
640 305 13 12
727 302 16 20
739 313 14 14
696 380 33 48
737 375 33 46
778 360 31 29
877 315 14 16
971 341 32 45
929 332 26 22
1001 310 19 21
925 291 9 7
0 601 88 82
21 429 54 58
99 413 21 15
77 365 20 17
59 315 13 10
201 370 33 34
266 354 27 32
339 335 24 24
356 367 25 31
587 409 31 59
604 334 29 35
528 355 28 35
454 320 13 18
