781 264 10 14
820 244 8 14
810 260 11 16
791 457 12 16
760 457 11 16
950 376 12 16
936 372 10 15
728 113 7 12
655 97 9 13
787 79 9 12
838 48 8 12
953 13 7 11
195 708 12 17
508 256 9 12
499 238 16 11
958 315 9 12
922 238 9 12
97 312 13 15
373 17 9 11
400 71 8 10
381 138 6 9
443 126 9 11
512 156 8 10
562 141 9 12
621 130 8 11
698 71 9 11
226 618 9 14
798 702 10 14
722 496 10 18
278 121 8 12
852 699 14 17
861 685 12 17
899 609 12 18
933 624 13 18
15 703 9 16
656 231 13 13
713 268 12 12
692 623 13 18
932 203 9 9
407 606 11 16
369 572 13 14
329 485 12 14
316 609 13 16
476 598 12 13
687 740 14 16
509 502 10 12
580 515 9 14
542 492 12 9
832 171 7 13
944 75 9 11
866 123 8 11
403 472 9 13
233 596 12 16
290 564 10 11
65 354 9 13
32 382 9 13
82 498 6 12
315 249 6 7
238 220 9 13
157 232 10 12
147 270 10 12
293 416 10 14
42 115 8 10
107 122 9 11
24 69 7 11
10 70 6 8
243 49 7 11
255 32 8 10
321 23 6 8
184 68 7 6
138 22 8 9
335 113 8 10
875 232 7 11
