906 245 28 28
815 188 14 18
796 221 17 21
873 189 14 19
912 197 14 20
324 405 49 59
39 352 34 42
142 200 12 15
83 233 16 25
33 188 14 20
193 157 14 19
349 283 20 28
325 320 30 35
259 309 26 32
277 273 16 24
463 576 52 70
624 561 52 57
801 443 53 48
910 443 42 48
650 382 34 47
614 372 35 42
520 325 29 31
688 270 19 27
737 259 26 32
818 254 22 29
792 296 17 31
848 234 22 26
74 499 49 38
276 594 57 42
709 341 36 37
955 166 10 14
943 177 8 12
926 158 9 14
960 212 16 20
511 230 23 25
622 265 20 24
684 256 16 18
