328 500 13 14
473 478 11 19
464 513 15 22
491 522 16 23
496 498 13 19
539 530 14 18
583 507 16 25
627 544 16 22
908 528 16 18
938 534 16 22
963 544 18 22
539 444 11 16
590 448 12 16
604 457 11 21
513 533 17 22
451 501 14 19
261 493 15 17
336 452 12 17
353 495 14 19
228 490 11 15
297 447 12 15
312 457 10 15
162 481 11 21
396 444 8 13
546 506 10 17
885 459 15 18
831 498 16 23
965 507 16 23
953 426 12 18
923 450 14 18
893 422 15 17
502 379 8 13
472 409 9 18
553 439 15 18
976 578 14 18
66 463 8 13
87 474 11 16
174 489 13 17
225 469 13 15
386 458 11 17
428 501 13 18
420 518 12 20
400 519 13 18
376 503 16 22
314 481 12 18
851 490 13 15
838 470 14 21
591 471 9 13
644 445 10 17
641 426 11 15
525 453 10 14
498 442 12 15
1014 434 9 14
