6 401 16 15
0 381 8 12
37 341 7 7
11 310 8 10
23 300 4 6
109 404 14 18
113 365 7 12
104 337 6 7
130 352 4 7
133 304 4 6
202 308 5 7
186 309 5 5
229 308 5 8
259 313 19 27
306 310 18 25
345 331 14 23
280 487 26 31
336 493 14 33
428 480 20 24
159 385 12 16
202 363 6 9
226 376 11 12
433 320 5 8
422 321 7 5
432 371 7 8
433 361 8 8
999 530 22 29
945 348 11 14
943 351 8 11
895 346 6 8
968 439 10 10
1010 351 5 6
1017 359 5 7
855 342 6 9
813 398 8 10
825 345 8 13
819 365 5 6
754 358 12 16
744 395 7 7
701 402 6 8
494 394 10 15
660 352 4 6
102 297 3 5
105 302 3 5
160 303 2 3
622 321 2 5
