63 371 14 22
137 457 6 10
155 473 9 12
225 462 11 11
198 445 9 11
166 427 8 9
158 433 7 10
205 498 9 15
234 482 8 14
107 411 6 8
166 553 17 21
195 639 28 37
153 659 11 23
256 433 5 8
205 432 6 7
203 418 5 7
317 423 6 8
275 427 5 9
274 438 6 9
280 453 6 9
311 488 13 9
283 525 6 20
306 558 12 21
282 631 15 30
251 645 12 29
361 596 14 18
419 523 11 17
380 479 10 14
376 521 9 13
491 532 12 18
507 536 10 10
492 579 12 23
432 591 15 20
455 613 16 23
552 631 12 30
576 555 15 21
579 544 14 16
655 543 15 20
662 619 10 23
679 591 15 23
751 586 14 20
851 614 23 32
835 623 11 24
987 553 12 19
985 493 12 12
958 494 9 11
889 515 16 21
1017 520 7 15
971 459 10 13
943 472 12 14
914 458 9 10
928 446 7 10
932 443 8 13
948 457 10 12
893 448 9 9
907 442 7 10
893 437 6 9
876 454 5 9
852 453 7 10
839 456 6 8
842 463 6 12
816 467 9 13
793 475 10 11
791 492 11 14
759 482 11 13
775 466 9 9
789 449 8 11
752 451 7 12
765 448 7 9
707 479 9 11
637 512 8 17
626 519 9 14
663 486 8 14
633 460 9 14
657 461 7 12
690 453 9 11
708 450 8 10
650 449 7 11
608 478 9 14
595 506 9 15
544 475 10 14
581 470 7 12
590 471 7 11
576 458 8 9
512 467 8 12
482 479 9 14
507 494 10 15
545 502 8 13
429 488 8 13
412 484 9 10
448 475 7 7
386 447 5 8
422 433 4 8
435 453 6 10
452 443 7 11
417 460 8 9
331 424 7 9
362 423 6 8
420 417 6 7
393 425 6 5
486 429 7 8
491 432 6 7
546 446 7 9
560 442 6 9
550 433 7 8
558 420 5 6
590 413 5 6
604 411 5 7
629 423 5 7
634 436 7 8
601 440 6 6
608 439 6 7
669 425 8 8
691 425 5 7
682 416 7 8
666 413 5 6
644 419 4 6
586 427 7 8
698 439 7 9
700 423 6 6
811 427 6 7
752 426 9 8
760 418 6 7
755 414 5 7
718 413 7 10
866 434 7 12
851 425 8 9
913 431 9 9
971 422 6 7
982 421 7 11
964 407 6 10
947 410 5 7
922 404 5 7
877 408 6 7
893 409 6 6
923 421 6 7
454 409 5 5
464 415 5 6
504 401 5 7
440 406 4 6
436 413 6 6
590 398 4 6
207 572 16 19
