119 592 58 82
100 592 34 59
93 484 39 43
13 523 23 31
206 405 23 27
190 447 30 28
179 503 32 40
269 593 62 76
428 581 52 65
366 493 32 46
376 424 26 37
431 421 30 37
363 391 24 30
329 432 25 27
279 401 25 31
411 396 25 28
444 350 26 36
160 386 12 18
232 514 44 45
380 573 41 38
164 398 18 16
317 379 16 17
352 311 12 14
359 327 13 15
567 522 54 77
521 480 36 51
553 431 38 50
507 388 28 34
537 385 24 28
627 491 41 45
579 401 34 32
390 325 14 13
532 314 17 19
507 324 14 15
489 320 15 16
467 323 14 15
460 334 12 15
644 346 20 29
643 324 21 25
621 300 16 17
633 303 13 14
570 295 13 12
512 275 7 8
705 494 62 82
761 473 41 59
874 525 63 93
717 646 90 34
774 393 46 48
706 349 36 39
648 327 18 18
722 300 25 21
980 469 44 80
863 423 67 78
1002 343 22 51
791 301 26 29
905 261 19 27
942 222 25 20
878 226 17 18
890 210 11 11
706 279 13 13
700 264 13 13
680 273 11 10
682 286 11 14
693 230 6 6
668 233 6 7
663 235 6 5
663 225 6 7
683 225 6 7
643 236 5 6
642 228 6 6
654 259 9 10
619 264 10 11
572 252 8 8
730 240 9 13
780 248 12 15
788 234 8 13
797 224 8 7
732 337 30 25
466 460 33 40
633 436 33 35
348 389 20 25
344 364 13 16
339 356 10 10
353 349 7 11
388 367 15 18
413 378 13 17
835 242 11 13
833 226 14 14
931 287 14 15
33 385 10 12
