673 650 46 63
727 600 35 39
775 571 27 30
844 637 34 40
928 566 23 25
811 548 9 12
909 569 18 25
858 588 17 22
975 557 18 19
990 530 18 26
846 573 16 18
835 535 15 16
792 536 14 13
605 552 14 14
504 565 16 17
552 551 13 15
490 622 23 31
456 581 20 24
403 634 32 37
257 588 19 24
252 635 34 36
160 667 26 38
432 579 17 19
106 588 19 21
156 641 22 24
385 580 18 18
304 551 17 19
261 540 11 11
253 555 11 11
355 561 14 18
334 534 11 14
568 576 17 19
148 571 20 25
927 521 16 19
872 531 11 17
607 519 10 13
303 580 28 32
378 560 11 15
438 525 9 14
79 560 21 25
