560 532 23 25
617 518 24 31
692 525 31 40
748 545 8 12
882 75 22 31
904 32 20 25
308 70 9 11
406 72 12 14
376 74 11 13
332 76 9 10
77 239 19 18
128 232 18 21
20 235 7 15
175 253 6 10
205 253 4 6
45 247 8 10
101 718 36 55
186 785 12 17
216 786 8 13
21 809 8 12
666 732 31 48
798 765 24 30
904 751 27 34
887 760 15 23
752 772 11 18
68 77 15 19
102 68 15 19
156 84 13 17
215 96 12 14
63 443 26 35
126 456 21 33
312 483 15 21
290 454 7 10
303 462 6 8
373 458 10 11
342 488 13 15
430 484 11 19
841 639 21 27
843 606 15 16
963 637 25 36
781 624 13 34
400 937 13 24
425 933 13 19
467 935 13 21
254 950 5 6
28 1205 16 24
159 1191 10 13
139 1180 5 7
320 1151 21 25
361 1168 19 25
417 1173 13 16
481 1165 13 16
447 1178 9 16
475 1177 7 10
724 1054 41 48
633 1094 30 35
669 1095 15 20
801 1076 40 50
781 1100 15 25
925 1096 6 16
933 1103 9 15
229 305 11 13
261 304 7 12
246 298 7 11
387 311 12 14
408 304 11 14
465 324 17 21
350 307 8 12
279 295 6 10
483 320 12 18
489 300 9 12
502 300 6 9
618 772 23 34
312 670 9 17
361 667 16 20
276 672 7 11
242 672 7 11
437 685 7 10
410 687 7 10
52 1180 4 8
336 952 4 7
549 939 9 13
596 384 4 6
557 371 3 10
911 352 3 6
757 379 4 8
779 378 4 10
801 374 3 8
640 389 3 4
644 408 6 7
708 271 4 5
839 329 4 6
536 404 4 7
630 392 3 5
665 387 5 7
657 411 6 6
189 480 7 8
10 789 8 13
590 1119 13 15
