155 399 18 47
832 225 16 23
818 220 14 21
771 216 18 23
718 230 17 27
748 222 13 18
685 244 17 23
638 247 17 24
594 250 17 24
672 202 12 17
691 209 10 15
575 243 16 21
78 287 15 19
65 212 15 17
87 196 12 17
98 222 12 17
266 226 10 16
284 214 11 17
298 229 15 23
320 247 17 30
373 242 16 26
401 244 19 25
464 222 17 29
531 251 16 22
280 264 22 27
236 237 14 24
197 247 21 26
168 230 21 20
317 213 11 14
341 226 12 16
369 207 10 16
395 216 12 19
559 225 12 16
527 211 13 16
493 222 10 13
433 227 17 22
455 229 16 23
329 235 15 23
279 200 12 18
431 206 8 18
591 212 9 16
574 217 7 17
623 222 12 21
