32 38 7 10
48 39 9 10
103 41 12 15
144 39 11 12
207 53 7 8
177 66 6 7
240 52 8 11
263 50 8 13
272 54 6 10
303 54 8 10
338 65 10 12
375 57 8 11
285 118 8 12
331 120 12 15
366 120 12 14
397 72 9 11
415 64 6 7
453 70 7 8
486 73 10 11
520 78 8 11
558 77 9 13
612 140 9 14
566 141 10 14
505 132 12 15
719 119 8 12
757 106 10 12
802 144 30 46
945 392 30 40
970 359 14 13
1014 364 10 25
743 386 30 44
772 380 19 23
787 365 18 25
782 346 14 19
715 371 16 35
734 362 13 19
684 304 10 15
647 374 32 48
617 353 17 26
662 350 21 29
642 296 11 14
576 319 12 15
616 299 9 10
535 295 10 15
570 296 10 13
586 421 33 46
567 394 26 30
538 404 29 40
523 370 27 33
508 387 25 37
538 360 22 29
562 373 19 26
402 296 10 13
472 349 16 24
480 313 8 15
474 416 39 49
443 372 23 33
474 360 22 36
404 278 7 10
424 277 5 8
474 284 5 11
443 286 6 7
437 301 9 12
374 289 10 15
375 347 21 22
395 382 21 28
417 423 30 46
380 408 27 39
344 394 30 43
324 430 32 48
307 396 30 45
260 408 28 39
284 337 19 26
333 381 27 42
308 305 12 15
336 307 10 12
262 297 8 11
363 302 8 12
173 295 10 16
181 350 19 26
201 361 26 31
251 376 28 39
213 275 7 11
217 340 14 24
158 347 16 27
126 357 29 41
170 397 24 46
207 397 32 44
223 433 36 60
103 437 39 41
14 406 42 60
62 390 35 41
2 359 15 26
84 352 24 40
102 380 23 40
35 302 11 15
48 268 7 12
140 273 10 14
136 306 14 16
117 270 7 13
239 308 8 11
444 60 10 11
