60 294 12 14
187 283 12 12
210 281 10 12
220 271 9 13
205 253 9 12
196 297 10 14
213 292 10 12
236 331 12 16
262 299 10 12
248 284 11 12
229 293 10 13
229 266 9 12
231 256 10 14
256 267 10 14
267 286 12 13
303 287 11 14
351 299 10 13
323 305 8 9
353 278 9 12
388 268 21 25
377 269 10 12
422 277 8 9
453 252 9 11
459 276 9 8
471 286 9 9
326 349 9 11
469 338 10 13
490 273 8 9
493 261 7 10
527 325 7 9
574 298 10 14
586 290 6 7
600 266 7 11
570 282 8 10
613 280 8 10
614 312 9 13
631 295 10 13
655 294 10 14
651 289 9 10
692 269 10 13
705 276 7 10
722 280 9 10
714 269 8 9
754 267 13 17
771 268 10 11
812 272 8 9
818 261 8 9
827 281 12 17
853 282 11 14
859 258 8 10
848 249 9 11
871 248 9 12
878 325 14 19
969 233 9 13
920 119 25 38
532 135 29 41
159 431 28 17
519 697 103 143
74 291 10 13
80 284 10 11
110 281 12 13
104 266 11 13
80 256 11 12
85 246 10 11
95 237 10 12
105 230 9 10
102 217 10 10
61 223 11 11
59 238 10 11
55 256 12 14
37 264 11 15
101 303 11 12
136 298 13 14
153 286 10 14
139 268 11 14
153 260 10 10
112 256 10 10
142 251 10 10
120 239 10 11
124 227 8 10
145 233 8 9
168 251 10 12
174 239 9 8
155 239 10 14
202 240 10 11
189 267 9 11
166 273 10 12
