2 593 96 51
0 422 63 55
0 290 46 43
212 602 84 44
162 435 66 53
114 284 60 55
82 182 60 35
182 93 48 39
227 184 53 45
357 194 53 46
301 101 47 53
495 15 42 51
381 20 46 54
262 21 42 46
610 26 41 42
725 24 36 41
808 91 50 43
681 100 47 33
560 95 46 41
634 177 57 47
941 89 51 34
918 178 55 43
779 192 57 45
508 184 47 41
438 91 47 52
889 279 53 47
853 427 68 46
692 422 64 44
735 290 60 46
582 287 60 42
512 427 67 49
433 291 55 39
278 295 61 53
337 431 70 52
802 607 73 38
616 624 67 41
419 603 83 46
