554 509 15 22
548 460 11 17
557 429 12 14
307 430 11 13
665 517 15 14
699 513 13 16
731 515 12 15
1005 429 13 14
999 415 12 12
1017 489 7 22
1011 325 11 16
211 514 7 12
863 506 14 18
718 329 9 14
738 336 10 14
743 362 13 16
757 388 10 11
869 284 8 13
896 486 13 19
931 465 14 18
945 486 15 19
925 512 15 16
971 514 16 17
994 489 13 16
970 463 12 16
954 440 13 19
924 446 13 15
913 394 13 16
936 391 12 15
943 370 11 10
970 356 14 16
939 325 11 11
982 422 12 18
767 309 11 8
726 301 13 11
815 384 10 13
406 429 18 27
348 239 40 48
465 207 45 53
580 215 41 50
44 419 10 12
114 428 9 11
152 431 6 10
10 439 9 13
712 413 11 13
693 359 12 13
674 331 11 15
54 442 12 12
86 451 9 11
113 452 7 7
122 462 10 10
145 461 10 13
182 448 12 14
103 476 12 15
217 429 11 15
230 466 11 15
271 436 11 10
197 445 10 13
3 496 8 11
22 481 15 20
65 476 11 14
147 481 12 12
286 473 15 18
280 463 10 15
319 468 11 14
432 475 14 21
531 515 11 17
