204 139 14 14
412 26 19 25
460 21 18 22
442 97 16 19
528 36 16 17
577 83 16 21
571 36 15 15
589 13 16 16
599 41 14 13
668 32 14 17
692 47 15 16
739 44 16 13
774 107 17 18
463 52 14 19
493 75 14 18
909 22 15 19
974 34 13 17
8 280 29 31
883 336 45 53
722 315 42 54
575 324 46 51
387 320 43 50
245 335 43 49
96 345 46 51
1001 318 23 31
942 325 24 28
823 356 21 25
773 340 21 18
943 297 21 24
932 203 20 23
781 209 19 25
765 174 17 22
877 159 17 22
790 130 22 19
738 154 19 20
715 245 17 21
657 181 20 25
702 287 20 20
621 273 19 25
555 281 19 22
793 12 23 23
155 161 19 25
330 385 19 22
332 347 24 31
418 298 19 22
198 334 24 32
229 287 23 30
181 298 26 31
111 306 20 23
79 315 24 25
85 232 17 25
171 217 21 25
58 192 19 23
151 289 17 25
314 277 19 25
338 176 20 19
233 211 20 25
101 142 19 29
62 28 18 21
124 19 13 16
188 35 16 15
232 23 14 16
254 16 18 17
315 11 16 20
289 133 19 24
479 328 17 23
516 354 20 27
682 341 18 22
662 373 20 26
460 242 17 22
448 211 19 20
463 194 17 18
399 203 17 21
438 169 14 22
455 158 17 19
