408 314 32 38
398 268 29 30
414 240 25 29
470 257 26 29
441 204 23 23
391 184 26 31
393 120 20 23
390 70 23 27
456 59 22 28
530 50 22 30
599 52 21 28
680 43 25 31
757 51 24 27
500 183 26 29
426 117 20 28
541 150 26 29
604 182 26 31
634 161 21 28
537 224 28 29
517 276 26 30
546 303 27 32
586 276 24 31
617 285 28 29
600 350 32 33
663 298 31 34
671 215 25 30
711 303 36 44
744 215 29 33
152 280 32 33
198 356 35 41
231 240 25 30
247 189 26 27
286 182 25 28
326 177 27 26
301 125 22 23
311 248 23 26
319 327 35 35
650 398 46 50
841 368 21 29
856 207 30 33
944 217 30 32
892 309 30 33
735 189 27 31
833 26 27 33
677 162 27 33
