465 232 32 37
327 515 9 9
290 513 9 10
258 521 8 8
222 518 7 9
190 516 10 12
114 514 8 11
86 514 9 9
667 517 8 10
795 511 8 12
818 504 11 14
843 499 8 10
111 484 7 9
30 497 8 10
158 500 9 9
151 516 8 12
219 469 7 12
277 463 9 12
277 489 6 8
298 486 6 11
333 486 8 10
362 486 6 11
249 489 8 11
156 470 9 8
5 444 7 11
10 464 7 9
58 501 7 9
56 478 6 9
40 462 6 8
181 485 7 11
155 484 5 8
129 466 7 10
77 466 8 9
216 452 7 10
4 404 9 9
14 418 7 8
27 436 8 9
29 448 7 8
922 482 9 16
966 482 6 10
686 484 7 13
682 468 6 9
655 469 6 10
558 488 10 13
