573 551 75 79
801 589 56 65
924 641 52 66
838 741 49 63
983 587 16 25
973 578 16 18
944 582 17 21
887 585 20 22
868 575 15 15
931 559 16 21
765 609 21 19
741 583 18 17
705 583 20 25
688 569 21 33
926 527 11 13
878 494 13 17
811 460 13 15
765 444 12 15
762 572 16 19
708 517 14 16
590 458 14 19
425 341 86 98
403 572 19 22
356 594 18 21
295 586 19 24
360 525 14 19
339 532 12 14
312 514 11 14
287 537 15 17
256 529 12 16
201 537 16 19
202 514 13 16
201 616 15 15
112 599 27 47
120 758 25 53
178 751 51 60
99 519 14 16
