537 32 76 39
659 533 25 28
558 540 22 25
443 511 23 21
363 531 23 26
490 460 25 26
406 452 23 26
362 499 22 20
276 455 25 29
275 498 22 30
74 492 24 26
65 397 22 26
2 440 23 31
535 353 21 30
491 368 28 25
372 350 24 30
48 309 21 27
213 209 21 25
292 200 21 23
153 205 20 20
126 160 18 18
178 123 19 27
125 81 17 22
49 76 18 18
159 52 16 19
227 49 14 18
261 116 18 23
286 87 14 19
379 205 17 31
411 27 17 21
226 160 20 26
919 454 22 26
873 423 18 19
880 356 16 22
944 360 21 26
984 324 21 22
958 215 18 21
912 311 24 23
334 123 20 25
710 40 16 24
733 42 18 18
725 10 19 18
660 6 17 20
193 483 19 24
786 503 16 26
894 519 26 28
