82 56 31 37
198 84 28 35
316 88 31 39
446 70 31 38
550 99 26 35
673 119 30 33
725 58 30 41
779 118 31 36
726 147 34 42
638 162 29 32
554 162 31 33
456 152 31 33
427 212 31 39
518 246 31 32
455 282 36 33
578 269 35 37
607 218 32 36
678 215 32 37
751 224 32 35
658 277 30 35
725 284 32 33
812 324 32 40
880 289 32 39
109 140 33 34
202 141 30 37
284 125 33 37
368 138 33 37
83 239 32 39
180 221 33 43
268 210 33 37
356 228 33 36
145 363 37 41
261 376 38 42
282 282 32 37
369 288 31 35
391 361 37 45
483 355 34 42
938 366 33 36
792 401 31 33
708 385 32 39
593 361 37 47
