665 389 14 20
727 387 10 11
705 396 8 13
781 381 9 12
435 500 6 8
443 495 6 8
452 501 6 6
413 499 6 8
404 494 7 8
397 497 6 9
452 533 6 8
461 528 6 10
469 531 7 8
144 460 20 20
16 476 13 15
59 494 24 27
557 481 9 12
604 481 9 9
615 481 8 9
904 93 6 9
897 94 5 7
56 91 43 53
421 89 29 39
496 78 23 39
178 103 7 12
206 101 6 10
233 106 7 11
280 97 7 11
287 99 7 10
325 98 6 10
253 186 7 9
308 207 8 8
442 189 10 12
388 198 6 9
565 201 7 9
623 203 7 10
719 198 7 11
922 205 5 6
369 285 3 5
386 293 3 6
415 302 4 4
430 308 3 5
449 298 4 4
470 303 3 4
485 301 3 4
750 283 37 44
933 288 27 31
592 294 22 29
673 294 8 17
52 405 4 5
59 393 5 4
101 406 4 5
133 405 3 5
121 408 3 3
197 387 12 11
245 393 10 11
302 388 11 12
546 383 13 15
528 386 13 12
519 391 5 9
590 386 16 23
609 395 14 17
