416 275 14 22
432 284 7 13
439 280 10 13
445 280 22 22
480 281 10 12
489 274 13 19
514 296 12 11
528 293 10 10
543 279 11 16
552 278 12 18
571 282 15 14
591 276 9 8
620 287 11 17
637 276 10 12
659 283 17 17
672 279 10 14
689 282 10 11
739 298 16 19
743 279 12 14
764 287 11 9
781 300 15 14
805 289 9 11
818 275 11 14
845 288 15 14
782 288 9 7
793 283 11 13
858 289 9 12
874 293 11 9
886 290 12 11
905 294 11 10
919 284 9 11
595 293 10 11
649 280 7 8
89 298 16 15
135 291 13 15
149 297 17 16
165 281 13 15
227 294 15 15
249 292 10 15
242 280 10 12
214 297 7 10
270 290 9 12
281 288 13 15
306 294 12 9
327 286 14 17
348 276 13 11
372 285 9 11
384 268 10 15
396 277 10 17
407 278 10 14
